    0.0000     -7.9875
    0.0000     -7.9700
    0.0000     -7.9525
    0.0000     -7.9350
    0.0000     -7.9175
    0.0000     -7.9000
    0.0000     -7.8825
    0.0000     -7.8650
    0.0000     -7.8475
    0.0000     -7.8300
    0.0000     -7.8125
    0.0000     -7.7950
    0.0000     -7.7775
    0.0000     -7.7600
    0.0000     -7.7425
    0.0000     -7.7250
    0.0000     -7.7075
    0.0000     -7.6900
    0.0000     -7.6725
    0.0000     -7.6550
    0.0000     -7.6375
    0.0000     -7.6200
    0.0000     -7.6025
    0.0000     -7.5850
    0.0000     -7.5675
    0.0000     -7.5500
    0.0000     -7.5325
    0.0000     -7.5150
    0.0000     -7.4975
    0.0000     -7.4800
    0.0000     -7.4625
    0.0000     -7.4450
    0.0000     -7.4275
    0.0000     -7.4100
    0.0000     -7.3925
    0.0000     -7.3750
    0.0000     -7.3575
    0.0000     -7.3400
    0.0000     -7.3225
    0.0000     -7.3050
    0.0001     -7.2875
    0.0004     -7.2700
    0.0021     -7.2525
    0.0080     -7.2350
    0.0251     -7.2175
    0.0658     -7.2000
    0.1464     -7.1825
    0.2787     -7.1650
    0.4515     -7.1475
    0.6158     -7.1300
    0.7091     -7.1125
    0.7211     -7.0950
    0.7259     -7.0775
    0.8182     -7.0600
    1.0211     -7.0425
    1.2916     -7.0250
    1.6101     -7.0075
    2.0166     -6.9900
    2.5403     -6.9725
    3.1306     -6.9550
    3.6773     -6.9375
    4.0759     -6.9200
    4.2718     -6.9025
    4.2841     -6.8850
    4.2212     -6.8675
    4.2426     -6.8500
    4.4284     -6.8325
    4.6534     -6.8150
    4.6412     -6.7975
    4.1978     -6.7800
    3.3763     -6.7625
    2.4094     -6.7450
    1.5337     -6.7275
    0.8962     -6.7100
    0.5608     -6.6925
    0.5352     -6.6750
    0.7732     -6.6575
    1.1591     -6.6400
    1.5122     -6.6225
    1.6492     -6.6050
    1.4958     -6.5875
    1.1500     -6.5700
    0.8116     -6.5525
    0.6264     -6.5350
    0.5955     -6.5175
    0.6227     -6.5000
    0.6307     -6.4825
    0.6311     -6.4650
    0.6949     -6.4475
    0.8696     -6.4300
    1.1394     -6.4125
    1.4547     -6.3950
    1.7526     -6.3775
    1.9386     -6.3600
    1.9173     -6.3425
    1.7099     -6.3250
    1.5211     -6.3075
    1.6311     -6.2900
    2.2075     -6.2725
    3.2278     -6.2550
    4.5597     -6.2375
    6.0809     -6.2200
    7.7124     -6.2025
    9.3483     -6.1850
   10.8008     -6.1675
   11.8699     -6.1500
   12.4651     -6.1325
   12.6081     -6.1150
   12.3543     -6.0975
   11.8609     -6.0800
   11.5214     -6.0625
   11.8201     -6.0450
   12.9454     -6.0275
   14.6444     -6.0100
   16.4944     -5.9925
   18.2780     -5.9750
   20.1296     -5.9575
   22.3545     -5.9400
   25.0922     -5.9225
   28.1626     -5.9050
   31.1971     -5.8875
   33.8195     -5.8700
   35.7129     -5.8525
   36.6820     -5.8350
   36.7854     -5.8175
   36.3730     -5.8000
   35.9013     -5.7825
   35.6973     -5.7650
   35.9034     -5.7475
   36.5871     -5.7300
   37.8043     -5.7125
   39.4718     -5.6950
   41.2220     -5.6775
   42.5731     -5.6600
   43.3586     -5.6425
   43.9144     -5.6250
   44.7680     -5.6075
   46.1489     -5.5900
   47.7422     -5.5725
   48.8307     -5.5550
   48.7731     -5.5375
   47.5430     -5.5200
   45.8218     -5.5025
   44.4322     -5.4850
   43.6453     -5.4675
   43.0827     -5.4500
   42.2209     -5.4325
   40.8686     -5.4150
   39.1939     -5.3975
   37.4915     -5.3800
   36.0432     -5.3625
   35.0648     -5.3450
   34.6148     -5.3275
   34.5872     -5.3100
   34.8788     -5.2925
   35.5423     -5.2750
   36.7260     -5.2575
   38.4467     -5.2400
   40.4346     -5.2225
   42.2427     -5.2050
   43.5568     -5.1875
   44.4102     -5.1700
   45.0809     -5.1525
   45.7738     -5.1350
   46.4298     -5.1175
   46.8633     -5.1000
   47.0513     -5.0825
   47.1959     -5.0650
   47.4399     -5.0475
   47.5603     -5.0300
   47.0547     -5.0125
   45.5999     -4.9950
   43.4142     -4.9775
   41.1491     -4.9600
   39.4663     -4.9425
   38.7086     -4.9250
   38.8402     -4.9075
   39.5795     -4.8900
   40.5963     -4.8725
   41.6339     -4.8550
   42.4839     -4.8375
   42.9386     -4.8200
   42.9181     -4.8025
   42.6654     -4.7850
   42.6456     -4.7675
   43.1000     -4.7500
   43.7155     -4.7325
   43.8646     -4.7150
   43.2792     -4.6975
   42.4349     -4.6800
   42.1803     -4.6625
   43.0582     -4.6450
   45.0475     -4.6275
   47.8335     -4.6100
   51.1979     -4.5925
   55.1882     -4.5750
   59.9570     -4.5575
   65.3517     -4.5400
   70.5990     -4.5225
   74.5486     -4.5050
   76.4301     -4.4875
   76.3659     -4.4700
   75.1145     -4.4525
   73.4879     -4.4350
   72.0490     -4.4175
   71.0005     -4.4000
   69.9980     -4.3825
   68.1587     -4.3650
   64.6850     -4.3475
   59.7982     -4.3300
   54.9787     -4.3125
   51.9741     -4.2950
   51.4508     -4.2775
   52.6489     -4.2600
   54.1678     -4.2425
   54.8394     -4.2250
   54.0689     -4.2075
   51.9062     -4.1900
   49.0012     -4.1725
   46.2751     -4.1550
   44.4767     -4.1375
   44.0047     -4.1200
   44.9463     -4.1025
   47.0580     -4.0850
   49.7318     -4.0675
   52.2007     -4.0500
   53.9734     -4.0325
   55.0903     -4.0150
   55.8956     -3.9975
   56.6025     -3.9800
   57.1555     -3.9625
   57.4757     -3.9450
   57.7255     -3.9275
   58.2119     -3.9100
   58.9981     -3.8925
   59.7373     -3.8750
   60.0039     -3.8575
   59.7077     -3.8400
   59.0934     -3.8225
   58.4307     -3.8050
   57.7957     -3.7875
   57.0514     -3.7700
   55.9829     -3.7525
   54.5846     -3.7350
   53.2928     -3.7175
   52.8451     -3.7000
   53.8049     -3.6825
   56.1290     -3.6650
   59.1330     -3.6475
   61.9053     -3.6300
   63.8256     -3.6125
   64.7339     -3.5950
   64.7286     -3.5775
   63.9696     -3.5600
   62.6656     -3.5425
   61.1009     -3.5250
   59.5925     -3.5075
   58.3931     -3.4900
   57.6141     -3.4725
   57.2528     -3.4550
   57.3010     -3.4375
   57.7896     -3.4200
   58.6994     -3.4025
   59.8289     -3.3850
   60.7882     -3.3675
   61.2048     -3.3500
   61.0099     -3.3325
   60.5273     -3.3150
   60.2188     -3.2975
   60.2348     -3.2800
   60.1920     -3.2625
   59.5564     -3.2450
   58.3898     -3.2275
   57.6258     -3.2100
   58.4083     -3.1925
   61.0592     -3.1750
   64.7307     -3.1575
   68.1588     -3.1400
   70.7796     -3.1225
   73.0357     -3.1050
   75.5928     -3.0875
   78.3826     -3.0700
   80.4370     -3.0525
   80.5336     -3.0350
   78.0219     -3.0175
   73.2290     -3.0000
   67.1858     -2.9825
   60.9952     -2.9650
   55.4343     -2.9475
   50.8543     -2.9300
   47.0339     -2.9125
   43.1582     -2.8950
   38.3911     -2.8775
   32.6782     -2.8600
   26.8046     -2.8425
   21.6036     -2.8250
   17.3590     -2.8075
   14.0368     -2.7900
   11.7294     -2.7725
   10.5798     -2.7550
   10.4139     -2.7375
   10.6879     -2.7200
   10.8167     -2.7025
   10.5094     -2.6850
    9.8327     -2.6675
    9.0048     -2.6500
    8.1678     -2.6325
    7.3639     -2.6150
    6.6437     -2.5975
    6.0852     -2.5800
    5.7301     -2.5625
    5.5654     -2.5450
    5.5076     -2.5275
    5.3739     -2.5100
    5.0050     -2.4925
    4.4911     -2.4750
    4.1495     -2.4575
    4.2049     -2.4400
    4.5735     -2.4225
    4.9882     -2.4050
    5.2477     -2.3875
    5.2966     -2.3700
    5.1469     -2.3525
    4.8214     -2.3350
    4.3856     -2.3175
    3.9648     -2.3000
    3.6627     -2.2825
    3.4762     -2.2650
    3.3347     -2.2475
    3.2109     -2.2300
    3.1372     -2.2125
    3.1185     -2.1950
    3.0932     -2.1775
    3.0298     -2.1600
    3.0516     -2.1425
    3.3845     -2.1250
    4.0991     -2.1075
    4.9209     -2.0900
    5.3775     -2.0725
    5.1792     -2.0550
    4.4509     -2.0375
    3.6024     -2.0200
    2.9910     -2.0025
    2.7056     -1.9850
    2.6151     -1.9675
    2.5495     -1.9500
    2.4242     -1.9325
    2.2589     -1.9150
    2.1458     -1.8975
    2.2259     -1.8800
    2.6529     -1.8625
    3.4861     -1.8450
    4.5535     -1.8275
    5.4436     -1.8100
    5.7113     -1.7925
    5.1963     -1.7750
    4.2023     -1.7575
    3.3263     -1.7400
    3.0339     -1.7225
    3.3525     -1.7050
    3.9317     -1.6875
    4.3552     -1.6700
    4.4057     -1.6525
    4.1022     -1.6350
    3.5970     -1.6175
    3.1057     -1.6000
    2.8718     -1.5825
    3.0545     -1.5650
    3.5754     -1.5475
    4.1094     -1.5300
    4.3023     -1.5125
    4.0238     -1.4950
    3.4195     -1.4775
    2.7800     -1.4600
    2.3845     -1.4425
    2.3625     -1.4250
    2.6063     -1.4075
    2.8424     -1.3900
    2.8454     -1.3725
    2.5823     -1.3550
    2.1686     -1.3375
    1.7463     -1.3200
    1.4167     -1.3025
    1.2234     -1.2850
    1.1598     -1.2675
    1.2139     -1.2500
    1.4240     -1.2325
    1.8627     -1.2150
    2.5389     -1.1975
    3.3237     -1.1800
    4.0118     -1.1625
    4.4707     -1.1450
    4.7110     -1.1275
    4.8078     -1.1100
    4.8053     -1.0925
    4.7390     -1.0750
    4.6869     -1.0575
    4.7060     -1.0400
    4.7300     -1.0225
    4.6162     -1.0050
    4.3040     -0.9875
    3.8752     -0.9700
    3.4681     -0.9525
    3.1893     -0.9350
    3.0830     -0.9175
    3.1048     -0.9000
    3.1160     -0.8825
    2.9619     -0.8650
    2.5932     -0.8475
    2.1182     -0.8300
    1.7431     -0.8125
    1.6480     -0.7950
    1.8743     -0.7775
    2.2919     -0.7600
    2.6854     -0.7425
    2.9002     -0.7250
    2.9271     -0.7075
    2.8703     -0.6900
    2.8350     -0.6725
    2.8156     -0.6550
    2.6984     -0.6375
    2.3992     -0.6200
    1.9800     -0.6025
    1.6166     -0.5850
    1.4794     -0.5675
    1.6446     -0.5500
    2.0807     -0.5325
    2.6942     -0.5150
    3.3954     -0.4975
    4.1229     -0.4800
    4.8059     -0.4625
    5.3513     -0.4450
    5.7198     -0.4275
    5.9617     -0.4100
    6.0967     -0.3925
    6.0133     -0.3750
    5.5913     -0.3575
    4.8897     -0.3400
    4.1401     -0.3225
    3.5756     -0.3050
    3.2924     -0.2875
    3.2339     -0.2700
    3.2847     -0.2525
    3.4025     -0.2350
    3.6692     -0.2175
    4.1852     -0.2000
    4.8854     -0.1825
    5.4754     -0.1650
    5.6304     -0.1475
    5.3068     -0.1300
    4.7928     -0.1125
    4.3979     -0.0950
    4.1629     -0.0775
    3.9382     -0.0600
    3.6604     -0.0425
    3.4326     -0.0250
    3.3590     -0.0075
    3.4081      0.0100
    3.4524      0.0275
    3.3842      0.0450
    3.1981      0.0625
    3.0033      0.0800
    2.9332      0.0975
    3.0091      0.1150
    3.1132      0.1325
    3.1186      0.1500
    3.0442      0.1675
    3.0680      0.1850
    3.3470      0.2025
    3.8137      0.2200
    4.2110      0.2375
    4.3605      0.2550
    4.3332      0.2725
    4.3446      0.2900
    4.5800      0.3075
    5.1157      0.3250
    5.8611      0.3425
    6.5239      0.3600
    6.7699      0.3775
    6.5364      0.3950
    6.1483      0.4125
    6.0211      0.4300
    6.2478      0.4475
    6.5489      0.4650
    6.6145      0.4825
    6.4108      0.5000
    6.1554      0.5175
    6.0652      0.5350
    6.1499      0.5525
    6.2233      0.5700
    6.0828      0.5875
    5.6646      0.6050
    5.0736      0.6225
    4.5202      0.6400
    4.2129      0.6575
    4.2545      0.6750
    4.6078      0.6925
    5.1406      0.7100
    5.6834      0.7275
    6.0617      0.7450
    6.1378      0.7625
    5.8937      0.7800
    5.4705      0.7975
    5.0740      0.8150
    4.8213      0.8325
    4.6958      0.8500
    4.6560      0.8675
    4.7472      0.8850
    5.0344      0.9025
    5.4367      0.9200
    5.7435      0.9375
    5.8184      0.9550
    5.6786      0.9725
    5.3929      0.9900
    5.0337      1.0075
    4.7077      1.0250
    4.5264      1.0425
    4.5544      1.0600
    4.8070      1.0775
    5.2199      1.0950
    5.5870      1.1125
    5.6292      1.1300
    5.2212      1.1475
    4.5282      1.1650
    3.8683      1.1825
    3.4694      1.2000
    3.3821      1.2175
    3.5595      1.2350
    3.9426      1.2525
    4.4787      1.2700
    5.0980      1.2875
    5.6881      1.3050
    6.1014      1.3225
    6.2159      1.3400
    5.9955      1.3575
    5.5084      1.3750
    4.9184      1.3925
    4.4234      1.4100
    4.1140      1.4275
    3.8986      1.4450
    3.6719      1.4625
    3.5641      1.4800
    3.8872      1.4975
    4.7212      1.5150
    5.6280      1.5325
    5.9390      1.5500
    5.3648      1.5675
    4.2292      1.5850
    3.1028      1.6025
    2.3386      1.6200
    1.9888      1.6375
    2.0095      1.6550
    2.3993      1.6725
    3.1447      1.6900
    4.0944      1.7075
    4.9278      1.7250
    5.3042      1.7425
    5.1146      1.7600
    4.5991      1.7775
    4.1682      1.7950
    4.0695      1.8125
    4.2075      1.8300
    4.2691      1.8475
    4.0210      1.8650
    3.4963      1.8825
    2.9323      1.9000
    2.5772      1.9175
    2.5452      1.9350
    2.7722      1.9525
    3.0722      1.9700
    3.2788      1.9875
