    0.0000     -7.9930
    0.0000     -7.9735
    0.0000     -7.9540
    0.0000     -7.9345
    0.0000     -7.9150
    0.0000     -7.8955
    0.0000     -7.8760
    0.0000     -7.8565
    0.0000     -7.8370
    0.0000     -7.8175
    0.0000     -7.7980
    0.0000     -7.7785
    0.0000     -7.7590
    0.0000     -7.7395
    0.0000     -7.7200
    0.0000     -7.7005
    0.0000     -7.6810
    0.0000     -7.6615
    0.0000     -7.6420
    0.0000     -7.6225
    0.0000     -7.6030
    0.0000     -7.5835
    0.0000     -7.5640
    0.0000     -7.5445
    0.0000     -7.5250
    0.0000     -7.5055
    0.0000     -7.4860
    0.0000     -7.4665
    0.0000     -7.4470
    0.0000     -7.4275
    0.0000     -7.4080
    0.0000     -7.3885
    0.0000     -7.3690
    0.0000     -7.3495
    0.0000     -7.3300
    0.0000     -7.3105
    0.0000     -7.2910
    0.0000     -7.2715
    0.0000     -7.2520
    0.0001     -7.2325
    0.0004     -7.2130
    0.0014     -7.1935
    0.0042     -7.1740
    0.0100     -7.1545
    0.0197     -7.1350
    0.0310     -7.1155
    0.0398     -7.0960
    0.0448     -7.0765
    0.0523     -7.0570
    0.0691     -7.0375
    0.0921     -7.0180
    0.1096     -6.9985
    0.1170     -6.9790
    0.1321     -6.9595
    0.1898     -6.9400
    0.3158     -6.9205
    0.5114     -6.9010
    0.7644     -6.8815
    1.0319     -6.8620
    1.2038     -6.8425
    1.1696     -6.8230
    0.9686     -6.8035
    0.7790     -6.7840
    0.7140     -6.7645
    0.7165     -6.7450
    0.6807     -6.7255
    0.5846     -6.7060
    0.4678     -6.6865
    0.3558     -6.6670
    0.2527     -6.6475
    0.1641     -6.6280
    0.0981     -6.6085
    0.0609     -6.5890
    0.0534     -6.5695
    0.0663     -6.5500
    0.0819     -6.5305
    0.0832     -6.5110
    0.0664     -6.4915
    0.0417     -6.4720
    0.0232     -6.4525
    0.0227     -6.4330
    0.0588     -6.4135
    0.1716     -6.3940
    0.4092     -6.3745
    0.7524     -6.3550
    1.0488     -6.3355
    1.1023     -6.3160
    0.8761     -6.2965
    0.5353     -6.2770
    0.2641     -6.2575
    0.1182     -6.2380
    0.0576     -6.2185
    0.0347     -6.1990
    0.0270     -6.1795
    0.0256     -6.1600
    0.0253     -6.1405
    0.0244     -6.1210
    0.0241     -6.1015
    0.0265     -6.0820
    0.0319     -6.0625
    0.0382     -6.0430
    0.0428     -6.0235
    0.0444     -6.0040
    0.0447     -5.9845
    0.0463     -5.9650
    0.0504     -5.9455
    0.0561     -5.9260
    0.0615     -5.9065
    0.0665     -5.8870
    0.0739     -5.8675
    0.0862     -5.8480
    0.1013     -5.8285
    0.1131     -5.8090
    0.1181     -5.7895
    0.1199     -5.7700
    0.1253     -5.7505
    0.1347     -5.7310
    0.1415     -5.7115
    0.1427     -5.6920
    0.1430     -5.6725
    0.1481     -5.6530
    0.1567     -5.6335
    0.1633     -5.6140
    0.1667     -5.5945
    0.1709     -5.5750
    0.1802     -5.5555
    0.1927     -5.5360
    0.2008     -5.5165
    0.1983     -5.4970
    0.1879     -5.4775
    0.1812     -5.4580
    0.1876     -5.4385
    0.2058     -5.4190
    0.2298     -5.3995
    0.2608     -5.3800
    0.3005     -5.3605
    0.3372     -5.3410
    0.3537     -5.3215
    0.3518     -5.3020
    0.3501     -5.2825
    0.3572     -5.2630
    0.3635     -5.2435
    0.3607     -5.2240
    0.3536     -5.2045
    0.3493     -5.1850
    0.3483     -5.1655
    0.3489     -5.1460
    0.3505     -5.1265
    0.3513     -5.1070
    0.3535     -5.0875
    0.3630     -5.0680
    0.3788     -5.0485
    0.3889     -5.0290
    0.3847     -5.0095
    0.3735     -4.9900
    0.3677     -4.9705
    0.3663     -4.9510
    0.3571     -4.9315
    0.3340     -4.9120
    0.3074     -4.8925
    0.2919     -4.8730
    0.2891     -4.8535
    0.2867     -4.8340
    0.2741     -4.8145
    0.2520     -4.7950
    0.2288     -4.7755
    0.2125     -4.7560
    0.2043     -4.7365
    0.2002     -4.7170
    0.1964     -4.6975
    0.1919     -4.6780
    0.1884     -4.6585
    0.1896     -4.6390
    0.1958     -4.6195
    0.1987     -4.6000
    0.1910     -4.5805
    0.1782     -4.5610
    0.1736     -4.5415
    0.1828     -4.5220
    0.1987     -4.5025
    0.2094     -4.4830
    0.2110     -4.4635
    0.2109     -4.4440
    0.2213     -4.4245
    0.2508     -4.4050
    0.2992     -4.3855
    0.3555     -4.3660
    0.4001     -4.3465
    0.4134     -4.3270
    0.3875     -4.3075
    0.3323     -4.2880
    0.2712     -4.2685
    0.2270     -4.2490
    0.2117     -4.2295
    0.2232     -4.2100
    0.2464     -4.1905
    0.2631     -4.1710
    0.2644     -4.1515
    0.2570     -4.1320
    0.2551     -4.1125
    0.2659     -4.0930
    0.2851     -4.0735
    0.3036     -4.0540
    0.3152     -4.0345
    0.3188     -4.0150
    0.3191     -3.9955
    0.3263     -3.9760
    0.3460     -3.9565
    0.3698     -3.9370
    0.3810     -3.9175
    0.3720     -3.8980
    0.3534     -3.8785
    0.3430     -3.8590
    0.3502     -3.8395
    0.3703     -3.8200
    0.3917     -3.8005
    0.4035     -3.7810
    0.4004     -3.7615
    0.3832     -3.7420
    0.3610     -3.7225
    0.3482     -3.7030
    0.3533     -3.6835
    0.3705     -3.6640
    0.3852     -3.6445
    0.3888     -3.6250
    0.3840     -3.6055
    0.3768     -3.5860
    0.3672     -3.5665
    0.3538     -3.5470
    0.3405     -3.5275
    0.3332     -3.5080
    0.3316     -3.4885
    0.3288     -3.4690
    0.3190     -3.4495
    0.3035     -3.4300
    0.2898     -3.4105
    0.2872     -3.3910
    0.2975     -3.3715
    0.3111     -3.3520
    0.3173     -3.3325
    0.3150     -3.3130
    0.3093     -3.2935
    0.3026     -3.2740
    0.2956     -3.2545
    0.2906     -3.2350
    0.2898     -3.2155
    0.2934     -3.1960
    0.2994     -3.1765
    0.3041     -3.1570
    0.3023     -3.1375
    0.2878     -3.1180
    0.2579     -3.0985
    0.2198     -3.0790
    0.1876     -3.0595
    0.1687     -3.0400
    0.1593     -3.0205
    0.1535     -3.0010
    0.1498     -2.9815
    0.1477     -2.9620
    0.1451     -2.9425
    0.1410     -2.9230
    0.1348     -2.9035
    0.1242     -2.8840
    0.1074     -2.8645
    0.0883     -2.8450
    0.0756     -2.8255
    0.0768     -2.8060
    0.0930     -2.7865
    0.1151     -2.7670
    0.1279     -2.7475
    0.1236     -2.7280
    0.1067     -2.7085
    0.0856     -2.6890
    0.0653     -2.6695
    0.0489     -2.6500
    0.0380     -2.6305
    0.0317     -2.6110
    0.0273     -2.5915
    0.0250     -2.5720
    0.0287     -2.5525
    0.0398     -2.5330
    0.0539     -2.5135
    0.0694     -2.4940
    0.0967     -2.4745
    0.1494     -2.4550
    0.2207     -2.4355
    0.2780     -2.4160
    0.2882     -2.3965
    0.2471     -2.3770
    0.1812     -2.3575
    0.1266     -2.3380
    0.1070     -2.3185
    0.1261     -2.2990
    0.1664     -2.2795
    0.1963     -2.2600
    0.1910     -2.2405
    0.1549     -2.2210
    0.1138     -2.2015
    0.0871     -2.1820
    0.0799     -2.1625
    0.0994     -2.1430
    0.1576     -2.1235
    0.2615     -2.1040
    0.4330     -2.0845
    0.7490     -2.0650
    1.3277     -2.0455
    2.2415     -2.0260
    3.4419     -2.0065
    4.7575     -1.9870
    5.9512     -1.9675
    6.8201     -1.9480
    7.2496     -1.9285
    7.1379     -1.9090
    6.3859     -1.8895
    5.1086     -1.8700
    3.7140     -1.8505
    2.5850     -1.8310
    1.7948     -1.8115
    1.2200     -1.7920
    0.7862     -1.7725
    0.5065     -1.7530
    0.3740     -1.7335
    0.3258     -1.7140
    0.3083     -1.6945
    0.3188     -1.6750
    0.3690     -1.6555
    0.4449     -1.6360
    0.5200     -1.6165
    0.5852     -1.5970
    0.6435     -1.5775
    0.6946     -1.5580
    0.7753     -1.5385
    1.0008     -1.5190
    1.4421     -1.4995
    1.9372     -1.4800
    2.1894     -1.4605
    2.1170     -1.4410
    1.9279     -1.4215
    1.8192     -1.4020
    1.7955     -1.3825
    1.7875     -1.3630
    1.7693     -1.3435
    1.7226     -1.3240
    1.5825     -1.3045
    1.3021     -1.2850
    0.9629     -1.2655
    0.7303     -1.2460
    0.6771     -1.2265
    0.7316     -1.2070
    0.8384     -1.1875
    1.0998     -1.1680
    1.6331     -1.1485
    2.2640     -1.1290
    2.5526     -1.1095
    2.2798     -1.0900
    1.7417     -1.0705
    1.4208     -1.0510
    1.5174     -1.0315
    1.8574     -1.0120
    2.1137     -0.9925
    2.0974     -0.9730
    1.8776     -0.9535
    1.6153     -0.9340
    1.3627     -0.9145
    1.1031     -0.8950
    0.8856     -0.8755
    0.8060     -0.8560
    0.8893     -0.8365
    1.0494     -0.8170
    1.1602     -0.7975
    1.1567     -0.7780
    1.0731     -0.7585
    0.9749     -0.7390
    0.8835     -0.7195
    0.7943     -0.7000
    0.7203     -0.6805
    0.6734     -0.6610
    0.6351     -0.6415
    0.5834     -0.6220
    0.5273     -0.6025
    0.4954     -0.5830
    0.5025     -0.5635
    0.5286     -0.5440
    0.5285     -0.5245
    0.4761     -0.5050
    0.3940     -0.4855
    0.3325     -0.4660
    0.3255     -0.4465
    0.3558     -0.4270
    0.3658     -0.4075
    0.3176     -0.3880
    0.2366     -0.3685
    0.1811     -0.3490
    0.1840     -0.3295
    0.2396     -0.3100
    0.3274     -0.2905
    0.4261     -0.2710
    0.5071     -0.2515
    0.5416     -0.2320
    0.5333     -0.2125
    0.5211     -0.1930
    0.5348     -0.1735
    0.5614     -0.1540
    0.5569     -0.1345
    0.4879     -0.1150
    0.3696     -0.0955
    0.2517     -0.0760
    0.1678     -0.0565
    0.1147     -0.0370
    0.0782     -0.0175
    0.0570      0.0020
    0.0635      0.0215
    0.1084      0.0410
    0.1818      0.0605
    0.2475      0.0800
    0.2710      0.0995
    0.2561      0.1190
    0.2453      0.1385
    0.2765      0.1580
    0.3472      0.1775
    0.4224      0.1970
    0.4648      0.2165
    0.4465      0.2360
    0.3606      0.2555
    0.2398      0.2750
    0.1408      0.2945
    0.0998      0.3140
    0.1115      0.3335
    0.1433      0.3530
    0.1616      0.3725
    0.1548      0.3920
    0.1394      0.4115
    0.1378      0.4310
    0.1565      0.4505
    0.1876      0.4700
    0.2203      0.4895
    0.2483      0.5090
    0.2757      0.5285
    0.3124      0.5480
    0.3547      0.5675
    0.3800      0.5870
    0.3757      0.6065
    0.3589      0.6260
    0.3492      0.6455
    0.3379      0.6650
    0.3100      0.6845
    0.2824      0.7040
    0.2848      0.7235
    0.3152      0.7430
    0.3431      0.7625
    0.3530      0.7820
    0.3561      0.8015
    0.3559      0.8210
    0.3326      0.8405
    0.2720      0.8600
    0.1903      0.8795
    0.1205      0.8990
    0.0838      0.9185
    0.0815      0.9380
    0.1011      0.9575
    0.1257      0.9770
    0.1423      0.9965
    0.1504      1.0160
    0.1613      1.0355
    0.1844      1.0550
    0.2129      1.0745
    0.2263      1.0940
    0.2128      1.1135
    0.1860      1.1330
    0.1712      1.1525
    0.1753      1.1720
    0.1806      1.1915
    0.1713      1.2110
    0.1581      1.2305
    0.1644      1.2500
    0.1950      1.2695
    0.2323      1.2890
    0.2632      1.3085
    0.2879      1.3280
    0.3022      1.3475
    0.3013      1.3670
    0.3050      1.3865
    0.3442      1.4060
    0.4101      1.4255
    0.4507      1.4450
    0.4292      1.4645
    0.3593      1.4840
    0.2763      1.5035
    0.2016      1.5230
    0.1454      1.5425
    0.1198      1.5620
    0.1306      1.5815
    0.1628      1.6010
    0.1897      1.6205
    0.1987      1.6400
    0.1995      1.6595
    0.2034      1.6790
    0.2068      1.6985
    0.2044      1.7180
    0.2072      1.7375
    0.2309      1.7570
    0.2682      1.7765
    0.2910      1.7960
    0.2804      1.8155
    0.2423      1.8350
    0.1945      1.8545
    0.1545      1.8740
    0.1372      1.8935
    0.1511      1.9130
    0.1909      1.9325
    0.2365      1.9520
    0.2609      1.9715
    0.2502      1.9910
