    0.4844     -8.0000
    0.3402     -7.9800
    0.2998     -7.9600
    0.4621     -7.9400
    0.7944     -7.9200
    1.1232     -7.9000
    1.2727     -7.8800
    1.2644     -7.8600
    1.2787     -7.8400
    1.3593     -7.8200
    1.3144     -7.8000
    1.0107     -7.7800
    0.5839     -7.7600
    0.2605     -7.7400
    0.1384     -7.7200
    0.2058     -7.7000
    0.4206     -7.6800
    0.7015     -7.6600
    0.9579     -7.6400
    1.2613     -7.6200
    2.0032     -7.6000
    3.8269     -7.5800
    7.1672     -7.5600
   11.5208     -7.5400
   15.3529     -7.5200
   17.3117     -7.5000
   17.4754     -7.4800
   16.7544     -7.4600
   15.2196     -7.4400
   12.1917     -7.4200
    7.9831     -7.4000
    4.1112     -7.3800
    1.7266     -7.3600
    0.8472     -7.3400
    0.9127     -7.3200
    1.3401     -7.3000
    1.6774     -7.2800
    1.7187     -7.2600
    1.5685     -7.2400
    1.4797     -7.2200
    1.6082     -7.2000
    1.9055     -7.1800
    2.1963     -7.1600
    2.3321     -7.1400
    2.2832     -7.1200
    2.1569     -7.1000
    2.1743     -7.0800
    2.4832     -7.0600
    2.8899     -7.0400
    2.9337     -7.0200
    2.3806     -7.0000
    1.5288     -6.9800
    0.9077     -6.9600
    0.7883     -6.9400
    1.0334     -6.9200
    1.2747     -6.9000
    1.2355     -6.8800
    1.0003     -6.8600
    0.9882     -6.8400
    1.6303     -6.8200
    2.9736     -6.8000
    4.4911     -6.7800
    5.4395     -6.7600
    5.5117     -6.7400
    4.9259     -6.7200
    4.0099     -6.7000
    3.0641     -6.6800
    2.3903     -6.6600
    2.1243     -6.6400
    2.2042     -6.6200
    2.5554     -6.6000
    3.1748     -6.5800
    4.0993     -6.5600
    5.3768     -6.5400
    7.0427     -6.5200
    9.0969     -6.5000
   11.3511     -6.4800
   13.1912     -6.4600
   13.7549     -6.4400
   12.7028     -6.4200
   10.7912     -6.4000
    9.3324     -6.3800
    8.9895     -6.3600
    9.3880     -6.3400
    9.8522     -6.3200
   10.1314     -6.3000
   10.4467     -6.2800
   11.2490     -6.2600
   12.9840     -6.2400
   15.6118     -6.2200
   18.1333     -6.2000
   19.0967     -6.1800
   17.9978     -6.1600
   15.8160     -6.1400
   13.9224     -6.1200
   12.9680     -6.1000
   12.9369     -6.0800
   13.5672     -6.0600
   14.4406     -6.0400
   15.1720     -6.0200
   15.7757     -6.0000
   16.5896     -5.9800
   17.7534     -5.9600
   18.9169     -5.9400
   19.5263     -5.9200
   19.4330     -5.9000
   19.1956     -5.8800
   19.6483     -5.8600
   21.2429     -5.8400
   23.7893     -5.8200
   26.5280     -5.8000
   28.6071     -5.7800
   29.7666     -5.7600
   30.2384     -5.7400
   30.0668     -5.7200
   29.1763     -5.7000
   27.9790     -5.6800
   27.2652     -5.6600
   27.4111     -5.6400
   27.8395     -5.6200
   27.4004     -5.6000
   25.6377     -5.5800
   23.5606     -5.5600
   22.7310     -5.5400
   23.7805     -5.5200
   25.9519     -5.5000
   27.7297     -5.4800
   27.9855     -5.4600
   26.7992     -5.4400
   25.1296     -5.4200
   23.8587     -5.4000
   23.3450     -5.3800
   23.4836     -5.3600
   23.9180     -5.3400
   24.2410     -5.3200
   23.8847     -5.3000
   22.2669     -5.2800
   19.5828     -5.2600
   16.9117     -5.2400
   15.1676     -5.2200
   14.3979     -5.2000
   14.1450     -5.1800
   14.1698     -5.1600
   14.8513     -5.1400
   16.8730     -5.1200
   20.2897     -5.1000
   24.1191     -5.0800
   27.2419     -5.0600
   29.3791     -5.0400
   30.8613     -5.0200
   31.8332     -5.0000
   32.0069     -4.9800
   31.0172     -4.9600
   29.0121     -4.9400
   27.0585     -4.9200
   26.3560     -4.9000
   26.6960     -4.8800
   26.7093     -4.8600
   25.9855     -4.8400
   25.8006     -4.8200
   27.3664     -4.8000
   30.3644     -4.7800
   33.5524     -4.7600
   35.8717     -4.7400
   36.6005     -4.7200
   35.2915     -4.7000
   32.1631     -4.6800
   28.3186     -4.6600
   25.3130     -4.6400
   24.1754     -4.6200
   24.5393     -4.6000
   25.0172     -4.5800
   24.5984     -4.5600
   23.4842     -4.5400
   22.7690     -4.5200
   23.5006     -4.5000
   25.8223     -4.4800
   28.9196     -4.4600
   31.7529     -4.4400
   33.6827     -4.4200
   34.5951     -4.4000
   34.8239     -4.3800
   34.9437     -4.3600
   35.6282     -4.3400
   37.4753     -4.3200
   40.1069     -4.3000
   41.7715     -4.2800
   41.2290     -4.2600
   39.5569     -4.2400
   38.7540     -4.2200
   39.3017     -4.2000
   40.2476     -4.1800
   41.0133     -4.1600
   42.1454     -4.1400
   44.3539     -4.1200
   47.4691     -4.1000
   50.6806     -4.0800
   53.2177     -4.0600
   54.4836     -4.0400
   54.4325     -4.0200
   54.3127     -4.0000
   56.1190     -3.9800
   60.3672     -3.9600
   64.5347     -3.9400
   64.7248     -3.9200
   59.5521     -3.9000
   51.5805     -3.8800
   44.5532     -3.8600
   40.4769     -3.8400
   39.4878     -3.8200
   40.8430     -3.8000
   43.4146     -3.7800
   45.9313     -3.7600
   47.0718     -3.7400
   45.7917     -3.7200
   42.4041     -3.7000
   38.8344     -3.6800
   36.7777     -3.6600
   36.0857     -3.6400
   35.5592     -3.6200
   34.6267     -3.6000
   33.7240     -3.5800
   33.4961     -3.5600
   34.1038     -3.5400
   35.0897     -3.5200
   35.4426     -3.5000
   34.0782     -3.4800
   30.9958     -3.4600
   27.7763     -3.4400
   26.3243     -3.4200
   27.2035     -3.4000
   29.5187     -3.3800
   32.2580     -3.3600
   35.1855     -3.3400
   38.3485     -3.3200
   41.4801     -3.3000
   44.1171     -3.2800
   45.8191     -3.2600
   46.4331     -3.2400
   46.3546     -3.2200
   45.9426     -3.2000
   44.6492     -3.1800
   41.6053     -3.1600
   37.1637     -3.1400
   33.1835     -3.1200
   31.6334     -3.1000
   32.9401     -3.0800
   35.6438     -3.0600
   37.8087     -3.0400
   38.5799     -3.0200
   38.0658     -3.0000
   36.4090     -2.9800
   33.9144     -2.9600
   31.6752     -2.9400
   31.0574     -2.9200
   32.4455     -2.9000
   34.9070     -2.8800
   37.0254     -2.8600
   37.6908     -2.8400
   36.5477     -2.8200
   34.7096     -2.8000
   34.4282     -2.7800
   36.7166     -2.7600
   40.0039     -2.7400
   42.0654     -2.7200
   42.4815     -2.7000
   42.4979     -2.6800
   43.0540     -2.6600
   43.9600     -2.6400
   44.8178     -2.6200
   45.4632     -2.6000
   45.4658     -2.5800
   44.2774     -2.5600
   42.1224     -2.5400
   40.3046     -2.5200
   40.2291     -2.5000
   42.0112     -2.4800
   44.2376     -2.4600
   45.1159     -2.4400
   43.7755     -2.4200
   40.7247     -2.4000
   37.3898     -2.3800
   35.1469     -2.3600
   34.4499     -2.3400
   34.7364     -2.3200
   35.2033     -2.3000
   35.4845     -2.2800
   35.5955     -2.2600
   35.6800     -2.2400
   35.9189     -2.2200
   36.4514     -2.2000
   37.3692     -2.1800
   38.7644     -2.1600
   40.5397     -2.1400
   42.4050     -2.1200
   44.4975     -2.1000
   47.4175     -2.0800
   51.0415     -2.0600
   54.2222     -2.0400
   56.2268     -2.0200
   57.3275     -2.0000
   57.7588     -1.9800
   57.2381     -1.9600
   55.3606     -1.9400
   51.7781     -1.9200
   46.7479     -1.9000
   41.8543     -1.8800
   38.8523     -1.8600
   37.5044     -1.8400
   36.0254     -1.8200
   33.5990     -1.8000
   30.9561     -1.7800
   28.8175     -1.7600
   27.1298     -1.7400
   25.5717     -1.7200
   23.9642     -1.7000
   22.2271     -1.6800
   20.1256     -1.6600
   17.2420     -1.6400
   13.5821     -1.6200
    9.9961     -1.6000
    7.4453     -1.5800
    6.0642     -1.5600
    5.3756     -1.5400
    5.1452     -1.5200
    5.5748     -1.5000
    6.6912     -1.4800
    7.8637     -1.4600
    8.2039     -1.4400
    7.4613     -1.4200
    6.2377     -1.4000
    5.1905     -1.3800
    4.4117     -1.3600
    3.7408     -1.3400
    3.2143     -1.3200
    3.0320     -1.3000
    3.3403     -1.2800
    4.0116     -1.2600
    4.5423     -1.2400
    4.4436     -1.2200
    3.8639     -1.2000
    3.5350     -1.1800
    4.0018     -1.1600
    5.1003     -1.1400
    6.1834     -1.1200
    6.7467     -1.1000
    6.8015     -1.0800
    6.5735     -1.0600
    6.0433     -1.0400
    5.1521     -1.0200
    4.2590     -1.0000
    3.9819     -0.9800
    4.6397     -0.9600
    5.8916     -0.9400
    6.8210     -0.9200
    6.6569     -0.9000
    5.5684     -0.8800
    4.4093     -0.8600
    3.7800     -0.8400
    3.7788     -0.8200
    4.3452     -0.8000
    5.2870     -0.7800
    6.1738     -0.7600
    6.5587     -0.7400
    6.2580     -0.7200
    5.4557     -0.7000
    4.7143     -0.6800
    4.6761     -0.6600
    5.4184     -0.6400
    6.2782     -0.6200
    6.5879     -0.6000
    6.3361     -0.5800
    5.9586     -0.5600
    5.8085     -0.5400
    5.9155     -0.5200
    6.0464     -0.5000
    5.9180     -0.4800
    5.3812     -0.4600
    4.5392     -0.4400
    3.7226     -0.4200
    3.1778     -0.4000
    2.8470     -0.3800
    2.6405     -0.3600
    2.7433     -0.3400
    3.3994     -0.3200
    4.5032     -0.3000
    5.5976     -0.2800
    6.3124     -0.2600
    6.7294     -0.2400
    7.1547     -0.2200
    7.6023     -0.2000
    7.8423     -0.1800
    7.9385     -0.1600
    8.2536     -0.1400
    8.8305     -0.1200
    9.2775     -0.1000
    9.3590     -0.0800
    9.2032     -0.0600
    8.8932     -0.0400
    8.3980     -0.0200
    7.9397      0.0000
    7.8708      0.0200
    8.1656      0.0400
    8.4383      0.0600
    8.3182      0.0800
    7.6362      0.1000
    6.5702      0.1200
    5.6832      0.1400
    5.5342      0.1600
    6.1125      0.1800
    6.7469      0.2000
    6.7133      0.2200
    5.8788      0.2400
    4.6485      0.2600
    3.4775      0.2800
    2.6262      0.3000
    2.2266      0.3200
    2.3908      0.3400
    3.1573      0.3600
    4.2893      0.3800
    5.3211      0.4000
    5.9688      0.4200
    6.3622      0.4400
    6.7669      0.4600
    7.1628      0.4800
    7.2540      0.5000
    6.9131      0.5200
    6.3827      0.5400
    5.9510      0.5600
    5.6024      0.5800
    5.1224      0.6000
    4.4764      0.6200
    3.8817      0.6400
    3.6211      0.6600
    3.9746      0.6800
    5.0084      0.7000
    6.2526      0.7200
    7.0149      0.7400
    7.1495      0.7600
    7.1054      0.7800
    7.1231      0.8000
    6.8160      0.8200
    5.7399      0.8400
    4.0849      0.8600
    2.5909      0.8800
    1.9086      0.9000
    2.1460      0.9200
    2.9119      0.9400
    3.6698      0.9600
    4.0416      0.9800
    3.9260      1.0000
    3.5922      1.0200
    3.5871      1.0400
    4.1757      1.0600
    4.9090      1.0800
    5.1050      1.1000
    4.6928      1.1200
    4.2720      1.1400
    4.4473      1.1600
    5.2907      1.1800
    6.2409      1.2000
    6.4527      1.2200
    5.5354      1.2400
    3.9813      1.2600
    2.6755      1.2800
    2.1114      1.3000
    2.1713      1.3200
    2.4487      1.3400
    2.6614      1.3600
    2.7883      1.3800
    2.8994      1.4000
    3.0251      1.4200
    3.2409      1.4400
    3.7311      1.4600
    4.6304      1.4800
    5.7939      1.5000
    6.7504      1.5200
    6.9404      1.5400
    6.1197      1.5600
    4.6392      1.5800
    3.3168      1.6000
    2.8701      1.6200
    3.3946      1.6400
    4.4232      1.6600
    5.3771      1.6800
    5.9065      1.7000
    5.9864      1.7200
    5.8227      1.7400
    5.6726      1.7600
    5.6636      1.7800
    5.6364      1.8000
    5.2872      1.8200
    4.6039      1.8400
    3.9518      1.8600
    3.6101      1.8800
    3.4502      1.9000
    3.2044      1.9200
    2.8858      1.9400
    2.7769      1.9600
    3.0672      1.9800
    3.6134      2.0000
