    0.0064     -8.0000
    0.0059     -7.9875
    0.0077     -7.9750
    0.0109     -7.9625
    0.0144     -7.9500
    0.0172     -7.9375
    0.0182     -7.9250
    0.0175     -7.9125
    0.0156     -7.9000
    0.0137     -7.8875
    0.0130     -7.8750
    0.0144     -7.8625
    0.0176     -7.8500
    0.0219     -7.8375
    0.0264     -7.8250
    0.0299     -7.8125
    0.0318     -7.8000
    0.0317     -7.7875
    0.0294     -7.7750
    0.0253     -7.7625
    0.0200     -7.7500
    0.0143     -7.7375
    0.0092     -7.7250
    0.0055     -7.7125
    0.0032     -7.7000
    0.0023     -7.6875
    0.0023     -7.6750
    0.0031     -7.6625
    0.0041     -7.6500
    0.0050     -7.6375
    0.0054     -7.6250
    0.0053     -7.6125
    0.0050     -7.6000
    0.0048     -7.5875
    0.0052     -7.5750
    0.0067     -7.5625
    0.0094     -7.5500
    0.0131     -7.5375
    0.0177     -7.5250
    0.0224     -7.5125
    0.0267     -7.5000
    0.0296     -7.4875
    0.0307     -7.4750
    0.0297     -7.4625
    0.0272     -7.4500
    0.0245     -7.4375
    0.0227     -7.4250
    0.0224     -7.4125
    0.0234     -7.4000
    0.0246     -7.3875
    0.0249     -7.3750
    0.0239     -7.3625
    0.0213     -7.3500
    0.0176     -7.3375
    0.0135     -7.3250
    0.0098     -7.3125
    0.0073     -7.3000
    0.0065     -7.2875
    0.0078     -7.2750
    0.0111     -7.2625
    0.0159     -7.2500
    0.0208     -7.2375
    0.0248     -7.2250
    0.0267     -7.2125
    0.0266     -7.2000
    0.0250     -7.1875
    0.0234     -7.1750
    0.0226     -7.1625
    0.0228     -7.1500
    0.0234     -7.1375
    0.0235     -7.1250
    0.0226     -7.1125
    0.0205     -7.1000
    0.0176     -7.0875
    0.0148     -7.0750
    0.0132     -7.0625
    0.0133     -7.0500
    0.0153     -7.0375
    0.0186     -7.0250
    0.0222     -7.0125
    0.0249     -7.0000
    0.0259     -6.9875
    0.0247     -6.9750
    0.0218     -6.9625
    0.0177     -6.9500
    0.0135     -6.9375
    0.0100     -6.9250
    0.0075     -6.9125
    0.0061     -6.9000
    0.0053     -6.8875
    0.0050     -6.8750
    0.0049     -6.8625
    0.0051     -6.8500
    0.0059     -6.8375
    0.0076     -6.8250
    0.0100     -6.8125
    0.0133     -6.8000
    0.0171     -6.7875
    0.0208     -6.7750
    0.0238     -6.7625
    0.0260     -6.7500
    0.0275     -6.7375
    0.0288     -6.7250
    0.0299     -6.7125
    0.0307     -6.7000
    0.0306     -6.6875
    0.0290     -6.6750
    0.0257     -6.6625
    0.0212     -6.6500
    0.0163     -6.6375
    0.0119     -6.6250
    0.0088     -6.6125
    0.0073     -6.6000
    0.0072     -6.5875
    0.0081     -6.5750
    0.0096     -6.5625
    0.0116     -6.5500
    0.0137     -6.5375
    0.0161     -6.5250
    0.0189     -6.5125
    0.0225     -6.5000
    0.0272     -6.4875
    0.0331     -6.4750
    0.0400     -6.4625
    0.0472     -6.4500
    0.0537     -6.4375
    0.0585     -6.4250
    0.0608     -6.4125
    0.0603     -6.4000
    0.0574     -6.3875
    0.0530     -6.3750
    0.0483     -6.3625
    0.0442     -6.3500
    0.0409     -6.3375
    0.0379     -6.3250
    0.0349     -6.3125
    0.0319     -6.3000
    0.0296     -6.2875
    0.0289     -6.2750
    0.0306     -6.2625
    0.0346     -6.2500
    0.0403     -6.2375
    0.0471     -6.2250
    0.0540     -6.2125
    0.0605     -6.2000
    0.0662     -6.1875
    0.0708     -6.1750
    0.0745     -6.1625
    0.0774     -6.1500
    0.0795     -6.1375
    0.0810     -6.1250
    0.0812     -6.1125
    0.0797     -6.1000
    0.0760     -6.0875
    0.0706     -6.0750
    0.0649     -6.0625
    0.0606     -6.0500
    0.0591     -6.0375
    0.0604     -6.0250
    0.0638     -6.0125
    0.0681     -6.0000
    0.0725     -5.9875
    0.0763     -5.9750
    0.0790     -5.9625
    0.0801     -5.9500
    0.0793     -5.9375
    0.0767     -5.9250
    0.0727     -5.9125
    0.0680     -5.9000
    0.0634     -5.8875
    0.0596     -5.8750
    0.0574     -5.8625
    0.0572     -5.8500
    0.0590     -5.8375
    0.0625     -5.8250
    0.0667     -5.8125
    0.0710     -5.8000
    0.0745     -5.7875
    0.0767     -5.7750
    0.0779     -5.7625
    0.0784     -5.7500
    0.0791     -5.7375
    0.0804     -5.7250
    0.0826     -5.7125
    0.0850     -5.7000
    0.0870     -5.6875
    0.0878     -5.6750
    0.0869     -5.6625
    0.0844     -5.6500
    0.0806     -5.6375
    0.0758     -5.6250
    0.0707     -5.6125
    0.0659     -5.6000
    0.0620     -5.5875
    0.0597     -5.5750
    0.0591     -5.5625
    0.0597     -5.5500
    0.0607     -5.5375
    0.0609     -5.5250
    0.0601     -5.5125
    0.0588     -5.5000
    0.0582     -5.4875
    0.0595     -5.4750
    0.0634     -5.4625
    0.0701     -5.4500
    0.0794     -5.4375
    0.0911     -5.4250
    0.1049     -5.4125
    0.1199     -5.4000
    0.1350     -5.3875
    0.1486     -5.3750
    0.1599     -5.3625
    0.1691     -5.3500
    0.1771     -5.3375
    0.1844     -5.3250
    0.1906     -5.3125
    0.1947     -5.3000
    0.1963     -5.2875
    0.1971     -5.2750
    0.1993     -5.2625
    0.2047     -5.2500
    0.2134     -5.2375
    0.2235     -5.2250
    0.2326     -5.2125
    0.2388     -5.2000
    0.2410     -5.1875
    0.2387     -5.1750
    0.2322     -5.1625
    0.2223     -5.1500
    0.2108     -5.1375
    0.1995     -5.1250
    0.1893     -5.1125
    0.1802     -5.1000
    0.1714     -5.0875
    0.1623     -5.0750
    0.1532     -5.0625
    0.1455     -5.0500
    0.1411     -5.0375
    0.1414     -5.0250
    0.1465     -5.0125
    0.1546     -5.0000
    0.1631     -4.9875
    0.1696     -4.9750
    0.1729     -4.9625
    0.1730     -4.9500
    0.1703     -4.9375
    0.1654     -4.9250
    0.1584     -4.9125
    0.1494     -4.9000
    0.1389     -4.8875
    0.1280     -4.8750
    0.1184     -4.8625
    0.1119     -4.8500
    0.1096     -4.8375
    0.1118     -4.8250
    0.1179     -4.8125
    0.1265     -4.8000
    0.1359     -4.7875
    0.1445     -4.7750
    0.1516     -4.7625
    0.1572     -4.7500
    0.1622     -4.7375
    0.1674     -4.7250
    0.1730     -4.7125
    0.1785     -4.7000
    0.1823     -4.6875
    0.1831     -4.6750
    0.1797     -4.6625
    0.1713     -4.6500
    0.1587     -4.6375
    0.1433     -4.6250
    0.1279     -4.6125
    0.1151     -4.6000
    0.1066     -4.5875
    0.1027     -4.5750
    0.1019     -4.5625
    0.1019     -4.5500
    0.1002     -4.5375
    0.0954     -4.5250
    0.0878     -4.5125
    0.0787     -4.5000
    0.0704     -4.4875
    0.0641     -4.4750
    0.0604     -4.4625
    0.0591     -4.4500
    0.0599     -4.4375
    0.0626     -4.4250
    0.0670     -4.4125
    0.0727     -4.4000
    0.0786     -4.3875
    0.0836     -4.3750
    0.0870     -4.3625
    0.0890     -4.3500
    0.0905     -4.3375
    0.0925     -4.3250
    0.0958     -4.3125
    0.1008     -4.3000
    0.1069     -4.2875
    0.1135     -4.2750
    0.1201     -4.2625
    0.1259     -4.2500
    0.1303     -4.2375
    0.1323     -4.2250
    0.1310     -4.2125
    0.1265     -4.2000
    0.1201     -4.1875
    0.1137     -4.1750
    0.1095     -4.1625
    0.1083     -4.1500
    0.1095     -4.1375
    0.1119     -4.1250
    0.1136     -4.1125
    0.1135     -4.1000
    0.1112     -4.0875
    0.1074     -4.0750
    0.1029     -4.0625
    0.0992     -4.0500
    0.0974     -4.0375
    0.0985     -4.0250
    0.1026     -4.0125
    0.1095     -4.0000
    0.1187     -3.9875
    0.1298     -3.9750
    0.1426     -3.9625
    0.1569     -3.9500
    0.1721     -3.9375
    0.1874     -3.9250
    0.2021     -3.9125
    0.2161     -3.9000
    0.2295     -3.8875
    0.2422     -3.8750
    0.2527     -3.8625
    0.2587     -3.8500
    0.2577     -3.8375
    0.2490     -3.8250
    0.2336     -3.8125
    0.2148     -3.8000
    0.1960     -3.7875
    0.1801     -3.7750
    0.1685     -3.7625
    0.1616     -3.7500
    0.1592     -3.7375
    0.1612     -3.7250
    0.1670     -3.7125
    0.1759     -3.7000
    0.1864     -3.6875
    0.1966     -3.6750
    0.2053     -3.6625
    0.2123     -3.6500
    0.2184     -3.6375
    0.2244     -3.6250
    0.2304     -3.6125
    0.2354     -3.6000
    0.2383     -3.5875
    0.2383     -3.5750
    0.2355     -3.5625
    0.2308     -3.5500
    0.2256     -3.5375
    0.2212     -3.5250
    0.2192     -3.5125
    0.2209     -3.5000
    0.2279     -3.4875
    0.2416     -3.4750
    0.2625     -3.4625
    0.2894     -3.4500
    0.3190     -3.4375
    0.3461     -3.4250
    0.3656     -3.4125
    0.3743     -3.4000
    0.3720     -3.3875
    0.3615     -3.3750
    0.3467     -3.3625
    0.3312     -3.3500
    0.3171     -3.3375
    0.3057     -3.3250
    0.2980     -3.3125
    0.2944     -3.3000
    0.2942     -3.2875
    0.2950     -3.2750
    0.2939     -3.2625
    0.2892     -3.2500
    0.2812     -3.2375
    0.2731     -3.2250
    0.2695     -3.2125
    0.2752     -3.2000
    0.2930     -3.1875
    0.3229     -3.1750
    0.3612     -3.1625
    0.4021     -3.1500
    0.4386     -3.1375
    0.4647     -3.1250
    0.4764     -3.1125
    0.4728     -3.1000
    0.4566     -3.0875
    0.4339     -3.0750
    0.4119     -3.0625
    0.3967     -3.0500
    0.3915     -3.0375
    0.3962     -3.0250
    0.4089     -3.0125
    0.4277     -3.0000
    0.4503     -2.9875
    0.4743     -2.9750
    0.4963     -2.9625
    0.5125     -2.9500
    0.5199     -2.9375
    0.5176     -2.9250
    0.5070     -2.9125
    0.4904     -2.9000
    0.4706     -2.8875
    0.4497     -2.8750
    0.4287     -2.8625
    0.4075     -2.8500
    0.3855     -2.8375
    0.3628     -2.8250
    0.3411     -2.8125
    0.3237     -2.8000
    0.3145     -2.7875
    0.3151     -2.7750
    0.3233     -2.7625
    0.3337     -2.7500
    0.3400     -2.7375
    0.3388     -2.7250
    0.3309     -2.7125
    0.3199     -2.7000
    0.3102     -2.6875
    0.3048     -2.6750
    0.3050     -2.6625
    0.3104     -2.6500
    0.3193     -2.6375
    0.3292     -2.6250
    0.3371     -2.6125
    0.3409     -2.6000
    0.3402     -2.5875
    0.3364     -2.5750
    0.3318     -2.5625
    0.3283     -2.5500
    0.3261     -2.5375
    0.3237     -2.5250
    0.3188     -2.5125
    0.3094     -2.5000
    0.2955     -2.4875
    0.2793     -2.4750
    0.2648     -2.4625
    0.2565     -2.4500
    0.2579     -2.4375
    0.2706     -2.4250
    0.2932     -2.4125
    0.3210     -2.4000
    0.3476     -2.3875
    0.3671     -2.3750
    0.3774     -2.3625
    0.3815     -2.3500
    0.3867     -2.3375
    0.4004     -2.3250
    0.4254     -2.3125
    0.4581     -2.3000
    0.4897     -2.2875
    0.5112     -2.2750
    0.5169     -2.2625
    0.5070     -2.2500
    0.4867     -2.2375
    0.4634     -2.2250
    0.4429     -2.2125
    0.4279     -2.2000
    0.4183     -2.1875
    0.4124     -2.1750
    0.4092     -2.1625
    0.4088     -2.1500
    0.4117     -2.1375
    0.4186     -2.1250
    0.4284     -2.1125
    0.4377     -2.1000
    0.4410     -2.0875
    0.4334     -2.0750
    0.4128     -2.0625
    0.3825     -2.0500
    0.3497     -2.0375
    0.3225     -2.0250
    0.3060     -2.0125
    0.3007     -2.0000
    0.3032     -1.9875
    0.3086     -1.9750
    0.3124     -1.9625
    0.3118     -1.9500
    0.3058     -1.9375
    0.2946     -1.9250
    0.2798     -1.9125
    0.2641     -1.9000
    0.2510     -1.8875
    0.2434     -1.8750
    0.2424     -1.8625
    0.2475     -1.8500
    0.2569     -1.8375
    0.2690     -1.8250
    0.2832     -1.8125
    0.2997     -1.8000
    0.3180     -1.7875
    0.3371     -1.7750
    0.3550     -1.7625
    0.3689     -1.7500
    0.3753     -1.7375
    0.3708     -1.7250
    0.3539     -1.7125
    0.3263     -1.7000
    0.2937     -1.6875
    0.2644     -1.6750
    0.2460     -1.6625
    0.2430     -1.6500
    0.2553     -1.6375
    0.2776     -1.6250
    0.3020     -1.6125
    0.3203     -1.6000
    0.3271     -1.5875
    0.3215     -1.5750
    0.3074     -1.5625
    0.2925     -1.5500
    0.2878     -1.5375
    0.3071     -1.5250
    0.3646     -1.5125
    0.4699     -1.5000
    0.6221     -1.4875
    0.8085     -1.4750
    1.0125     -1.4625
    1.2268     -1.4500
    1.4629     -1.4375
    1.7477     -1.4250
    2.1038     -1.4125
    2.5272     -1.4000
    2.9760     -1.3875
    3.3802     -1.3750
    3.6658     -1.3625
    3.7806     -1.3500
    3.7090     -1.3375
    3.4709     -1.3250
    3.1112     -1.3125
    2.6878     -1.3000
    2.2650     -1.2875
    1.9100     -1.2750
    1.6862     -1.2625
    1.6390     -1.2500
    1.7768     -1.2375
    2.0619     -1.2250
    2.4199     -1.2125
    2.7695     -1.2000
    3.0565     -1.1875
    3.2715     -1.1750
    3.4424     -1.1625
    3.6092     -1.1500
    3.8011     -1.1375
    4.0276     -1.1250
    4.2790     -1.1125
    4.5267     -1.1000
    4.7183     -1.0875
    4.7825     -1.0750
    4.6542     -1.0625
    4.3117     -1.0500
    3.7986     -1.0375
    3.2101     -1.0250
    2.6514     -1.0125
    2.1982     -1.0000
    1.8850     -0.9875
    1.7173     -0.9750
    1.6881     -0.9625
    1.7798     -0.9500
    1.9553     -0.9375
    2.1572     -0.9250
    2.3249     -0.9125
    2.4218     -0.9000
    2.4528     -0.8875
    2.4602     -0.8750
    2.4985     -0.8625
    2.6036     -0.8500
    2.7717     -0.8375
    2.9589     -0.8250
    3.1049     -0.8125
    3.1686     -0.8000
    3.1586     -0.7875
    3.1369     -0.7750
    3.1898     -0.7625
    3.3772     -0.7500
    3.6901     -0.7375
    4.0443     -0.7250
    4.3209     -0.7125
    4.4314     -0.7000
    4.3705     -0.6875
    4.2207     -0.6750
    4.1069     -0.6625
    4.1261     -0.6500
    4.2929     -0.6375
    4.5299     -0.6250
    4.7060     -0.6125
    4.6976     -0.6000
    4.4418     -0.5875
    3.9560     -0.5750
    3.3232     -0.5625
    2.6556     -0.5500
    2.0561     -0.5375
    1.5885     -0.5250
    1.2661     -0.5125
    1.0583     -0.5000
    0.9125     -0.4875
    0.7831     -0.4750
    0.6505     -0.4625
    0.5239     -0.4500
    0.4276     -0.4375
    0.3812     -0.4250
    0.3860     -0.4125
    0.4236     -0.4000
    0.4643     -0.3875
    0.4805     -0.3750
    0.4577     -0.3625
    0.3994     -0.3500
    0.3230     -0.3375
    0.2525     -0.3250
    0.2083     -0.3125
    0.2027     -0.3000
    0.2380     -0.2875
    0.3093     -0.2750
    0.4066     -0.2625
    0.5185     -0.2500
    0.6342     -0.2375
    0.7461     -0.2250
    0.8511     -0.2125
    0.9487     -0.2000
    1.0362     -0.1875
    1.1038     -0.1750
    1.1361     -0.1625
    1.1186     -0.1500
    1.0471     -0.1375
    0.9316     -0.1250
    0.7936     -0.1125
    0.6597     -0.1000
    0.5552     -0.0875
    0.4995     -0.0750
    0.5009     -0.0625
    0.5547     -0.0500
    0.6425     -0.0375
    0.7384     -0.0250
    0.8176     -0.0125
    0.8644      0.0000
    0.8735      0.0125
    0.8467      0.0250
    0.7878      0.0375
    0.7016      0.0500
    0.5971      0.0625
    0.4881      0.0750
    0.3907      0.0875
    0.3157      0.1000
    0.2646      0.1125
    0.2304      0.1250
    0.2035      0.1375
    0.1768      0.1500
    0.1488      0.1625
    0.1223      0.1750
    0.1026      0.1875
    0.0948      0.2000
    0.1014      0.2125
    0.1219      0.2250
    0.1525      0.2375
    0.1874      0.2500
    0.2199      0.2625
    0.2450      0.2750
    0.2608      0.2875
    0.2710      0.3000
    0.2830      0.3125
    0.3048      0.3250
    0.3402      0.3375
    0.3862      0.3500
    0.4342      0.3625
    0.4734      0.3750
    0.4949      0.3875
    0.4929      0.4000
    0.4658      0.4125
    0.4169      0.4250
    0.3542      0.4375
    0.2894      0.4500
    0.2351      0.4625
    0.2002      0.4750
    0.1886      0.4875
    0.1988      0.5000
    0.2263      0.5125
    0.2651      0.5250
    0.3084      0.5375
    0.3501      0.5500
    0.3851      0.5625
    0.4111      0.5750
    0.4283      0.5875
    0.4386      0.6000
    0.4427      0.6125
    0.4396      0.6250
    0.4288      0.6375
    0.4118      0.6500
    0.3926      0.6625
    0.3737      0.6750
    0.3541      0.6875
    0.3299      0.7000
    0.2987      0.7125
    0.2628      0.7250
    0.2292      0.7375
    0.2051      0.7500
    0.1934      0.7625
    0.1903      0.7750
    0.1883      0.7875
    0.1806      0.8000
    0.1652      0.8125
    0.1457      0.8250
    0.1286      0.8375
    0.1197      0.8500
    0.1216      0.8625
    0.1331      0.8750
    0.1504      0.8875
    0.1690      0.9000
    0.1857      0.9125
    0.1992      0.9250
    0.2096      0.9375
    0.2175      0.9500
    0.2217      0.9625
    0.2197      0.9750
    0.2085      0.9875
    0.1872      1.0000
    0.1588      1.0125
    0.1297      1.0250
    0.1067      1.0375
    0.0941      1.0500
    0.0924      1.0625
    0.0994      1.0750
    0.1125      1.0875
    0.1300      1.1000
    0.1509      1.1125
    0.1725      1.1250
    0.1907      1.1375
    0.2011      1.1500
    0.2014      1.1625
    0.1927      1.1750
    0.1790      1.1875
    0.1647      1.2000
    0.1539      1.2125
    0.1496      1.2250
    0.1537      1.2375
    0.1665      1.2500
    0.1858      1.2625
    0.2067      1.2750
    0.2244      1.2875
    0.2362      1.3000
    0.2433      1.3125
    0.2495      1.3250
    0.2582      1.3375
    0.2702      1.3500
    0.2839      1.3625
    0.2961      1.3750
    0.3043      1.3875
    0.3067      1.4000
    0.3028      1.4125
    0.2923      1.4250
    0.2754      1.4375
    0.2528      1.4500
    0.2262      1.4625
    0.1979      1.4750
    0.1706      1.4875
    0.1459      1.5000
    0.1245      1.5125
    0.1064      1.5250
    0.0916      1.5375
    0.0811      1.5500
    0.0763      1.5625
    0.0783      1.5750
    0.0869      1.5875
    0.1001      1.6000
    0.1154      1.6125
    0.1305      1.6250
    0.1442      1.6375
    0.1556      1.6500
    0.1633      1.6625
    0.1651      1.6750
    0.1600      1.6875
    0.1494      1.7000
    0.1375      1.7125
    0.1291      1.7250
    0.1272      1.7375
    0.1317      1.7500
    0.1395      1.7625
    0.1467      1.7750
    0.1508      1.7875
    0.1515      1.8000
    0.1514      1.8125
    0.1545      1.8250
    0.1634      1.8375
    0.1777      1.8500
    0.1930      1.8625
    0.2028      1.8750
    0.2026      1.8875
    0.1922      1.9000
    0.1755      1.9125
    0.1585      1.9250
    0.1454      1.9375
    0.1368      1.9500
    0.1311      1.9625
    0.1252      1.9750
    0.1172      1.9875
    0.1064      2.0000
