    0.0071     -8.0000
    0.0119     -7.9800
    0.0161     -7.9600
    0.0160     -7.9400
    0.0117     -7.9200
    0.0067     -7.9000
    0.0042     -7.8800
    0.0063     -7.8600
    0.0139     -7.8400
    0.0248     -7.8200
    0.0327     -7.8000
    0.0320     -7.7800
    0.0249     -7.7600
    0.0198     -7.7400
    0.0226     -7.7200
    0.0303     -7.7000
    0.0341     -7.6800
    0.0287     -7.6600
    0.0177     -7.6400
    0.0085     -7.6200
    0.0047     -7.6000
    0.0062     -7.5800
    0.0127     -7.5600
    0.0252     -7.5400
    0.0428     -7.5200
    0.0585     -7.5000
    0.0619     -7.4800
    0.0518     -7.4600
    0.0412     -7.4400
    0.0447     -7.4200
    0.0641     -7.4000
    0.0886     -7.3800
    0.1056     -7.3600
    0.1070     -7.3400
    0.0897     -7.3200
    0.0603     -7.3000
    0.0339     -7.2800
    0.0245     -7.2600
    0.0378     -7.2400
    0.0691     -7.2200
    0.1008     -7.2000
    0.1110     -7.1800
    0.0934     -7.1600
    0.0632     -7.1400
    0.0415     -7.1200
    0.0368     -7.1000
    0.0413     -7.0800
    0.0413     -7.0600
    0.0318     -7.0400
    0.0195     -7.0200
    0.0141     -7.0000
    0.0212     -6.9800
    0.0425     -6.9600
    0.0761     -6.9400
    0.1137     -6.9200
    0.1402     -6.9000
    0.1427     -6.8800
    0.1215     -6.8600
    0.0914     -6.8400
    0.0688     -6.8200
    0.0589     -6.8000
    0.0563     -6.7800
    0.0530     -6.7600
    0.0452     -6.7400
    0.0352     -6.7200
    0.0292     -6.7000
    0.0314     -6.6800
    0.0414     -6.6600
    0.0573     -6.6400
    0.0751     -6.6200
    0.0873     -6.6000
    0.0853     -6.5800
    0.0689     -6.5600
    0.0508     -6.5400
    0.0459     -6.5200
    0.0568     -6.5000
    0.0702     -6.4800
    0.0701     -6.4600
    0.0567     -6.4400
    0.0454     -6.4200
    0.0480     -6.4000
    0.0605     -6.3800
    0.0707     -6.3600
    0.0715     -6.3400
    0.0657     -6.3200
    0.0595     -6.3000
    0.0563     -6.2800
    0.0580     -6.2600
    0.0664     -6.2400
    0.0810     -6.2200
    0.0973     -6.2000
    0.1067     -6.1800
    0.0999     -6.1600
    0.0767     -6.1400
    0.0516     -6.1200
    0.0435     -6.1000
    0.0613     -6.0800
    0.0948     -6.0600
    0.1175     -6.0400
    0.1088     -6.0200
    0.0752     -6.0000
    0.0412     -5.9800
    0.0244     -5.9600
    0.0275     -5.9400
    0.0475     -5.9200
    0.0812     -5.9000
    0.1214     -5.8800
    0.1571     -5.8600
    0.1827     -5.8400
    0.2033     -5.8200
    0.2227     -5.8000
    0.2315     -5.7800
    0.2222     -5.7600
    0.2055     -5.7400
    0.1903     -5.7200
    0.1682     -5.7000
    0.1313     -5.6800
    0.0913     -5.6600
    0.0713     -5.6400
    0.0851     -5.6200
    0.1234     -5.6000
    0.1569     -5.5800
    0.1641     -5.5600
    0.1527     -5.5400
    0.1388     -5.5200
    0.1210     -5.5000
    0.0928     -5.4800
    0.0653     -5.4600
    0.0600     -5.4400
    0.0879     -5.4200
    0.1435     -5.4000
    0.2137     -5.3800
    0.2841     -5.3600
    0.3364     -5.3400
    0.3526     -5.3200
    0.3290     -5.3000
    0.2795     -5.2800
    0.2236     -5.2600
    0.1797     -5.2400
    0.1593     -5.2200
    0.1584     -5.2000
    0.1623     -5.1800
    0.1657     -5.1600
    0.1741     -5.1400
    0.1820     -5.1200
    0.1721     -5.1000
    0.1440     -5.0800
    0.1236     -5.0600
    0.1390     -5.0400
    0.2000     -5.0200
    0.2894     -5.0000
    0.3658     -4.9800
    0.3948     -4.9600
    0.3899     -4.9400
    0.3977     -4.9200
    0.4310     -4.9000
    0.4515     -4.8800
    0.4280     -4.8600
    0.3801     -4.8400
    0.3500     -4.8200
    0.3600     -4.8000
    0.4058     -4.7800
    0.4686     -4.7600
    0.5228     -4.7400
    0.5506     -4.7200
    0.5557     -4.7000
    0.5525     -4.6800
    0.5449     -4.6600
    0.5269     -4.6400
    0.4999     -4.6200
    0.4706     -4.6000
    0.4408     -4.5800
    0.4188     -4.5600
    0.4310     -4.5400
    0.4973     -4.5200
    0.6008     -4.5000
    0.6933     -4.4800
    0.7367     -4.4600
    0.7425     -4.4400
    0.7655     -4.4200
    0.8456     -4.4000
    0.9583     -4.3800
    1.0398     -4.3600
    1.0577     -4.3400
    1.0310     -4.3200
    0.9860     -4.3000
    0.9304     -4.2800
    0.8709     -4.2600
    0.8238     -4.2400
    0.7975     -4.2200
    0.7772     -4.2000
    0.7396     -4.1800
    0.6857     -4.1600
    0.6411     -4.1400
    0.6204     -4.1200
    0.6140     -4.1000
    0.6136     -4.0800
    0.6283     -4.0600
    0.6684     -4.0400
    0.7201     -4.0200
    0.7451     -4.0000
    0.7196     -3.9800
    0.6608     -3.9600
    0.5985     -3.9400
    0.5478     -3.9200
    0.5178     -3.9000
    0.5145     -3.8800
    0.5274     -3.8600
    0.5408     -3.8400
    0.5572     -3.8200
    0.5938     -3.8000
    0.6582     -3.7800
    0.7340     -3.7600
    0.7940     -3.7400
    0.8249     -3.7200
    0.8323     -3.7000
    0.8241     -3.6800
    0.8033     -3.6600
    0.7754     -3.6400
    0.7420     -3.6200
    0.6909     -3.6000
    0.6143     -3.5800
    0.5315     -3.5600
    0.4736     -3.5400
    0.4575     -3.5200
    0.4803     -3.5000
    0.5203     -3.4800
    0.5451     -3.4600
    0.5355     -3.4400
    0.5099     -3.4200
    0.5070     -3.4000
    0.5375     -3.3800
    0.5661     -3.3600
    0.5566     -3.3400
    0.5161     -3.3200
    0.4774     -3.3000
    0.4554     -3.2800
    0.4474     -3.2600
    0.4575     -3.2400
    0.4893     -3.2200
    0.5313     -3.2000
    0.5676     -3.1800
    0.5928     -3.1600
    0.6075     -3.1400
    0.6107     -3.1200
    0.5998     -3.1000
    0.5756     -3.0800
    0.5461     -3.0600
    0.5259     -3.0400
    0.5222     -3.0200
    0.5279     -3.0000
    0.5333     -2.9800
    0.5368     -2.9600
    0.5422     -2.9400
    0.5528     -2.9200
    0.5694     -2.9000
    0.5917     -2.8800
    0.6195     -2.8600
    0.6502     -2.8400
    0.6765     -2.8200
    0.6943     -2.8000
    0.7072     -2.7800
    0.7153     -2.7600
    0.7121     -2.7400
    0.6989     -2.7200
    0.6870     -2.7000
    0.6842     -2.6800
    0.6918     -2.6600
    0.7143     -2.6400
    0.7539     -2.6200
    0.7959     -2.6000
    0.8164     -2.5800
    0.8062     -2.5600
    0.7754     -2.5400
    0.7400     -2.5200
    0.7124     -2.5000
    0.6909     -2.4800
    0.6571     -2.4600
    0.6014     -2.4400
    0.5409     -2.4200
    0.4947     -2.4000
    0.4632     -2.3800
    0.4432     -2.3600
    0.4457     -2.3400
    0.4819     -2.3200
    0.5416     -2.3000
    0.5944     -2.2800
    0.6067     -2.2600
    0.5623     -2.2400
    0.4770     -2.2200
    0.3911     -2.2000
    0.3398     -2.1800
    0.3327     -2.1600
    0.3565     -2.1400
    0.3883     -2.1200
    0.4071     -2.1000
    0.4055     -2.0800
    0.3937     -2.0600
    0.3895     -2.0400
    0.3997     -2.0200
    0.4106     -2.0000
    0.4027     -1.9800
    0.3744     -1.9600
    0.3460     -1.9400
    0.3375     -1.9200
    0.3517     -1.9000
    0.3777     -1.8800
    0.4020     -1.8600
    0.4148     -1.8400
    0.4143     -1.8200
    0.4071     -1.8000
    0.3978     -1.7800
    0.3797     -1.7600
    0.3451     -1.7400
    0.3030     -1.7200
    0.2714     -1.7000
    0.2568     -1.6800
    0.2521     -1.6600
    0.2486     -1.6400
    0.2404     -1.6200
    0.2247     -1.6000
    0.2056     -1.5800
    0.1939     -1.5600
    0.1970     -1.5400
    0.2109     -1.5200
    0.2223     -1.5000
    0.2184     -1.4800
    0.1951     -1.4600
    0.1616     -1.4400
    0.1364     -1.4200
    0.1364     -1.4000
    0.1662     -1.3800
    0.2195     -1.3600
    0.2839     -1.3400
    0.3400     -1.3200
    0.3697     -1.3000
    0.3757     -1.2800
    0.3806     -1.2600
    0.3978     -1.2400
    0.4124     -1.2200
    0.4022     -1.2000
    0.3790     -1.1800
    0.4102     -1.1600
    0.5753     -1.1400
    0.8678     -1.1200
    1.1753     -1.1000
    1.4206     -1.0800
    1.6691     -1.0600
    2.0019     -1.0400
    2.3468     -1.0200
    2.5609     -1.0000
    2.6090     -0.9800
    2.5517     -0.9600
    2.4361     -0.9400
    2.2702     -0.9200
    2.0599     -0.9000
    1.8673     -0.8800
    1.8125     -0.8600
    1.9702     -0.8400
    2.3045     -0.8200
    2.6980     -0.8000
    2.9978     -0.7800
    3.0980     -0.7600
    3.0007     -0.7400
    2.7607     -0.7200
    2.4195     -0.7000
    2.0157     -0.6800
    1.6393     -0.6600
    1.4378     -0.6400
    1.4897     -0.6200
    1.7110     -0.6000
    1.9855     -0.5800
    2.2888     -0.5600
    2.5666     -0.5400
    2.6373     -0.5200
    2.3738     -0.5000
    1.8863     -0.4800
    1.4176     -0.4600
    1.1240     -0.4400
    1.0199     -0.4200
    1.0586     -0.4000
    1.1653     -0.3800
    1.2234     -0.3600
    1.1368     -0.3400
    0.9197     -0.3200
    0.6822     -0.3000
    0.5198     -0.2800
    0.4337     -0.2600
    0.3619     -0.2400
    0.2742     -0.2200
    0.2074     -0.2000
    0.2185     -0.1800
    0.3279     -0.1600
    0.4888     -0.1400
    0.6079     -0.1200
    0.6346     -0.1000
    0.6143     -0.0800
    0.6169     -0.0600
    0.6507     -0.0400
    0.6839     -0.0200
    0.7106      0.0000
    0.7573      0.0200
    0.8257      0.0400
    0.8573      0.0600
    0.7885      0.0800
    0.6350      0.1000
    0.4930      0.1200
    0.4522      0.1400
    0.5151      0.1600
    0.6048      0.1800
    0.6397      0.2000
    0.5825      0.2200
    0.4467      0.2400
    0.2891      0.2600
    0.1791      0.2800
    0.1549      0.3000
    0.2027      0.3200
    0.2791      0.3400
    0.3523      0.3600
    0.4112      0.3800
    0.4360      0.4000
    0.4002      0.4200
    0.3135      0.4400
    0.2225      0.4600
    0.1706      0.4800
    0.1794      0.5000
    0.2445      0.5200
    0.3277      0.5400
    0.3803      0.5600
    0.3855      0.5800
    0.3640      0.6000
    0.3439      0.6200
    0.3439      0.6400
    0.3824      0.6600
    0.4733      0.6800
    0.5959      0.7000
    0.6860      0.7200
    0.6774      0.7400
    0.5570      0.7600
    0.3755      0.7800
    0.2088      0.8000
    0.1103      0.8200
    0.0976      0.8400
    0.1621      0.8600
    0.2736      0.8800
    0.3777      0.9000
    0.4168      0.9200
    0.3765      0.9400
    0.3092      0.9600
    0.2847      0.9800
    0.3118      1.0000
    0.3323      1.0200
    0.2955      1.0400
    0.2199      1.0600
    0.1657      1.0800
    0.1624      1.1000
    0.1859      1.1200
    0.2001      1.1400
    0.2015      1.1600
    0.2154      1.1800
    0.2589      1.2000
    0.3186      1.2200
    0.3657      1.2400
    0.3842      1.2600
    0.3771      1.2800
    0.3558      1.3000
    0.3322      1.3200
    0.3136      1.3400
    0.2911      1.3600
    0.2447      1.3800
    0.1764      1.4000
    0.1208      1.4200
    0.1100      1.4400
    0.1406      1.4600
    0.1869      1.4800
    0.2363      1.5000
    0.2937      1.5200
    0.3477      1.5400
    0.3641      1.5600
    0.3327      1.5800
    0.2953      1.6000
    0.3057      1.6200
    0.3662      1.6400
    0.4198      1.6600
    0.4138      1.6800
    0.3572      1.7000
    0.2970      1.7200
    0.2602      1.7400
    0.2430      1.7600
    0.2321      1.7800
    0.2187      1.8000
    0.2057      1.8200
    0.2056      1.8400
    0.2222      1.8600
    0.2365      1.8800
    0.2232      1.9000
    0.1833      1.9200
    0.1464      1.9400
    0.1369      1.9600
    0.1501      1.9800
    0.1701      2.0000
