    0.0000     -7.9875
    0.0000     -7.9700
    0.0000     -7.9525
    0.0000     -7.9350
    0.0000     -7.9175
    0.0000     -7.9000
    0.0000     -7.8825
    0.0000     -7.8650
    0.0001     -7.8475
    0.0010     -7.8300
    0.0072     -7.8125
    0.0408     -7.7950
    0.1822     -7.7775
    0.6423     -7.7600
    1.7870     -7.7425
    3.9231     -7.7250
    6.7938     -7.7075
    9.2763     -7.6900
    9.9819     -7.6725
    8.4609     -7.6550
    5.6463     -7.6375
    2.9652     -7.6200
    1.2248     -7.6025
    0.3978     -7.5850
    0.1015     -7.5675
    0.0204     -7.5500
    0.0032     -7.5325
    0.0004     -7.5150
    0.0000     -7.4975
    0.0000     -7.4800
    0.0000     -7.4625
    0.0000     -7.4450
    0.0000     -7.4275
    0.0000     -7.4100
    0.0000     -7.3925
    0.0000     -7.3750
    0.0000     -7.3575
    0.0000     -7.3400
    0.0000     -7.3225
    0.0000     -7.3050
    0.0000     -7.2875
    0.0000     -7.2700
    0.0000     -7.2525
    0.0000     -7.2350
    0.0001     -7.2175
    0.0008     -7.2000
    0.0035     -7.1825
    0.0122     -7.1650
    0.0355     -7.1475
    0.0868     -7.1300
    0.1815     -7.1125
    0.3255     -7.0950
    0.4947     -7.0775
    0.6286     -7.0600
    0.6691     -7.0425
    0.6267     -7.0250
    0.5905     -7.0075
    0.6458     -6.9900
    0.7887     -6.9725
    0.9325     -6.9550
    0.9841     -6.9375
    0.9012     -6.9200
    0.7081     -6.9025
    0.4870     -6.8850
    0.3482     -6.8675
    0.3819     -6.8500
    0.6063     -6.8325
    0.9287     -6.8150
    1.1714     -6.7975
    1.1998     -6.7800
    1.0461     -6.7625
    0.8636     -6.7450
    0.7522     -6.7275
    0.6768     -6.7100
    0.5613     -6.6925
    0.4071     -6.6750
    0.2974     -6.6575
    0.3225     -6.6400
    0.5229     -6.6225
    0.8684     -6.6050
    1.2546     -6.5875
    1.5257     -6.5700
    1.5458     -6.5525
    1.2990     -6.5350
    0.9235     -6.5175
    0.6190     -6.5000
    0.5007     -6.4825
    0.5337     -6.4650
    0.5914     -6.4475
    0.5732     -6.4300
    0.4867     -6.4125
    0.4372     -6.3950
    0.5389     -6.3775
    0.8192     -6.3600
    1.1884     -6.3425
    1.5092     -6.3250
    1.7033     -6.3075
    1.7685     -6.2900
    1.7130     -6.2725
    1.5498     -6.2550
    1.3585     -6.2375
    1.2611     -6.2200
    1.3039     -6.2025
    1.4160     -6.1850
    1.5065     -6.1675
    1.5685     -6.1500
    1.6803     -6.1325
    1.9367     -6.1150
    2.3977     -6.0975
    3.0806     -6.0800
    3.9891     -6.0625
    5.1419     -6.0450
    6.5447     -6.0275
    8.1329     -6.0100
    9.8158     -5.9925
   11.6009     -5.9750
   13.5814     -5.9575
   15.7679     -5.9400
   18.0762     -5.9225
   20.5907     -5.9050
   23.6532     -5.8875
   27.4033     -5.8700
   31.2475     -5.8525
   34.0530     -5.8350
   35.0534     -5.8175
   34.5776     -5.8000
   33.7457     -5.7825
   33.3581     -5.7650
   33.2503     -5.7475
   32.8783     -5.7300
   32.3286     -5.7125
   32.4847     -5.6950
   34.1942     -5.6775
   37.3643     -5.6600
   40.9077     -5.6425
   43.5819     -5.6250
   44.8815     -5.6075
   45.2389     -5.5900
   45.5744     -5.5725
   46.5346     -5.5550
   47.7915     -5.5375
   48.1969     -5.5200
   47.0778     -5.5025
   45.1798     -5.4850
   43.7685     -5.4675
   43.0607     -5.4500
   42.2376     -5.4325
   40.8169     -5.4150
   39.2566     -5.3975
   38.1008     -5.3800
   37.1212     -5.3625
   35.7214     -5.3450
   33.9445     -5.3275
   32.5656     -5.3100
   32.1948     -5.2925
   32.7679     -5.2750
   34.0152     -5.2575
   35.9827     -5.2400
   38.7590     -5.2225
   41.8754     -5.2050
   44.4166     -5.1875
   45.8847     -5.1700
   46.6513     -5.1525
   47.3199     -5.1350
   47.9843     -5.1175
   48.4697     -5.1000
   48.8797     -5.0825
   49.3285     -5.0650
   49.4394     -5.0475
   48.7128     -5.0300
   47.2080     -5.0125
   45.4160     -4.9950
   43.6583     -4.9775
   41.9817     -4.9600
   40.4917     -4.9425
   39.4790     -4.9250
   39.2035     -4.9075
   39.6316     -4.8900
   40.3755     -4.8725
   40.8804     -4.8550
   40.6755     -4.8375
   39.6011     -4.8200
   38.0650     -4.8025
   36.9916     -4.7850
   37.0973     -4.7675
   38.1342     -4.7500
   39.1124     -4.7325
   39.3077     -4.7150
   38.9275     -4.6975
   38.8912     -4.6800
   40.0523     -4.6625
   42.4445     -4.6450
   45.1669     -4.6275
   47.2061     -4.6100
   48.5261     -4.5925
   50.2301     -4.5750
   53.5253     -4.5575
   58.5840     -4.5400
   64.4536     -4.5225
   69.8842     -4.5050
   74.0399     -4.4875
   76.6146     -4.4700
   77.7250     -4.4525
   77.8382     -4.4350
   77.5537     -4.4175
   77.2201     -4.4000
   76.7081     -4.3825
   75.5043     -4.3650
   72.9706     -4.3475
   68.7172     -4.3300
   63.0790     -4.3125
   57.2364     -4.2950
   52.6256     -4.2775
   50.2159     -4.2600
   50.2459     -4.2425
   52.1464     -4.2250
   54.5137     -4.2075
   55.6419     -4.1900
   54.6091     -4.1725
   51.9526     -4.1550
   49.1523     -4.1375
   47.4422     -4.1200
   47.1726     -4.1025
   48.0155     -4.0850
   49.3367     -4.0675
   50.5047     -4.0500
   51.3467     -4.0325
   52.3716     -4.0150
   54.2723     -3.9975
   57.1455     -3.9800
   60.2203     -3.9625
   62.2623     -3.9450
   62.3470     -3.9275
   60.6022     -3.9100
   58.2643     -3.8925
   56.6639     -3.8750
   56.0491     -3.8575
   55.6840     -3.8400
   55.0752     -3.8225
   54.6463     -3.8050
   55.1247     -3.7875
   56.6992     -3.7700
   58.8978     -3.7525
   60.8915     -3.7350
   61.7717     -3.7175
   60.9434     -3.7000
   58.6248     -3.6825
   55.9149     -3.6650
   54.1544     -3.6475
   54.1137     -3.6300
   55.7295     -3.6125
   58.4432     -3.5950
   61.5623     -3.5775
   64.2988     -3.5600
   65.8072     -3.5425
   65.6164     -3.5250
   64.1033     -3.5075
   62.2433     -3.4900
   60.6894     -3.4725
   59.2740     -3.4550
   57.6020     -3.4375
   55.9265     -3.4200
   55.0891     -3.4025
   55.6154     -3.3850
   57.2098     -3.3675
   59.1958     -3.3500
   61.0644     -3.3325
   62.5101     -3.3150
   63.4037     -3.2975
   63.9306     -3.2800
   64.4071     -3.2625
   64.8158     -3.2450
   64.7911     -3.2275
   64.1709     -3.2100
   63.3693     -3.1925
   63.1053     -3.1750
   63.7852     -3.1575
   65.1346     -3.1400
   66.4901     -3.1225
   67.5094     -3.1050
   68.4856     -3.0875
   69.9844     -3.0700
   72.3675     -3.0525
   75.4470     -3.0350
   78.1942     -3.0175
   79.0460     -3.0000
   77.0613     -2.9825
   72.7441     -2.9650
   67.5048     -2.9475
   62.4394     -2.9300
   57.6642     -2.9125
   52.6377     -2.8950
   47.0234     -2.8775
   41.1411     -2.8600
   35.6060     -2.8425
   30.8435     -2.8250
   27.0641     -2.8075
   24.3377     -2.7900
   22.3778     -2.7725
   20.4118     -2.7550
   17.6682     -2.7375
   14.1351     -2.7200
   10.6493     -2.7025
    8.1164     -2.6850
    6.7111     -2.6675
    5.8569     -2.6500
    4.9087     -2.6325
    3.7540     -2.6150
    2.7240     -2.5975
    2.0852     -2.5800
    1.8007     -2.5625
    1.7140     -2.5450
    1.7684     -2.5275
    2.0032     -2.5100
    2.4617     -2.4925
    3.2081     -2.4750
    4.3462     -2.4575
    5.8196     -2.4400
    7.1916     -2.4225
    7.8378     -2.4050
    7.4437     -2.3875
    6.2259     -2.3700
    4.7156     -2.3525
    3.4492     -2.3350
    2.7670     -2.3175
    2.6984     -2.3000
    2.9987     -2.2825
    3.3751     -2.2650
    3.6736     -2.2475
    3.8298     -2.2300
    3.7360     -2.2125
    3.2893     -2.1950
    2.5761     -2.1775
    1.8984     -2.1600
    1.5368     -2.1425
    1.5051     -2.1250
    1.5782     -2.1075
    1.5378     -2.0900
    1.3514     -2.0725
    1.1353     -2.0550
    1.0137     -2.0375
    1.0281     -2.0200
    1.1396     -2.0025
    1.2945     -1.9850
    1.5045     -1.9675
    1.8629     -1.9500
    2.4830     -1.9325
    3.4193     -1.9150
    4.6135     -1.8975
    5.8829     -1.8800
    6.9659     -1.8625
    7.6096     -1.8450
    7.6664     -1.8275
    7.1487     -1.8100
    6.2025     -1.7925
    5.0223     -1.7750
    3.7869     -1.7575
    2.6648     -1.7400
    1.8598     -1.7225
    1.5964     -1.7050
    1.9851     -1.6875
    2.8561     -1.6700
    3.7633     -1.6525
    4.2459     -1.6350
    4.1334     -1.6175
    3.6031     -1.6000
    2.9802     -1.5825
    2.4904     -1.5650
    2.1332     -1.5475
    1.7591     -1.5300
    1.2814     -1.5125
    0.7837     -1.4950
    0.4203     -1.4775
    0.2791     -1.4600
    0.3582     -1.4425
    0.6093     -1.4250
    0.9843     -1.4075
    1.4956     -1.3900
    2.2470     -1.3725
    3.3192     -1.3550
    4.5650     -1.3375
    5.6042     -1.3200
    6.1535     -1.3025
    6.3365     -1.2850
    6.5240     -1.2675
    6.8530     -1.2500
    7.0347     -1.2325
    6.6827     -1.2150
    5.7207     -1.1975
    4.4426     -1.1800
    3.2967     -1.1625
    2.6418     -1.1450
    2.5816     -1.1275
    2.9592     -1.1100
    3.5220     -1.0925
    4.0575     -1.0750
    4.3887     -1.0575
    4.4062     -1.0400
    4.1920     -1.0225
    3.9973     -1.0050
    4.0224     -0.9875
    4.2651     -0.9700
    4.5964     -0.9525
    4.9406     -0.9350
    5.3494     -0.9175
    5.8929     -0.9000
    6.5126     -0.8825
    7.0413     -0.8650
    7.3959     -0.8475
    7.7137     -0.8300
    8.1889     -0.8125
    8.7564     -0.7950
    9.1011     -0.7775
    9.0468     -0.7600
    8.7422     -0.7425
    8.3853     -0.7250
    8.0091     -0.7075
    7.6610     -0.6900
    7.5307     -0.6725
    7.7274     -0.6550
    8.1187     -0.6375
    8.4894     -0.6200
    8.6996     -0.6025
    8.6718     -0.5850
    8.3961     -0.5675
    7.9583     -0.5500
    7.4696     -0.5325
    6.9811     -0.5150
    6.4935     -0.4975
    6.0284     -0.4800
    5.6895     -0.4625
    5.6186     -0.4450
    5.8001     -0.4275
    5.9262     -0.4100
    5.6206     -0.3925
    4.8722     -0.3750
    4.1462     -0.3575
    3.9907     -0.3400
    4.5696     -0.3225
    5.5573     -0.3050
    6.4068     -0.2875
    6.7387     -0.2700
    6.5645     -0.2525
    6.1617     -0.2350
    5.7537     -0.2175
    5.3762     -0.2000
    5.0338     -0.1825
    4.8376     -0.1650
    4.9357     -0.1475
    5.3824     -0.1300
    6.0532     -0.1125
    6.6108     -0.0950
    6.6575     -0.0775
    6.0588     -0.0600
    5.0867     -0.0425
    4.1853     -0.0250
    3.6332     -0.0075
    3.4313      0.0100
    3.4295      0.0275
    3.4878      0.0450
    3.5325      0.0625
    3.5498      0.0800
    3.6035      0.0975
    3.8252      0.1150
    4.2712      0.1325
    4.7587      0.1500
    4.9304      0.1675
    4.5440      0.1850
    3.6758      0.2025
    2.6517      0.2200
    1.8053      0.2375
    1.2757      0.2550
    0.9886      0.2725
    0.8047      0.2900
    0.6582      0.3075
    0.5574      0.3250
    0.5267      0.3425
    0.6188      0.3600
    0.9503      0.3775
    1.6179      0.3950
    2.5200      0.4125
    3.3275      0.4300
    3.7549      0.4475
    3.8860      0.4650
    4.1403      0.4825
    4.8808      0.5000
    6.0850      0.5175
    7.3816      0.5350
    8.3445      0.5525
    8.7537      0.5700
    8.6456      0.5875
    8.1667      0.6050
    7.4148      0.6225
    6.4455      0.6400
    5.3683      0.6575
    4.3428      0.6750
    3.5026      0.6925
    2.9480      0.7100
    2.7703      0.7275
    2.9725      0.7450
    3.3460      0.7625
    3.5362      0.7800
    3.3272      0.7975
    2.8277      0.8150
    2.3059      0.8325
    1.8871      0.8500
    1.5035      0.8675
    1.1025      0.8850
    0.7808      0.9025
    0.7041      0.9200
    0.9723      0.9375
    1.5707      0.9550
    2.3733      0.9725
    3.1415      0.9900
    3.5614      1.0075
    3.4008      1.0250
    2.7161      1.0425
    1.8725      1.0600
    1.2953      1.0775
    1.2059      1.0950
    1.5867      1.1125
    2.3017      1.1300
    3.1478      1.1475
    3.8222      1.1650
    4.0174      1.1825
    3.6991      1.2000
    3.2387      1.2175
    3.1050      1.2350
    3.3921      1.2525
    3.7576      1.2700
    3.8519      1.2875
    3.6960      1.3050
    3.5979      1.3225
    3.8251      1.3400
    4.4191      1.3575
    5.2231      1.3750
    6.0244      1.3925
    6.6960      1.4100
    7.1694      1.4275
    7.2864      1.4450
    6.8524      1.4625
    5.9220      1.4800
    4.8763      1.4975
    4.1052      1.5150
    3.6760      1.5325
    3.3750      1.5500
    3.0211      1.5675
    2.6494      1.5850
    2.3859      1.6025
    2.2545      1.6200
    2.1822      1.6375
    2.1228      1.6550
    2.0820      1.6725
    2.0590      1.6900
    2.0485      1.7075
    2.0774      1.7250
    2.1672      1.7425
    2.2827      1.7600
    2.3769      1.7775
    2.4734      1.7950
    2.6525      1.8125
    2.9394      1.8300
    3.2428      1.8475
    3.4426      1.8650
    3.5355      1.8825
    3.6303      1.9000
    3.7716      1.9175
    3.8309      1.9350
    3.6391      1.9525
    3.1915      1.9700
    2.6632      1.9875
