    0.5086     -7.9985
    0.5988     -7.9800
    0.5520     -7.9615
    0.4013     -7.9430
    0.2473     -7.9245
    0.1889     -7.9060
    0.2881     -7.8875
    0.5543     -7.8690
    0.9074     -7.8505
    1.1748     -7.8320
    1.2117     -7.8135
    1.0584     -7.7950
    0.9302     -7.7765
    1.0003     -7.7580
    1.2012     -7.7395
    1.2859     -7.7210
    1.0968     -7.7025
    0.7232     -7.6840
    0.3753     -7.6655
    0.1811     -7.6470
    0.1445     -7.6285
    0.2312     -7.6100
    0.4325     -7.5915
    0.7398     -7.5730
    1.0691     -7.5545
    1.2576     -7.5360
    1.2030     -7.5175
    1.0051     -7.4990
    0.9076     -7.4805
    1.0828     -7.4620
    1.4961     -7.4435
    1.9708     -7.4250
    2.3249     -7.4065
    2.4184     -7.3880
    2.1678     -7.3695
    1.6261     -7.3510
    1.0140     -7.3325
    0.6014     -7.3140
    0.5739     -7.2955
    0.9872     -7.2770
    1.7060     -7.2585
    2.3532     -7.2400
    2.5040     -7.2215
    2.0691     -7.2030
    1.3927     -7.1845
    0.8977     -7.1660
    0.7170     -7.1475
    0.6904     -7.1290
    0.6179     -7.1105
    0.4547     -7.0920
    0.3009     -7.0735
    0.2828     -7.0550
    0.4750     -7.0365
    0.8835     -7.0180
    1.4497     -6.9995
    2.0759     -6.9810
    2.6406     -6.9625
    2.9794     -6.9440
    2.9401     -6.9255
    2.5565     -6.9070
    2.0925     -6.8885
    1.7862     -6.8700
    1.6143     -6.8515
    1.4207     -6.8330
    1.1770     -6.8145
    0.9720     -6.7960
    0.8350     -6.7775
    0.7293     -6.7590
    0.6845     -6.7405
    0.8037     -6.7220
    1.1236     -6.7035
    1.5381     -6.6850
    1.8770     -6.6665
    2.0106     -6.6480
    1.8859     -6.6295
    1.5632     -6.6110
    1.2437     -6.5925
    1.1398     -6.5740
    1.2530     -6.5555
    1.3543     -6.5370
    1.2525     -6.5185
    1.0330     -6.5000
    0.9734     -6.4815
    1.2565     -6.4630
    1.7917     -6.4445
    2.2795     -6.4260
    2.4458     -6.4075
    2.2512     -6.3890
    1.8855     -6.3705
    1.5824     -6.3520
    1.4778     -6.3335
    1.5920     -6.3150
    1.8454     -6.2965
    2.0941     -6.2780
    2.2181     -6.2595
    2.1760     -6.2410
    1.9686     -6.2225
    1.6210     -6.2040
    1.2526     -6.1855
    1.0930     -6.1670
    1.3291     -6.1485
    1.8968     -6.1300
    2.4406     -6.1115
    2.5586     -6.0930
    2.1560     -6.0745
    1.5252     -6.0560
    1.0457     -6.0375
    0.8577     -6.0190
    0.8514     -6.0005
    0.9168     -5.9820
    1.1430     -5.9635
    1.7178     -5.9450
    2.6269     -5.9265
    3.5663     -5.9080
    4.2439     -5.8895
    4.6124     -5.8710
    4.6811     -5.8525
    4.3673     -5.8340
    3.7532     -5.8155
    3.2090     -5.7970
    3.0266     -5.7785
    3.1285     -5.7600
    3.2511     -5.7415
    3.2150     -5.7230
    2.9789     -5.7045
    2.6370     -5.6860
    2.3976     -5.6675
    2.4154     -5.6490
    2.6089     -5.6305
    2.7084     -5.6120
    2.5033     -5.5935
    2.0229     -5.5750
    1.4956     -5.5565
    1.1913     -5.5380
    1.2878     -5.5195
    1.8158     -5.5010
    2.6868     -5.4825
    3.7520     -5.4640
    4.8190     -5.4455
    5.6593     -5.4270
    6.1081     -5.4085
    6.1976     -5.3900
    6.0775     -5.3715
    5.7747     -5.3530
    5.2196     -5.3345
    4.5291     -5.3160
    4.0312     -5.2975
    3.9631     -5.2790
    4.2701     -5.2605
    4.6918     -5.2420
    4.9774     -5.2235
    5.0480     -5.2050
    5.0224     -5.1865
    5.1662     -5.1680
    5.7739     -5.1495
    6.9388     -5.1310
    8.4382     -5.1125
    9.9411     -5.0940
   11.2576     -5.0755
   12.3201     -5.0570
   13.0116     -5.0385
   13.0951     -5.0200
   12.3957     -5.0015
   11.1406     -4.9830
   10.0201     -4.9645
    9.7567     -4.9460
   10.5702     -4.9275
   11.9569     -4.9090
   12.9385     -4.8905
   12.8103     -4.8720
   11.8578     -4.8535
   11.1218     -4.8350
   11.2994     -4.8165
   12.0971     -4.7980
   12.7540     -4.7795
   12.9244     -4.7610
   12.8809     -4.7425
   13.0099     -4.7240
   13.3522     -4.7055
   13.7479     -4.6870
   14.1692     -4.6685
   14.5779     -4.6500
   14.7343     -4.6315
   14.5708     -4.6130
   14.4714     -4.5945
   14.8411     -4.5760
   15.6034     -4.5575
   16.3266     -4.5390
   16.7689     -4.5205
   17.1560     -4.5020
   17.8869     -4.4835
   19.0691     -4.4650
   20.3616     -4.4465
   21.2048     -4.4280
   21.2440     -4.4095
   20.6160     -4.3910
   19.8759     -4.3725
   19.6735     -4.3540
   20.4619     -4.3355
   22.2813     -4.3170
   24.5436     -4.2985
   26.2359     -4.2800
   26.8148     -4.2615
   26.8207     -4.2430
   27.2597     -4.2245
   28.5377     -4.2060
   30.2715     -4.1875
   31.9018     -4.1690
   33.1462     -4.1505
   33.9641     -4.1320
   34.3747     -4.1135
   34.3762     -4.0950
   33.9371     -4.0765
   32.9833     -4.0580
   31.4740     -4.0395
   29.6187     -4.0210
   27.9379     -4.0025
   26.9139     -3.9840
   26.5689     -3.9655
   26.4830     -3.9470
   26.2514     -3.9285
   25.8833     -3.9100
   25.7111     -3.8915
   25.9700     -3.8730
   26.6438     -3.8545
   27.7575     -3.8360
   29.5325     -3.8175
   31.9724     -3.7990
   34.4854     -3.7805
   36.2655     -3.7620
   36.9445     -3.7435
   36.6477     -3.7250
   35.6481     -3.7065
   34.2353     -3.6880
   32.8208     -3.6695
   31.9739     -3.6510
   32.1662     -3.6325
   33.3530     -3.6140
   34.9184     -3.5955
   36.1463     -3.5770
   36.6654     -3.5585
   36.4383     -3.5400
   35.6303     -3.5215
   34.7953     -3.5030
   34.8786     -3.4845
   36.3963     -3.4660
   38.6225     -3.4475
   40.1058     -3.4290
   40.0028     -3.4105
   38.5478     -3.3920
   36.4889     -3.3735
   34.6861     -3.3550
   34.1508     -3.3365
   35.8313     -3.3180
   39.9245     -3.2995
   45.2863     -3.2810
   49.8121     -3.2625
   51.9610     -3.2440
   52.0449     -3.2255
   51.7322     -3.2070
   52.3495     -3.1885
   53.9947     -3.1700
   56.0557     -3.1515
   57.8663     -3.1330
   58.7131     -3.1145
   57.9811     -3.0960
   55.9309     -3.0775
   53.9777     -3.0590
   53.6919     -3.0405
   55.6751     -3.0220
   59.5375     -3.0035
   64.5406     -2.9850
   69.9020     -2.9665
   74.7023     -2.9480
   78.0208     -2.9295
   79.4159     -2.9110
   79.1387     -2.8925
   77.7550     -2.8740
   75.6642     -2.8555
   73.1554     -2.8370
   70.8988     -2.8185
   70.1124     -2.8000
   71.9350     -2.7815
   76.2592     -2.7630
   80.9303     -2.7445
   82.6263     -2.7260
   79.4414     -2.7075
   72.6993     -2.6890
   65.7364     -2.6705
   60.8968     -2.6520
   58.0258     -2.6335
   55.6050     -2.6150
   52.6521     -2.5965
   49.4396     -2.5780
   46.9329     -2.5595
   45.8802     -2.5410
   46.4363     -2.5225
   48.5634     -2.5040
   52.5204     -2.4855
   58.6037     -2.4670
   66.2587     -2.4485
   73.6189     -2.4300
   78.2769     -2.4115
   78.6593     -2.3930
   74.6941     -2.3745
   67.6661     -2.3560
   59.9395     -2.3375
   54.2799     -2.3190
   52.4393     -2.3005
   54.1215     -2.2820
   57.3930     -2.2635
   59.9187     -2.2450
   60.1789     -2.2265
   58.4527     -2.2080
   56.7914     -2.1895
   57.3382     -2.1710
   60.3802     -2.1525
   64.2555     -2.1340
   67.1305     -2.1155
   68.6226     -2.0970
   69.7220     -2.0785
   71.4421     -2.0600
   73.7688     -2.0415
   75.7725     -2.0230
   76.3928     -2.0045
   75.1195     -1.9860
   72.2615     -1.9675
   68.7513     -1.9490
   65.7573     -1.9305
   64.3836     -1.9120
   65.0864     -1.8935
   66.9871     -1.8750
   68.4676     -1.8565
   68.8974     -1.8380
   69.2566     -1.8195
   70.9782     -1.8010
   74.7211     -1.7825
   80.1522     -1.7640
   86.2675     -1.7455
   91.7492     -1.7270
   95.2714     -1.7085
   95.7801     -1.6900
   92.8825     -1.6715
   87.1536     -1.6530
   79.8659     -1.6345
   72.2338     -1.6160
   64.8641     -1.5975
   57.6757     -1.5790
   50.0234     -1.5605
   41.2241     -1.5420
   31.6594     -1.5235
   23.1724     -1.5050
   17.6390     -1.4865
   15.2491     -1.4680
   14.6995     -1.4495
   14.7905     -1.4310
   15.1626     -1.4125
   15.6051     -1.3940
   15.5255     -1.3755
   14.4825     -1.3570
   12.7559     -1.3385
   11.0161     -1.3200
    9.6076     -1.3015
    8.3230     -1.2830
    6.7820     -1.2645
    4.9504     -1.2460
    3.2675     -1.2275
    2.2366     -1.2090
    1.9534     -1.1905
    2.1417     -1.1720
    2.6102     -1.1535
    3.4779     -1.1350
    4.8416     -1.1165
    6.4196     -1.0980
    7.7821     -1.0795
    8.8222     -1.0610
    9.7050     -1.0425
   10.4007     -1.0240
   10.5662     -1.0055
    9.9610     -0.9870
    8.8011     -0.9685
    7.5583     -0.9500
    6.4979     -0.9315
    5.5767     -0.9130
    4.7324     -0.8945
    4.0741     -0.8760
    3.7484     -0.8575
    3.7378     -0.8390
    3.8604     -0.8205
    3.9217     -0.8020
    3.8820     -0.7835
    3.9836     -0.7650
    4.6192     -0.7465
    5.8399     -0.7280
    7.0517     -0.7095
    7.4489     -0.6910
    6.7592     -0.6725
    5.4587     -0.6540
    4.3436     -0.6355
    3.9574     -0.6170
    4.2807     -0.5985
    4.8366     -0.5800
    5.1210     -0.5615
    4.9835     -0.5430
    4.6285     -0.5245
    4.3347     -0.5060
    4.2377     -0.4875
    4.2862     -0.4690
    4.2988     -0.4505
    4.1560     -0.4320
    3.9935     -0.4135
    4.0754     -0.3950
    4.4587     -0.3765
    4.9357     -0.3580
    5.3168     -0.3395
    5.6300     -0.3210
    6.0502     -0.3025
    6.7506     -0.2840
    7.7502     -0.2655
    8.7408     -0.2470
    9.1114     -0.2285
    8.3652     -0.2100
    6.6431     -0.1915
    4.7143     -0.1730
    3.3361     -0.1545
    2.7412     -0.1360
    2.7460     -0.1175
    3.0700     -0.0990
    3.4876     -0.0805
    3.9354     -0.0620
    4.5430     -0.0435
    5.3812     -0.0250
    6.2385     -0.0065
    6.8274      0.0120
    7.0672      0.0305
    7.0091      0.0490
    6.7046      0.0675
    6.3100      0.0860
    6.0566      0.1045
    5.9270      0.1230
    5.6108      0.1415
    4.9505      0.1600
    4.1933      0.1785
    3.7179      0.1970
    3.7304      0.2155
    4.1724      0.2340
    4.7050      0.2525
    4.9016      0.2710
    4.6628      0.2895
    4.3363      0.3080
    4.2658      0.3265
    4.3206      0.3450
    4.0623      0.3635
    3.3378      0.3820
    2.5099      0.4005
    2.0919      0.4190
    2.3243      0.4375
    3.1409      0.4560
    4.3967      0.4745
    5.9803      0.4930
    7.6909      0.5115
    9.0873      0.5300
    9.5831      0.5485
    8.8439      0.5670
    7.1702      0.5855
    5.3908      0.6040
    4.2765      0.6225
    4.0793      0.6410
    4.5700      0.6595
    5.3128      0.6780
    5.8645      0.6965
    5.9165      0.7150
    5.4085      0.7335
    4.5235      0.7520
    3.5702      0.7705
    2.8336      0.7890
    2.4438      0.8075
    2.3573      0.8260
    2.5007      0.8445
    2.8842      0.8630
    3.5054      0.8815
    4.2526      0.9000
    4.9920      0.9185
    5.6354      0.9370
    6.0685      0.9555
    6.1365      0.9740
    5.7956      0.9925
    5.2468      1.0110
    4.8075      1.0295
    4.5880      1.0480
    4.3954      1.0665
    4.0172      1.0850
    3.4735      1.1035
    2.9254      1.1220
    2.4915      1.1405
    2.2387      1.1590
    2.2503      1.1775
    2.6117      1.1960
    3.2890      1.2145
    4.0207      1.2330
    4.4424      1.2515
    4.4066      1.2700
    4.1130      1.2885
    3.8766      1.3070
    3.8535      1.3255
    4.0427      1.3440
    4.4299      1.3625
    4.9794      1.3810
    5.5231      1.3995
    5.8504      1.4180
    5.9466      1.4365
    5.9642      1.4550
    5.9338      1.4735
    5.7323      1.4920
    5.3720      1.5105
    5.0843      1.5290
    5.0415      1.5475
    5.1419      1.5660
    5.1136      1.5845
    4.8090      1.6030
    4.3968      1.6215
    4.1872      1.6400
    4.2484      1.6585
    4.3058      1.6770
    4.0233      1.6955
    3.3155      1.7140
    2.4257      1.7325
    1.7707      1.7510
    1.6792      1.7695
    2.1830      1.7880
    3.0044      1.8065
    3.7663      1.8250
    4.2482      1.8435
    4.4585      1.8620
    4.5353      1.8805
    4.6442      1.8990
    4.8792      1.9175
    5.1439      1.9360
    5.1695      1.9545
    4.7597      1.9730
    4.0536      1.9915
