    0.0070     -8.0000
    0.0112     -7.9800
    0.0174     -7.9600
    0.0205     -7.9400
    0.0179     -7.9200
    0.0124     -7.9000
    0.0096     -7.8800
    0.0148     -7.8600
    0.0289     -7.8400
    0.0457     -7.8200
    0.0542     -7.8000
    0.0502     -7.7800
    0.0434     -7.7600
    0.0483     -7.7400
    0.0684     -7.7200
    0.0929     -7.7000
    0.1125     -7.6800
    0.1346     -7.6600
    0.1783     -7.6400
    0.2617     -7.6200
    0.3895     -7.6000
    0.5306     -7.5800
    0.6152     -7.5600
    0.5911     -7.5400
    0.4877     -7.5200
    0.3897     -7.5000
    0.3415     -7.4800
    0.3111     -7.4600
    0.2536     -7.4400
    0.1722     -7.4200
    0.0998     -7.4000
    0.0539     -7.3800
    0.0312     -7.3600
    0.0253     -7.3400
    0.0327     -7.3200
    0.0493     -7.3000
    0.0708     -7.2800
    0.0915     -7.2600
    0.1047     -7.2400
    0.1079     -7.2200
    0.1050     -7.2000
    0.0977     -7.1800
    0.0814     -7.1600
    0.0561     -7.1400
    0.0307     -7.1200
    0.0154     -7.1000
    0.0138     -7.0800
    0.0248     -7.0600
    0.0419     -7.0400
    0.0543     -7.0200
    0.0550     -7.0000
    0.0480     -6.9800
    0.0423     -6.9600
    0.0444     -6.9400
    0.0591     -6.9200
    0.0929     -6.9000
    0.1484     -6.8800
    0.2119     -6.8600
    0.2500     -6.8400
    0.2363     -6.8200
    0.1836     -6.8000
    0.1320     -6.7800
    0.1041     -6.7600
    0.0896     -6.7400
    0.0714     -6.7200
    0.0479     -6.7000
    0.0276     -6.6800
    0.0165     -6.6600
    0.0147     -6.6400
    0.0194     -6.6200
    0.0273     -6.6000
    0.0336     -6.5800
    0.0341     -6.5600
    0.0284     -6.5400
    0.0203     -6.5200
    0.0147     -6.5000
    0.0154     -6.4800
    0.0238     -6.4600
    0.0376     -6.4400
    0.0533     -6.4200
    0.0678     -6.4000
    0.0770     -6.3800
    0.0771     -6.3600
    0.0679     -6.3400
    0.0528     -6.3200
    0.0360     -6.3000
    0.0222     -6.2800
    0.0168     -6.2600
    0.0222     -6.2400
    0.0351     -6.2200
    0.0471     -6.2000
    0.0505     -6.1800
    0.0467     -6.1600
    0.0434     -6.1400
    0.0445     -6.1200
    0.0470     -6.1000
    0.0491     -6.0800
    0.0555     -6.0600
    0.0680     -6.0400
    0.0794     -6.0200
    0.0816     -6.0000
    0.0738     -5.9800
    0.0604     -5.9600
    0.0475     -5.9400
    0.0419     -5.9200
    0.0460     -5.9000
    0.0564     -5.8800
    0.0710     -5.8600
    0.0913     -5.8400
    0.1147     -5.8200
    0.1326     -5.8000
    0.1409     -5.7800
    0.1440     -5.7600
    0.1488     -5.7400
    0.1564     -5.7200
    0.1611     -5.7000
    0.1603     -5.6800
    0.1586     -5.6600
    0.1574     -5.6400
    0.1502     -5.6200
    0.1310     -5.6000
    0.1032     -5.5800
    0.0772     -5.5600
    0.0608     -5.5400
    0.0530     -5.5200
    0.0474     -5.5000
    0.0398     -5.4800
    0.0311     -5.4600
    0.0247     -5.4400
    0.0253     -5.4200
    0.0377     -5.4000
    0.0626     -5.3800
    0.0945     -5.3600
    0.1237     -5.3400
    0.1400     -5.3200
    0.1378     -5.3000
    0.1236     -5.2800
    0.1132     -5.2600
    0.1171     -5.2400
    0.1319     -5.2200
    0.1458     -5.2000
    0.1472     -5.1800
    0.1330     -5.1600
    0.1115     -5.1400
    0.0944     -5.1200
    0.0855     -5.1000
    0.0788     -5.0800
    0.0691     -5.0600
    0.0615     -5.0400
    0.0684     -5.0200
    0.0962     -5.0000
    0.1383     -4.9800
    0.1805     -4.9600
    0.2132     -4.9400
    0.2399     -4.9200
    0.2731     -4.9000
    0.3144     -4.8800
    0.3399     -4.8600
    0.3205     -4.8400
    0.2598     -4.8200
    0.1987     -4.8000
    0.1774     -4.7800
    0.2019     -4.7600
    0.2492     -4.7400
    0.2964     -4.7200
    0.3352     -4.7000
    0.3652     -4.6800
    0.3837     -4.6600
    0.3854     -4.6400
    0.3708     -4.6200
    0.3523     -4.6000
    0.3414     -4.5800
    0.3349     -4.5600
    0.3222     -4.5400
    0.3042     -4.5200
    0.2910     -4.5000
    0.2902     -4.4800
    0.3079     -4.4600
    0.3519     -4.4400
    0.4175     -4.4200
    0.4793     -4.4000
    0.5164     -4.3800
    0.5385     -4.3600
    0.5637     -4.3400
    0.5892     -4.3200
    0.6060     -4.3000
    0.6216     -4.2800
    0.6449     -4.2600
    0.6729     -4.2400
    0.7010     -4.2200
    0.7276     -4.2000
    0.7427     -4.1800
    0.7336     -4.1600
    0.7021     -4.1400
    0.6617     -4.1200
    0.6241     -4.1000
    0.5970     -4.0800
    0.5843     -4.0600
    0.5842     -4.0400
    0.5950     -4.0200
    0.6167     -4.0000
    0.6414     -3.9800
    0.6538     -3.9600
    0.6444     -3.9400
    0.6159     -3.9200
    0.5788     -3.9000
    0.5444     -3.8800
    0.5166     -3.8600
    0.4891     -3.8400
    0.4606     -3.8200
    0.4486     -3.8000
    0.4729     -3.7800
    0.5289     -3.7600
    0.5948     -3.7400
    0.6574     -3.7200
    0.7122     -3.7000
    0.7490     -3.6800
    0.7551     -3.6600
    0.7305     -3.6400
    0.6925     -3.6200
    0.6563     -3.6000
    0.6156     -3.5800
    0.5583     -3.5600
    0.4948     -3.5400
    0.4503     -3.5200
    0.4363     -3.5000
    0.4447     -3.4800
    0.4576     -3.4600
    0.4552     -3.4400
    0.4298     -3.4200
    0.4032     -3.4000
    0.4143     -3.3800
    0.4700     -3.3600
    0.5246     -3.3400
    0.5285     -3.3200
    0.4820     -3.3000
    0.4210     -3.2800
    0.3712     -3.2600
    0.3435     -3.2400
    0.3470     -3.2200
    0.3834     -3.2000
    0.4399     -3.1800
    0.4969     -3.1600
    0.5369     -3.1400
    0.5513     -3.1200
    0.5454     -3.1000
    0.5284     -3.0800
    0.5020     -3.0600
    0.4677     -3.0400
    0.4376     -3.0200
    0.4267     -3.0000
    0.4372     -2.9800
    0.4577     -2.9600
    0.4756     -2.9400
    0.4892     -2.9200
    0.5058     -2.9000
    0.5302     -2.8800
    0.5613     -2.8600
    0.5959     -2.8400
    0.6277     -2.8200
    0.6484     -2.8000
    0.6569     -2.7800
    0.6605     -2.7600
    0.6652     -2.7400
    0.6721     -2.7200
    0.6800     -2.7000
    0.6846     -2.6800
    0.6855     -2.6600
    0.6969     -2.6400
    0.7362     -2.6200
    0.7950     -2.6000
    0.8389     -2.5800
    0.8375     -2.5600
    0.7882     -2.5400
    0.7146     -2.5200
    0.6584     -2.5000
    0.6573     -2.4800
    0.7059     -2.4600
    0.7475     -2.4400
    0.7289     -2.4200
    0.6546     -2.4000
    0.5749     -2.3800
    0.5308     -2.3600
    0.5267     -2.3400
    0.5471     -2.3200
    0.5779     -2.3000
    0.6077     -2.2800
    0.6183     -2.2600
    0.5877     -2.2400
    0.5124     -2.2200
    0.4184     -2.2000
    0.3430     -2.1800
    0.3067     -2.1600
    0.3065     -2.1400
    0.3287     -2.1200
    0.3607     -2.1000
    0.3916     -2.0800
    0.4113     -2.0600
    0.4167     -2.0400
    0.4155     -2.0200
    0.4145     -2.0000
    0.4086     -1.9800
    0.3901     -1.9600
    0.3642     -1.9400
    0.3460     -1.9200
    0.3445     -1.9000
    0.3572     -1.8800
    0.3743     -1.8600
    0.3843     -1.8400
    0.3817     -1.8200
    0.3714     -1.8000
    0.3616     -1.7800
    0.3491     -1.7600
    0.3224     -1.7400
    0.2825     -1.7200
    0.2464     -1.7000
    0.2276     -1.6800
    0.2244     -1.6600
    0.2265     -1.6400
    0.2239     -1.6200
    0.2104     -1.6000
    0.1890     -1.5800
    0.1710     -1.5600
    0.1661     -1.5400
    0.1727     -1.5200
    0.1796     -1.5000
    0.1768     -1.4800
    0.1618     -1.4600
    0.1388     -1.4400
    0.1172     -1.4200
    0.1099     -1.4000
    0.1240     -1.3800
    0.1524     -1.3600
    0.1830     -1.3400
    0.2133     -1.3200
    0.2513     -1.3000
    0.2998     -1.2800
    0.3497     -1.2600
    0.3859     -1.2400
    0.3954     -1.2200
    0.3738     -1.2000
    0.3288     -1.1800
    0.2766     -1.1600
    0.2441     -1.1400
    0.2833     -1.1200
    0.4564     -1.1000
    0.7637     -1.0800
    1.0986     -1.0600
    1.3385     -1.0400
    1.4813     -1.0200
    1.6189     -1.0000
    1.7980     -0.9800
    1.9873     -0.9600
    2.1411     -0.9400
    2.2188     -0.9200
    2.1810     -0.9000
    2.0288     -0.8800
    1.8256     -0.8600
    1.6486     -0.8400
    1.5414     -0.8200
    1.5237     -0.8000
    1.6049     -0.7800
    1.7626     -0.7600
    1.9199     -0.7400
    1.9757     -0.7200
    1.8963     -0.7000
    1.7569     -0.6800
    1.6541     -0.6600
    1.6113     -0.6400
    1.6154     -0.6200
    1.6995     -0.6000
    1.9190     -0.5800
    2.2486     -0.5600
    2.5461     -0.5400
    2.6381     -0.5200
    2.4586     -0.5000
    2.1457     -0.4800
    1.9780     -0.4600
    2.1151     -0.4400
    2.4013     -0.4200
    2.5359     -0.4000
    2.4268     -0.3800
    2.2449     -0.3600
    2.1631     -0.3400
    2.1843     -0.3200
    2.1788     -0.3000
    2.0033     -0.2800
    1.6381     -0.2600
    1.2171     -0.2400
    0.8883     -0.2200
    0.6930     -0.2000
    0.5884     -0.1800
    0.5346     -0.1600
    0.5340     -0.1400
    0.5870     -0.1200
    0.6381     -0.1000
    0.6154     -0.0800
    0.5142     -0.0600
    0.4009     -0.0400
    0.3439     -0.0200
    0.3672      0.0000
    0.4612      0.0200
    0.6209      0.0400
    0.8447      0.0600
    1.0831      0.0800
    1.2294      0.1000
    1.2072      0.1200
    1.0373      0.1400
    0.8048      0.1600
    0.5982      0.1800
    0.4726      0.2000
    0.4330      0.2200
    0.4595      0.2400
    0.5364      0.2600
    0.6334      0.2800
    0.6893      0.3000
    0.6593      0.3200
    0.5588      0.3400
    0.4393      0.3600
    0.3424      0.3800
    0.2795      0.4000
    0.2392      0.4200
    0.2066      0.4400
    0.1793      0.4600
    0.1659      0.4800
    0.1788      0.5000
    0.2281      0.5200
    0.3177      0.5400
    0.4421      0.5600
    0.5758      0.5800
    0.6647      0.6000
    0.6580      0.6200
    0.5703      0.6400
    0.4867      0.6600
    0.4815      0.6800
    0.5394      0.7000
    0.5781      0.7200
    0.5456      0.7400
    0.4695      0.7600
    0.4071      0.7800
    0.3854      0.8000
    0.3957      0.8200
    0.4066      0.8400
    0.3866      0.8600
    0.3433      0.8800
    0.3318      0.9000
    0.3999      0.9200
    0.5292      0.9400
    0.6379      0.9600
    0.6467      0.9800
    0.5439      1.0000
    0.3827      1.0200
    0.2290      1.0400
    0.1232      1.0600
    0.0797      1.0800
    0.1004      1.1000
    0.1804      1.1200
    0.2933      1.1400
    0.3809      1.1600
    0.3929      1.1800
    0.3398      1.2000
    0.2822      1.2200
    0.2675      1.2400
    0.2956      1.2600
    0.3341      1.2800
    0.3439      1.3000
    0.3051      1.3200
    0.2315      1.3400
    0.1600      1.3600
    0.1234      1.3800
    0.1357      1.4000
    0.1875      1.4200
    0.2431      1.4400
    0.2659      1.4600
    0.2599      1.4800
    0.2678      1.5000
    0.3210      1.5200
    0.4019      1.5400
    0.4582      1.5600
    0.4594      1.5800
    0.4423      1.6000
    0.4836      1.6200
    0.6136      1.6400
    0.7665      1.6600
    0.8323      1.6800
    0.7609      1.7000
    0.5965      1.7200
    0.4163      1.7400
    0.2710      1.7600
    0.1781      1.7800
    0.1375      1.8000
    0.1408      1.8200
    0.1715      1.8400
    0.2075      1.8600
    0.2298      1.8800
    0.2298      1.9000
    0.2094      1.9200
    0.1819      1.9400
    0.1710      1.9600
    0.1979      1.9800
    0.2647      2.0000
