    0.1800     -8.0000
    0.2685     -7.9800
    0.4488     -7.9600
    0.5882     -7.9400
    0.5786     -7.9200
    0.4343     -7.9000
    0.2860     -7.8800
    0.2728     -7.8600
    0.4510     -7.8400
    0.7607     -7.8200
    1.0489     -7.8000
    1.1795     -7.7800
    1.1688     -7.7600
    1.1828     -7.7400
    1.3363     -7.7200
    1.5200     -7.7000
    1.5580     -7.6800
    1.4951     -7.6600
    1.5724     -7.6400
    1.9896     -7.6200
    2.7635     -7.6000
    3.6434     -7.5800
    4.1557     -7.5600
    3.9907     -7.5400
    3.3810     -7.5200
    2.8717     -7.5000
    2.6907     -7.4800
    2.5717     -7.4600
    2.2249     -7.4400
    1.7091     -7.4200
    1.2433     -7.4000
    0.9330     -7.3800
    0.8207     -7.3600
    0.9544     -7.3400
    1.2679     -7.3200
    1.5784     -7.3000
    1.7871     -7.2800
    1.9396     -7.2600
    2.0830     -7.2400
    2.2491     -7.2200
    2.4883     -7.2000
    2.6880     -7.1800
    2.5359     -7.1600
    1.9098     -7.1400
    1.1081     -7.1200
    0.5425     -7.1000
    0.3993     -7.0800
    0.6346     -7.0600
    1.0538     -7.0400
    1.3703     -7.0200
    1.4084     -7.0000
    1.2814     -6.9800
    1.2608     -6.9600
    1.5623     -6.9400
    2.3248     -6.9200
    3.6182     -6.9000
    5.3362     -6.8800
    7.0136     -6.8600
    7.8146     -6.8400
    7.1709     -6.8200
    5.5773     -6.8000
    4.1860     -6.7800
    3.5193     -6.7600
    3.1368     -6.7400
    2.5198     -6.7200
    1.7193     -6.7000
    1.0931     -6.6800
    0.8369     -6.6600
    0.9015     -6.6400
    1.1377     -6.6200
    1.3951     -6.6000
    1.5577     -6.5800
    1.5566     -6.5600
    1.3778     -6.5400
    1.0712     -6.5200
    0.7542     -6.5000
    0.5790     -6.4800
    0.6428     -6.4600
    0.9286     -6.4400
    1.3693     -6.4200
    1.9198     -6.4000
    2.5023     -6.3800
    2.9503     -6.3600
    3.0624     -6.3400
    2.7079     -6.3200
    1.9768     -6.3000
    1.2303     -6.2800
    0.8679     -6.2600
    1.0271     -6.2400
    1.5032     -6.2200
    1.9053     -6.2000
    1.9670     -6.1800
    1.7665     -6.1600
    1.5592     -6.1400
    1.4459     -6.1200
    1.3683     -6.1000
    1.3659     -6.0800
    1.5971     -6.0600
    2.0562     -6.0400
    2.4697     -6.0200
    2.5763     -6.0000
    2.3426     -5.9800
    1.8790     -5.9600
    1.3628     -5.9400
    1.0152     -5.9200
    0.9680     -5.9000
    1.2125     -5.8800
    1.7420     -5.8600
    2.5592     -5.8400
    3.4886     -5.8200
    4.2116     -5.8000
    4.5373     -5.7800
    4.5160     -5.7600
    4.3586     -5.7400
    4.2835     -5.7200
    4.3952     -5.7000
    4.7255     -5.6800
    5.2456     -5.6600
    5.7209     -5.6400
    5.7679     -5.6200
    5.2008     -5.6000
    4.2347     -5.5800
    3.3281     -5.5600
    2.8297     -5.5400
    2.7180     -5.5200
    2.7057     -5.5000
    2.5604     -5.4800
    2.2429     -5.4600
    1.8712     -5.4400
    1.6951     -5.4200
    1.9984     -5.4000
    2.8908     -5.3800
    4.1908     -5.3600
    5.4780     -5.3400
    6.2382     -5.3200
    6.1476     -5.3000
    5.4251     -5.2800
    4.7479     -5.2600
    4.6263     -5.2400
    5.0025     -5.2200
    5.4294     -5.2000
    5.4372     -5.1800
    4.8953     -5.1600
    4.1497     -5.1400
    3.6542     -5.1200
    3.4819     -5.1000
    3.3255     -5.0800
    2.9693     -5.0600
    2.6366     -5.0400
    2.7631     -5.0200
    3.5235     -5.0000
    4.6849     -4.9800
    5.8368     -4.9600
    6.7573     -4.9400
    7.6651     -4.9200
    9.0541     -4.9000
   10.9786     -4.8800
   12.4752     -4.8600
   12.2649     -4.8400
   10.2808     -4.8200
    8.0053     -4.8000
    7.0690     -4.7800
    7.8409     -4.7600
    9.5042     -4.7400
   11.1436     -4.7200
   12.4637     -4.7000
   13.6434     -4.6800
   14.7685     -4.6600
   15.4941     -4.6400
   15.4614     -4.6200
   14.9487     -4.6000
   14.5116     -4.5800
   14.0929     -4.5600
   13.3035     -4.5400
   12.3486     -4.5200
   11.8128     -4.5000
   11.8052     -4.4800
   12.0208     -4.4600
   12.4220     -4.4400
   13.2680     -4.4200
   14.5465     -4.4000
   15.9059     -4.3800
   17.0678     -4.3600
   17.8368     -4.3400
   18.0468     -4.3200
   18.0413     -4.3000
   18.7046     -4.2800
   20.4576     -4.2600
   22.7236     -4.2400
   24.7547     -4.2200
   26.3489     -4.2000
   27.5468     -4.1800
   28.4591     -4.1600
   29.4984     -4.1400
   30.9633     -4.1200
   32.4798     -4.1000
   33.4042     -4.0800
   33.5307     -4.0600
   33.2186     -4.0400
   33.1099     -4.0200
   33.5574     -4.0000
   34.1191     -3.9800
   33.9396     -3.9600
   32.6212     -3.9400
   30.4446     -3.9200
   28.0769     -3.9000
   26.3037     -3.8800
   25.4838     -3.8600
   25.0670     -3.8400
   24.3374     -3.8200
   23.6965     -3.8000
   24.2524     -3.7800
   26.1659     -3.7600
   28.5443     -3.7400
   30.7913     -3.7200
   32.9974     -3.7000
   35.1665     -3.6800
   36.7639     -3.6600
   37.2395     -3.6400
   36.8069     -3.6200
   36.0056     -3.6000
   34.6147     -3.5800
   32.2703     -3.5600
   29.8913     -3.5400
   29.1396     -3.5200
   30.6894     -3.5000
   33.7162     -3.4800
   36.6426     -3.4600
   37.8841     -3.4400
   36.6739     -3.4200
   34.3501     -3.4000
   33.9402     -3.3800
   36.7519     -3.3600
   40.2775     -3.3400
   41.2129     -3.3200
   39.2914     -3.3000
   36.3372     -3.2800
   33.4840     -3.2600
   31.3467     -3.2400
   30.8471     -3.2200
   32.3425     -3.2000
   35.4344     -3.1800
   39.7227     -3.1600
   44.5047     -3.1400
   48.4897     -3.1200
   50.8598     -3.1000
   51.8196     -3.0800
   51.8343     -3.0600
   51.4750     -3.0400
   51.7996     -3.0200
   53.5456     -3.0000
   55.9462     -2.9800
   57.2623     -2.9600
   56.7756     -2.9400
   55.7105     -2.9200
   56.0348     -2.9000
   58.9669     -2.8800
   64.4512     -2.8600
   71.0201     -2.8400
   76.3791     -2.8200
   79.3575     -2.8000
   80.8641     -2.7800
   82.0767     -2.7600
   82.8602     -2.7400
   82.7201     -2.7200
   81.9847     -2.7000
   81.3773     -2.6800
   81.3730     -2.6600
   82.1014     -2.6400
   82.7616     -2.6200
   81.3210     -2.6000
   76.2787     -2.5800
   68.6049     -2.5600
   60.6864     -2.5400
   53.9662     -2.5200
   48.8375     -2.5000
   45.6453     -2.4800
   44.2042     -2.4600
   43.4035     -2.4400
   42.5642     -2.4200
   42.6834     -2.4000
   46.0717     -2.3800
   54.5921     -2.3600
   67.1699     -2.3400
   79.0280     -2.3200
   84.8174     -2.3000
   82.7376     -2.2800
   75.0280     -2.2600
   65.3370     -2.2400
   56.5262     -2.2200
   50.0753     -2.2000
   46.2829     -2.1800
   44.6845     -2.1600
   44.5152     -2.1400
   45.4056     -2.1200
   47.8357     -2.1000
   52.2625     -2.0800
   58.0306     -2.0600
   64.0420     -2.0400
   69.7605     -2.0200
   74.5192     -2.0000
   77.0862     -1.9800
   77.0470     -1.9600
   75.6310     -1.9400
   74.6808     -1.9200
   75.3467     -1.9000
   77.4086     -1.8800
   79.2109     -1.8600
   78.5634     -1.8400
   74.6533     -1.8200
   69.6210     -1.8000
   67.2199     -1.7800
   68.9659     -1.7600
   72.8929     -1.7400
   76.7392     -1.7200
   80.5964     -1.7000
   85.8589     -1.6800
   92.8903     -1.6600
   99.9704     -1.6400
  104.1554     -1.6200
  103.6388     -1.6000
   99.2786     -1.5800
   93.2306     -1.5600
   86.3747     -1.5400
   77.9692     -1.5200
   67.6247     -1.5000
   56.3262     -1.4800
   45.2971     -1.4600
   35.0689     -1.4400
   26.1766     -1.4200
   19.7466     -1.4000
   16.4362     -1.3800
   15.2404     -1.3600
   14.2844     -1.3400
   12.6800     -1.3200
   10.9689     -1.3000
    9.9731     -1.2800
    9.8479     -1.2600
   10.1130     -1.2400
   10.0919     -1.2200
    9.3421     -1.2000
    7.8949     -1.1800
    6.1230     -1.1600
    4.5082     -1.1400
    3.6144     -1.1200
    3.9526     -1.1000
    5.5096     -1.0800
    7.5668     -1.0600
    9.3881     -1.0400
   10.9078     -1.0200
   12.2790     -1.0000
   13.1654     -0.9800
   13.1308     -0.9600
   12.3180     -0.9400
   11.2188     -0.9200
   10.0970     -0.9000
    8.9721     -0.8800
    7.9073     -0.8600
    7.0529     -0.8400
    6.5556     -0.8200
    6.5551     -0.8000
    7.1127     -0.7800
    8.0182     -0.7600
    8.7676     -0.7400
    8.9200     -0.7200
    8.5008     -0.7000
    7.9010     -0.6800
    7.4119     -0.6600
    7.0660     -0.6400
    6.9101     -0.6200
    7.1614     -0.6000
    7.9729     -0.5800
    9.1425     -0.5600
   10.1204     -0.5400
   10.3195     -0.5200
    9.5370     -0.5000
    8.2464     -0.4800
    7.3957     -0.4600
    7.5555     -0.4400
    8.2188     -0.4200
    8.3665     -0.4000
    7.7422     -0.3800
    7.0356     -0.3600
    6.8614     -0.3400
    7.1052     -0.3200
    7.1751     -0.3000
    6.5554     -0.2800
    5.2709     -0.2600
    3.8948     -0.2400
    3.0155     -0.2200
    2.8168     -0.2000
    3.2150     -0.1800
    4.2251     -0.1600
    5.9258     -0.1400
    7.9194     -0.1200
    9.1955     -0.1000
    8.9627     -0.0800
    7.4372     -0.0600
    5.6123     -0.0400
    4.4569     -0.0200
    4.3373      0.0000
    4.9712      0.0200
    5.8897      0.0400
    6.8543      0.0600
    7.6570      0.0800
    7.8649      0.1000
    7.1989      0.1200
    5.8971      0.1400
    4.4689      0.1600
    3.3456      0.1800
    2.7374      0.2000
    2.5769      0.2200
    2.6560      0.2400
    2.8629      0.2600
    3.1480      0.2800
    3.3632      0.3000
    3.3460      0.3200
    3.0849      0.3400
    2.6912      0.3600
    2.2826      0.3800
    1.9218      0.4000
    1.6182      0.4200
    1.3955      0.4400
    1.3591      0.4600
    1.6620      0.4800
    2.3987      0.5000
    3.5361      0.5200
    4.9507      0.5400
    6.5060      0.5600
    7.9689      0.5800
    8.8476      0.6000
    8.6521      0.6200
    7.5507      0.6400
    6.4985      0.6600
    6.3676      0.6800
    6.9968      0.7000
    7.3582      0.7200
    6.7202      0.7400
    5.3634      0.7600
    4.0505      0.7800
    3.2226      0.8000
    2.8762      0.8200
    2.7785      0.8400
    2.6614      0.8600
    2.4948      0.8800
    2.5853      0.9000
    3.2226      0.9200
    4.2479      0.9400
    5.0687      0.9600
    5.1308      0.9800
    4.3646      1.0000
    3.1598      1.0200
    1.9950      1.0400
    1.1852      1.0600
    0.8936      1.0800
    1.2254      1.1000
    2.2047      1.1200
    3.5723      1.1400
    4.7129      1.1600
    5.0918      1.1800
    4.8041      1.2000
    4.4231      1.2200
    4.3438      1.2400
    4.5185      1.2600
    4.6732      1.2800
    4.5146      1.3000
    3.8880      1.3200
    2.9455      1.3400
    2.0846      1.3600
    1.6701      1.3800
    1.8435      1.4000
    2.4606      1.4200
    3.1220      1.4400
    3.4855      1.4600
    3.6669      1.4800
    4.1323      1.5000
    5.1170      1.5200
    6.2572      1.5400
    6.8075      1.5600
    6.3351      1.5800
    5.3011      1.6000
    4.7369      1.6200
    5.2251      1.6400
    6.3317      1.6600
    7.0687      1.6800
    6.8098      1.7000
    5.6869      1.7200
    4.2419      1.7400
    2.9639      1.7600
    2.1434      1.7800
    1.9049      1.8000
    2.2086      1.8200
    2.8136      1.8400
    3.3523      1.8600
    3.5612      1.8800
    3.4169      1.9000
    3.0448      1.9200
    2.6334      1.9400
    2.4404      1.9600
    2.6974      1.9800
    3.4137      2.0000
