    0.0000     -8.0000
    0.0000     -7.9810
    0.0000     -7.9620
    0.0000     -7.9430
    0.0000     -7.9240
    0.0000     -7.9050
    0.0000     -7.8860
    0.0000     -7.8670
    0.0000     -7.8480
    0.0000     -7.8290
    0.0000     -7.8100
    0.0000     -7.7910
    0.0000     -7.7720
    0.0000     -7.7530
    0.0000     -7.7340
    0.0000     -7.7150
    0.0000     -7.6960
    0.0000     -7.6770
    0.0000     -7.6580
    0.0000     -7.6390
    0.0000     -7.6200
    0.0000     -7.6010
    0.0000     -7.5820
    0.0000     -7.5630
    0.0000     -7.5440
    0.0000     -7.5250
    0.0000     -7.5060
    0.0000     -7.4870
    0.0000     -7.4680
    0.0000     -7.4490
    0.0000     -7.4300
    0.0000     -7.4110
    0.0000     -7.3920
    0.0000     -7.3730
    0.0000     -7.3540
    0.0000     -7.3350
    0.0000     -7.3160
    0.0000     -7.2970
    0.0000     -7.2780
    0.0000     -7.2590
    0.0001     -7.2400
    0.0005     -7.2210
    0.0027     -7.2020
    0.0112     -7.1830
    0.0368     -7.1640
    0.0981     -7.1450
    0.2162     -7.1260
    0.3931     -7.1070
    0.5843     -7.0880
    0.7138     -7.0690
    0.7597     -7.0500
    0.8094     -7.0310
    0.9691     -7.0120
    1.2447     -6.9930
    1.6123     -6.9740
    2.2047     -6.9550
    3.2641     -6.9360
    4.7413     -6.9170
    6.0328     -6.8980
    6.4108     -6.8790
    5.7400     -6.8600
    4.5159     -6.8410
    3.2726     -6.8220
    2.2671     -6.8030
    1.6245     -6.7840
    1.3917     -6.7650
    1.4120     -6.7460
    1.4055     -6.7270
    1.2485     -6.7080
    1.0320     -6.6890
    0.8438     -6.6700
    0.6602     -6.6510
    0.4681     -6.6320
    0.3512     -6.6130
    0.4185     -6.5940
    0.7041     -6.5750
    1.1234     -6.5560
    1.4866     -6.5370
    1.5887     -6.5180
    1.3625     -6.4990
    0.9608     -6.4800
    0.6338     -6.4610
    0.5127     -6.4420
    0.5369     -6.4230
    0.5655     -6.4040
    0.5258     -6.3850
    0.4721     -6.3660
    0.5275     -6.3470
    0.7613     -6.3280
    1.1121     -6.3090
    1.4446     -6.2900
    1.6709     -6.2710
    1.7668     -6.2520
    1.7104     -6.2330
    1.5200     -6.2140
    1.3280     -6.1950
    1.2800     -6.1760
    1.3714     -6.1570
    1.4830     -6.1380
    1.5559     -6.1190
    1.6623     -6.1000
    1.9305     -6.0810
    2.4641     -6.0620
    3.3178     -6.0430
    4.4996     -6.0240
    5.9677     -6.0050
    7.6245     -5.9860
    9.3778     -5.9670
   11.2562     -5.9480
   13.3664     -5.9290
   15.6856     -5.9100
   18.0906     -5.8910
   20.7317     -5.8720
   24.0641     -5.8530
   28.1198     -5.8340
   31.9575     -5.8150
   34.2987     -5.7960
   34.7684     -5.7770
   34.2479     -5.7580
   33.8083     -5.7390
   33.5639     -5.7200
   33.0072     -5.7010
   32.2379     -5.6820
   32.3006     -5.6630
   34.2301     -5.6440
   37.9136     -5.6250
   41.9544     -5.6060
   44.7478     -5.5870
   45.7459     -5.5680
   45.7667     -5.5490
   46.1460     -5.5300
   47.2849     -5.5110
   47.9876     -5.4920
   46.9273     -5.4730
   44.6467     -5.4540
   42.9136     -5.4350
   42.2971     -5.4160
   41.7858     -5.3970
   40.6378     -5.3780
   39.2578     -5.3590
   38.1085     -5.3400
   36.8610     -5.3210
   35.1796     -5.3020
   33.5583     -5.2830
   32.7059     -5.2640
   32.7557     -5.2450
   33.6248     -5.2260
   35.5248     -5.2070
   38.5497     -5.1880
   42.0869     -5.1690
   45.1340     -5.1500
   47.0693     -5.1310
   47.7812     -5.1120
   47.4545     -5.0930
   46.7821     -5.0740
   46.8500     -5.0550
   47.9735     -5.0360
   49.0161     -5.0170
   48.6641     -4.9980
   47.0048     -4.9790
   45.0929     -4.9600
   43.4485     -4.9410
   41.8311     -4.9220
   40.1681     -4.9030
   38.9639     -4.8840
   38.7773     -4.8650
   39.5637     -4.8460
   40.6123     -4.8270
   41.1245     -4.8080
   40.7934     -4.7890
   39.9864     -4.7700
   39.5259     -4.7510
   39.9272     -4.7320
   40.6582     -4.7130
   40.6254     -4.6940
   39.5535     -4.6750
   38.4988     -4.6560
   38.8967     -4.6370
   41.1763     -4.6180
   44.2485     -4.5990
   46.5757     -4.5800
   47.9080     -4.5610
   49.6341     -4.5420
   53.3054     -4.5230
   59.1257     -4.5040
   65.8836     -4.4850
   71.9783     -4.4660
   76.3782     -4.4470
   78.9309     -4.4280
   80.1628     -4.4090
   80.7240     -4.3900
   80.7556     -4.3710
   79.9070     -4.3520
   77.9488     -4.3330
   74.8289     -4.3140
   70.2563     -4.2950
   64.1445     -4.2760
   57.5035     -4.2570
   52.1871     -4.2380
   49.7373     -4.2190
   50.4585     -4.2000
   52.9768     -4.1810
   54.7530     -4.1620
   53.8741     -4.1430
   50.6960     -4.1240
   47.5010     -4.1050
   46.4030     -4.0860
   47.6617     -4.0670
   49.8948     -4.0480
   51.5161     -4.0290
   51.9435     -4.0100
   51.8340     -3.9910
   52.4057     -3.9720
   54.4131     -3.9530
   57.4842     -3.9340
   60.2870     -3.9150
   61.4302     -3.8960
   60.4820     -3.8770
   58.3300     -3.8580
   56.3965     -3.8390
   55.4040     -3.8200
   55.1711     -3.8010
   55.4440     -3.7820
   56.3251     -3.7630
   57.8350     -3.7440
   59.4951     -3.7250
   60.5591     -3.7060
   60.5596     -3.6870
   59.5852     -3.6680
   58.2251     -3.6490
   57.2676     -3.6300
   57.1753     -3.6110
   57.8083     -3.5920
   58.7484     -3.5730
   59.7854     -3.5540
   61.0395     -3.5350
   62.6339     -3.5160
   64.2602     -3.4970
   65.1665     -3.4780
   64.6014     -3.4590
   62.3176     -3.4400
   58.8678     -3.4210
   55.5277     -3.4020
   53.7346     -3.3830
   54.2401     -3.3640
   56.6121     -3.3450
   59.6991     -3.3260
   62.5955     -3.3070
   64.9502     -3.2880
   66.6372     -3.2690
   67.5868     -3.2500
   67.7242     -3.2310
   66.8966     -3.2120
   65.1074     -3.1930
   62.7670     -3.1740
   60.5856     -3.1550
   59.3518     -3.1360
   59.5973     -3.1170
   61.1797     -3.0980
   63.5281     -3.0790
   66.4233     -3.0600
   70.0019     -3.0410
   74.0317     -3.0220
   77.6869     -3.0030
   79.8509     -2.9840
   79.4669     -2.9650
   76.1139     -2.9460
   70.4684     -2.9270
   63.8549     -2.9080
   57.2226     -2.8890
   50.7712     -2.8700
   44.5959     -2.8510
   39.2067     -2.8320
   34.9791     -2.8130
   31.5475     -2.7940
   28.2005     -2.7750
   24.3872     -2.7560
   19.7622     -2.7370
   14.4850     -2.7180
    9.4610     -2.6990
    5.6732     -2.6800
    3.3540     -2.6610
    2.0869     -2.6420
    1.4217     -2.6230
    1.1064     -2.6040
    0.9616     -2.5850
    0.8706     -2.5660
    0.8814     -2.5470
    1.1159     -2.5280
    1.5390     -2.5090
    1.9840     -2.4900
    2.5059     -2.4710
    3.5026     -2.4520
    5.1877     -2.4330
    7.0367     -2.4140
    8.1300     -2.3950
    8.0467     -2.3760
    7.0954     -2.3570
    5.7776     -2.3380
    4.4413     -2.3190
    3.3940     -2.3000
    2.9218     -2.2810
    3.0319     -2.2620
    3.3359     -2.2430
    3.3266     -2.2240
    2.7821     -2.2050
    1.9170     -2.1860
    1.1732     -2.1670
    0.8735     -2.1480
    1.0408     -2.1290
    1.4406     -2.1100
    1.7499     -2.0910
    1.7840     -2.0720
    1.6298     -2.0530
    1.5082     -2.0340
    1.5186     -2.0150
    1.6051     -1.9960
    1.7362     -1.9770
    2.0000     -1.9580
    2.5141     -1.9390
    3.3015     -1.9200
    4.2754     -1.9010
    5.2935     -1.8820
    6.1818     -1.8630
    6.7693     -1.8440
    6.9598     -1.8250
    6.7124     -1.8060
    5.9853     -1.7870
    4.8333     -1.7680
    3.5494     -1.7490
    2.5781     -1.7300
    2.2113     -1.7110
    2.3768     -1.6920
    2.7485     -1.6730
    3.0488     -1.6540
    3.2256     -1.6350
    3.3634     -1.6160
    3.4649     -1.5970
    3.3578     -1.5780
    2.8620     -1.5590
    2.0380     -1.5400
    1.1889     -1.5210
    0.6197     -1.5020
    0.4676     -1.4830
    0.7363     -1.4640
    1.3664     -1.4450
    2.2380     -1.4260
    3.1806     -1.4070
    4.0444     -1.3880
    4.8010     -1.3690
    5.5742     -1.3500
    6.4731     -1.3310
    7.3213     -1.3120
    7.6675     -1.2930
    7.1959     -1.2740
    6.0731     -1.2550
    4.7853     -1.2360
    3.7118     -1.2170
    2.9611     -1.1980
    2.4782     -1.1790
    2.1687     -1.1600
    2.0227     -1.1410
    2.1943     -1.1220
    2.8373     -1.1030
    3.8223     -1.0840
    4.7756     -1.0650
    5.4628     -1.0460
    5.9895     -1.0270
    6.5678     -1.0080
    7.2614     -0.9890
    8.0241     -0.9700
    8.7949     -0.9510
    9.5221     -0.9320
   10.2124     -0.9130
   10.8244     -0.8940
   11.0660     -0.8750
   10.6524     -0.8560
    9.7850     -0.8370
    8.9596     -0.8180
    8.3802     -0.7990
    7.9191     -0.7800
    7.4629     -0.7610
    6.9844     -0.7420
    6.4314     -0.7230
    5.8292     -0.7040
    5.4534     -0.6850
    5.6262     -0.6660
    6.3016     -0.6470
    7.1046     -0.6280
    7.7844     -0.6090
    8.2920     -0.5900
    8.4511     -0.5710
    8.0274     -0.5520
    7.1230     -0.5330
    6.1267     -0.5140
    5.3527     -0.4950
    4.8873     -0.4760
    4.5736     -0.4570
    4.1026     -0.4380
    3.3132     -0.4190
    2.3729     -0.4000
    1.6186     -0.3810
    1.3301     -0.3620
    1.6112     -0.3430
    2.3380     -0.3240
    3.2154     -0.3050
    3.9579     -0.2860
    4.4156     -0.2670
    4.5680     -0.2480
    4.5443     -0.2290
    4.6172     -0.2100
    4.9270     -0.1910
    5.2183     -0.1720
    5.1068     -0.1530
    4.6123     -0.1340
    4.2510     -0.1150
    4.5475     -0.0960
    5.4513     -0.0770
    6.2846     -0.0580
    6.3804     -0.0390
    5.7263     -0.0200
    4.8660     -0.0010
    4.2733      0.0180
    3.9668      0.0370
    3.6837      0.0560
    3.2640      0.0750
    2.7721      0.0940
    2.3406      0.1130
    2.0820      0.1320
    2.1459      0.1510
    2.6611      0.1700
    3.5103      0.1890
    4.2466      0.2080
    4.3778      0.2270
    3.7786      0.2460
    2.7640      0.2650
    1.7620      0.2840
    1.0149      0.3030
    0.5760      0.3220
    0.4313      0.3410
    0.5550      0.3600
    0.9114      0.3790
    1.4251      0.3980
    1.9445      0.4170
    2.3146      0.4360
    2.5383      0.4550
    2.7759      0.4740
    3.1510      0.4930
    3.6749      0.5120
    4.3799      0.5310
    5.3633      0.5500
    6.5924      0.5690
    7.7480      0.5880
    8.4023      0.6070
    8.3664      0.6260
    7.7785      0.6450
    6.8937      0.6640
    5.9566      0.6830
    5.2229      0.7020
    4.8307      0.7210
    4.6356      0.7400
    4.3614      0.7590
    3.8737      0.7780
    3.2190      0.7970
    2.5164      0.8160
    1.9040      0.8350
    1.5522      0.8540
    1.6291      0.8730
    2.1240      0.8920
    2.7145      0.9110
    2.9941      0.9300
    2.8797      0.9490
    2.6255      0.9680
    2.4468      0.9870
    2.3220      1.0060
    2.1397      1.0250
    1.8728      1.0440
    1.6126      1.0630
    1.5132      1.0820
    1.6868      1.1010
    2.0951      1.1200
    2.5311      1.1390
    2.7721      1.1580
    2.7992      1.1770
    2.8088      1.1960
    3.0037      1.2150
    3.4174      1.2340
    3.8618      1.2530
    3.9973      1.2720
    3.6132      1.2910
    2.9154      1.3100
    2.4016      1.3290
    2.3856      1.3480
    2.7608      1.3670
    3.2992      1.3860
    4.0162      1.4050
    5.0393      1.4240
    6.2599      1.4430
    7.3791      1.4620
    8.1496      1.4810
    8.3565      1.5000
    7.7980      1.5190
    6.5387      1.5380
    5.0512      1.5570
    3.8939      1.5760
    3.2434      1.5950
    2.8636      1.6140
    2.5058      1.6330
    2.1707      1.6520
    1.9948      1.6710
    2.0325      1.6900
    2.1528      1.7090
    2.1271      1.7280
    1.8782      1.7470
    1.6113      1.7660
    1.6134      1.7850
    1.9538      1.8040
    2.4388      1.8230
    2.8214      1.8420
    2.9808      1.8610
    2.9181      1.8800
    2.7070      1.8990
    2.5181      1.9180
    2.5665      1.9370
    2.9150      1.9560
    3.4124      1.9750
    3.8935      1.9940
