    0.1000     -8.0000
    0.0979     -7.9800
    0.0707     -7.9600
    0.0382     -7.9400
    0.0182     -7.9200
    0.0166     -7.9000
    0.0377     -7.8800
    0.0901     -7.8600
    0.1791     -7.8400
    0.2956     -7.8200
    0.4200     -7.8000
    0.5326     -7.7800
    0.6062     -7.7600
    0.5995     -7.7400
    0.4903     -7.7200
    0.3178     -7.7000
    0.1585     -7.6800
    0.0607     -7.6600
    0.0217     -7.6400
    0.0200     -7.6200
    0.0415     -7.6000
    0.0778     -7.5800
    0.1159     -7.5600
    0.1385     -7.5400
    0.1337     -7.5200
    0.1031     -7.5000
    0.0631     -7.4800
    0.0324     -7.4600
    0.0185     -7.4400
    0.0159     -7.4200
    0.0156     -7.4000
    0.0136     -7.3800
    0.0125     -7.3600
    0.0165     -7.3400
    0.0270     -7.3200
    0.0427     -7.3000
    0.0615     -7.2800
    0.0790     -7.2600
    0.0899     -7.2400
    0.0936     -7.2200
    0.0937     -7.2000
    0.0884     -7.1800
    0.0724     -7.1600
    0.0480     -7.1400
    0.0259     -7.1200
    0.0158     -7.1000
    0.0211     -7.0800
    0.0384     -7.0600
    0.0573     -7.0400
    0.0659     -7.0200
    0.0615     -7.0000
    0.0521     -6.9800
    0.0446     -6.9600
    0.0400     -6.9400
    0.0388     -6.9200
    0.0421     -6.9000
    0.0506     -6.8800
    0.0654     -6.8600
    0.0913     -6.8400
    0.1353     -6.8200
    0.1984     -6.8000
    0.2616     -6.7800
    0.2902     -6.7600
    0.2620     -6.7400
    0.1915     -6.7200
    0.1160     -6.7000
    0.0646     -6.6800
    0.0435     -6.6600
    0.0427     -6.6400
    0.0467     -6.6200
    0.0447     -6.6000
    0.0363     -6.5800
    0.0289     -6.5600
    0.0297     -6.5400
    0.0398     -6.5200
    0.0534     -6.5000
    0.0637     -6.4800
    0.0703     -6.4600
    0.0761     -6.4400
    0.0787     -6.4200
    0.0744     -6.4000
    0.0661     -6.3800
    0.0582     -6.3600
    0.0495     -6.3400
    0.0390     -6.3200
    0.0324     -6.3000
    0.0366     -6.2800
    0.0497     -6.2600
    0.0608     -6.2400
    0.0625     -6.2200
    0.0590     -6.2000
    0.0596     -6.1800
    0.0670     -6.1600
    0.0762     -6.1400
    0.0803     -6.1200
    0.0766     -6.1000
    0.0703     -6.0800
    0.0718     -6.0600
    0.0844     -6.0400
    0.0986     -6.0200
    0.1027     -6.0000
    0.0966     -5.9800
    0.0873     -5.9600
    0.0805     -5.9400
    0.0826     -5.9200
    0.1010     -5.9000
    0.1299     -5.8800
    0.1504     -5.8600
    0.1530     -5.8400
    0.1518     -5.8200
    0.1667     -5.8000
    0.1949     -5.7800
    0.2113     -5.7600
    0.1993     -5.7400
    0.1706     -5.7200
    0.1483     -5.7000
    0.1396     -5.6800
    0.1354     -5.6600
    0.1325     -5.6400
    0.1399     -5.6200
    0.1591     -5.6000
    0.1750     -5.5800
    0.1702     -5.5600
    0.1422     -5.5400
    0.1024     -5.5200
    0.0656     -5.5000
    0.0403     -5.4800
    0.0286     -5.4600
    0.0302     -5.4400
    0.0446     -5.4200
    0.0710     -5.4000
    0.1076     -5.3800
    0.1472     -5.3600
    0.1758     -5.3400
    0.1843     -5.3200
    0.1782     -5.3000
    0.1712     -5.2800
    0.1700     -5.2600
    0.1738     -5.2400
    0.1778     -5.2200
    0.1747     -5.2000
    0.1596     -5.1800
    0.1374     -5.1600
    0.1190     -5.1400
    0.1093     -5.1200
    0.1046     -5.1000
    0.1022     -5.0800
    0.1087     -5.0600
    0.1344     -5.0400
    0.1819     -5.0200
    0.2426     -5.0000
    0.3033     -4.9800
    0.3543     -4.9600
    0.3934     -4.9400
    0.4193     -4.9200
    0.4247     -4.9000
    0.4009     -4.8800
    0.3533     -4.8600
    0.3062     -4.8400
    0.2874     -4.8200
    0.3096     -4.8000
    0.3636     -4.7800
    0.4255     -4.7600
    0.4722     -4.7400
    0.4976     -4.7200
    0.5095     -4.7000
    0.5120     -4.6800
    0.5000     -4.6600
    0.4724     -4.6400
    0.4365     -4.6200
    0.3994     -4.6000
    0.3695     -4.5800
    0.3637     -4.5600
    0.3954     -4.5400
    0.4583     -4.5200
    0.5298     -4.5000
    0.5823     -4.4800
    0.6019     -4.4600
    0.6072     -4.4400
    0.6347     -4.4200
    0.6927     -4.4000
    0.7472     -4.3800
    0.7629     -4.3600
    0.7393     -4.3400
    0.6985     -4.3200
    0.6568     -4.3000
    0.6201     -4.2800
    0.5888     -4.2600
    0.5629     -4.2400
    0.5410     -4.2200
    0.5166     -4.2000
    0.4866     -4.1800
    0.4599     -4.1600
    0.4437     -4.1400
    0.4327     -4.1200
    0.4213     -4.1000
    0.4155     -4.0800
    0.4248     -4.0600
    0.4460     -4.0400
    0.4618     -4.0200
    0.4567     -4.0000
    0.4315     -3.9800
    0.3962     -3.9600
    0.3608     -3.9400
    0.3355     -3.9200
    0.3261     -3.9000
    0.3264     -3.8800
    0.3271     -3.8600
    0.3303     -3.8400
    0.3456     -3.8200
    0.3780     -3.8000
    0.4235     -3.7800
    0.4698     -3.7600
    0.5015     -3.7400
    0.5108     -3.7200
    0.5019     -3.7000
    0.4827     -3.6800
    0.4587     -3.6600
    0.4347     -3.6400
    0.4093     -3.6200
    0.3750     -3.6000
    0.3327     -3.5800
    0.2958     -3.5600
    0.2777     -3.5400
    0.2804     -3.5200
    0.2957     -3.5000
    0.3091     -3.4800
    0.3073     -3.4600
    0.2917     -3.4400
    0.2820     -3.4200
    0.2949     -3.4000
    0.3198     -3.3800
    0.3287     -3.3600
    0.3125     -3.3400
    0.2891     -3.3200
    0.2762     -3.3000
    0.2775     -3.2800
    0.2940     -3.2600
    0.3272     -3.2400
    0.3677     -3.2200
    0.3987     -3.2000
    0.4102     -3.1800
    0.4066     -3.1600
    0.3991     -3.1400
    0.3947     -3.1200
    0.3912     -3.1000
    0.3857     -3.0800
    0.3809     -3.0600
    0.3819     -3.0400
    0.3881     -3.0200
    0.3924     -3.0000
    0.3901     -2.9800
    0.3838     -2.9600
    0.3799     -2.9400
    0.3832     -2.9200
    0.3980     -2.9000
    0.4254     -2.8800
    0.4564     -2.8600
    0.4771     -2.8400
    0.4854     -2.8200
    0.4899     -2.8000
    0.4919     -2.7800
    0.4851     -2.7600
    0.4694     -2.7400
    0.4502     -2.7200
    0.4308     -2.7000
    0.4171     -2.6800
    0.4204     -2.6600
    0.4422     -2.6400
    0.4642     -2.6200
    0.4691     -2.6000
    0.4599     -2.5800
    0.4496     -2.5600
    0.4461     -2.5400
    0.4507     -2.5200
    0.4567     -2.5000
    0.4492     -2.4800
    0.4205     -2.4600
    0.3826     -2.4400
    0.3524     -2.4200
    0.3334     -2.4000
    0.3200     -2.3800
    0.3119     -2.3600
    0.3126     -2.3400
    0.3192     -2.3200
    0.3220     -2.3000
    0.3110     -2.2800
    0.2823     -2.2600
    0.2428     -2.2400
    0.2096     -2.2200
    0.1987     -2.2000
    0.2154     -2.1800
    0.2518     -2.1600
    0.2897     -2.1400
    0.3104     -2.1200
    0.3068     -2.1000
    0.2867     -2.0800
    0.2642     -2.0600
    0.2481     -2.0400
    0.2372     -2.0200
    0.2246     -2.0000
    0.2068     -1.9800
    0.1887     -1.9600
    0.1781     -1.9400
    0.1790     -1.9200
    0.1884     -1.9000
    0.1995     -1.8800
    0.2053     -1.8600
    0.2023     -1.8400
    0.1920     -1.8200
    0.1789     -1.8000
    0.1669     -1.7800
    0.1569     -1.7600
    0.1490     -1.7400
    0.1434     -1.7200
    0.1394     -1.7000
    0.1351     -1.6800
    0.1299     -1.6600
    0.1240     -1.6400
    0.1169     -1.6200
    0.1085     -1.6000
    0.1013     -1.5800
    0.0995     -1.5600
    0.1033     -1.5400
    0.1067     -1.5200
    0.1013     -1.5000
    0.0850     -1.4800
    0.0648     -1.4600
    0.0519     -1.4400
    0.0538     -1.4200
    0.0693     -1.4000
    0.0913     -1.3800
    0.1149     -1.3600
    0.1410     -1.3400
    0.1695     -1.3200
    0.1940     -1.3000
    0.2091     -1.2800
    0.2159     -1.2600
    0.2153     -1.2400
    0.2038     -1.2200
    0.1785     -1.2000
    0.1414     -1.1800
    0.1014     -1.1600
    0.0744     -1.1400
    0.0793     -1.1200
    0.1316     -1.1000
    0.2314     -1.0800
    0.3535     -1.0600
    0.4635     -1.0400
    0.5556     -1.0200
    0.6531     -1.0000
    0.7612     -0.9800
    0.8385     -0.9600
    0.8333     -0.9400
    0.7461     -0.9200
    0.6426     -0.9000
    0.6009     -0.8800
    0.6597     -0.8600
    0.8104     -0.8400
    1.0140     -0.8200
    1.2171     -0.8000
    1.3643     -0.7800
    1.4146     -0.7600
    1.3629     -0.7400
    1.2454     -0.7200
    1.1042     -0.7000
    0.9566     -0.6800
    0.8255     -0.6600
    0.7664     -0.6400
    0.8127     -0.6200
    0.9158     -0.6000
    0.9852     -0.5800
    0.9797     -0.5600
    0.9371     -0.5400
    0.9205     -0.5200
    0.9567     -0.5000
    1.0315     -0.4800
    1.1205     -0.4600
    1.2040     -0.4400
    1.2719     -0.4200
    1.3300     -0.4000
    1.3903     -0.3800
    1.4590     -0.3600
    1.5370     -0.3400
    1.5998     -0.3200
    1.5771     -0.3000
    1.4182     -0.2800
    1.1920     -0.2600
    1.0481     -0.2400
    1.0674     -0.2200
    1.2014     -0.2000
    1.3509     -0.1800
    1.4649     -0.1600
    1.5519     -0.1400
    1.6193     -0.1200
    1.6468     -0.1000
    1.6222     -0.0800
    1.5710     -0.0600
    1.5316     -0.0400
    1.5125     -0.0200
    1.4695      0.0000
    1.3404      0.0200
    1.1257      0.0400
    0.9084      0.0600
    0.7818      0.0800
    0.7779      0.1000
    0.8501      0.1200
    0.9062      0.1400
    0.8867      0.1600
    0.8202      0.1800
    0.7855      0.2000
    0.8140      0.2200
    0.8557      0.2400
    0.8501      0.2600
    0.7930      0.2800
    0.7112      0.3000
    0.6168      0.3200
    0.5243      0.3400
    0.4745      0.3600
    0.4980      0.3800
    0.5657      0.4000
    0.6072      0.4200
    0.5828      0.4400
    0.5158      0.4600
    0.4491      0.4800
    0.4021      0.5000
    0.3834      0.5200
    0.4094      0.5400
    0.4898      0.5600
    0.6058      0.5800
    0.7080      0.6000
    0.7439      0.6200
    0.6992      0.6400
    0.6006      0.6600
    0.4884      0.6800
    0.4120      0.7000
    0.4153      0.7200
    0.4867      0.7400
    0.5536      0.7600
    0.5564      0.7800
    0.5012      0.8000
    0.4255      0.8200
    0.3491      0.8400
    0.2817      0.8600
    0.2488      0.8800
    0.2781      0.9000
    0.3709      0.9200
    0.4942      0.9400
    0.5969      0.9600
    0.6404      0.9800
    0.6269      1.0000
    0.5875      1.0200
    0.5451      1.0400
    0.4976      1.0600
    0.4302      1.0800
    0.3486      1.1000
    0.2902      1.1200
    0.2837      1.1400
    0.3106      1.1600
    0.3268      1.1800
    0.3097      1.2000
    0.2696      1.2200
    0.2326      1.2400
    0.2269      1.2600
    0.2688      1.2800
    0.3380      1.3000
    0.3807      1.3200
    0.3586      1.3400
    0.2860      1.3600
    0.2064      1.3800
    0.1529      1.4000
    0.1346      1.4200
    0.1426      1.4400
    0.1642      1.4600
    0.1978      1.4800
    0.2437      1.5000
    0.2837      1.5200
    0.2957      1.5400
    0.2863      1.5600
    0.2807      1.5800
    0.2803      1.6000
    0.2604      1.6200
    0.2153      1.6400
    0.1748      1.6600
    0.1781      1.6800
    0.2544      1.7000
    0.4094      1.7200
    0.5987      1.7400
    0.7408      1.7600
    0.7858      1.7800
    0.7506      1.8000
    0.6766      1.8200
    0.5883      1.8400
    0.5020      1.8600
    0.4338      1.8800
    0.3888      1.9000
    0.3613      1.9200
    0.3370      1.9400
    0.2993      1.9600
    0.2505      1.9800
    0.2161      2.0000
