    0.4500     -7.9875
    0.5869     -7.9680
    0.5768     -7.9485
    0.4284     -7.9290
    0.2525     -7.9095
    0.1675     -7.8900
    0.2475     -7.8705
    0.5152     -7.8510
    0.8937     -7.8315
    1.1821     -7.8120
    1.2038     -7.7925
    1.0201     -7.7730
    0.8983     -7.7535
    1.0101     -7.7340
    1.2198     -7.7145
    1.2384     -7.6950
    0.9626     -7.6755
    0.5681     -7.6560
    0.2809     -7.6365
    0.1847     -7.6170
    0.2541     -7.5975
    0.4539     -7.5780
    0.7457     -7.5585
    1.0348     -7.5390
    1.1911     -7.5195
    1.1680     -7.5000
    1.0785     -7.4805
    1.1055     -7.4610
    1.3370     -7.4415
    1.7060     -7.4220
    2.0597     -7.4025
    2.2431     -7.3830
    2.1565     -7.3635
    1.8118     -7.3440
    1.3746     -7.3245
    1.1022     -7.3050
    1.1584     -7.2855
    1.4857     -7.2660
    1.8837     -7.2465
    2.1612     -7.2270
    2.1961     -7.2075
    1.9554     -7.1880
    1.5248     -7.1685
    1.0658     -7.1490
    0.7377     -7.1295
    0.6714     -7.1100
    0.9291     -7.0905
    1.4227     -7.0710
    1.9265     -7.0515
    2.2353     -7.0320
    2.3082     -7.0125
    2.2543     -6.9930
    2.2111     -6.9735
    2.2457     -6.9540
    2.3155     -6.9345
    2.3056     -6.9150
    2.1863     -6.8955
    2.1302     -6.8760
    2.3626     -6.8565
    2.8953     -6.8370
    3.5141     -6.8175
    4.0371     -6.7980
    4.4573     -6.7785
    4.7538     -6.7590
    4.7234     -6.7395
    4.1757     -6.7200
    3.2408     -6.7005
    2.3429     -6.6810
    1.8347     -6.6615
    1.7179     -6.6420
    1.7318     -6.6225
    1.6285     -6.6030
    1.3344     -6.5835
    0.9403     -6.5640
    0.6079     -6.5445
    0.4708     -6.5250
    0.5767     -6.5055
    0.8937     -6.4860
    1.3697     -6.4665
    1.9728     -6.4470
    2.6393     -6.4275
    3.1951     -6.4080
    3.3764     -6.3885
    3.0088     -6.3690
    2.2301     -6.3495
    1.4802     -6.3300
    1.1791     -6.3105
    1.3993     -6.2910
    1.8303     -6.2715
    2.0716     -6.2520
    2.0063     -6.2325
    1.8338     -6.2130
    1.7264     -6.1935
    1.6423     -6.1740
    1.5294     -6.1545
    1.4928     -6.1350
    1.6802     -6.1155
    2.1027     -6.0960
    2.5466     -6.0765
    2.6547     -6.0570
    2.2304     -6.0375
    1.4623     -6.0180
    0.7397     -5.9985
    0.3080     -5.9790
    0.1958     -5.9595
    0.3861     -5.9400
    0.9134     -5.9205
    1.7680     -5.9010
    2.7916     -5.8815
    3.7673     -5.8620
    4.5528     -5.8425
    5.0307     -5.8230
    5.0879     -5.8035
    4.7755     -5.7840
    4.3316     -5.7645
    3.9683     -5.7450
    3.7536     -5.7255
    3.6989     -5.7060
    3.8634     -5.6865
    4.3635     -5.6670
    5.2584     -5.6475
    6.4151     -5.6280
    7.5419     -5.6085
    8.3642     -5.5890
    8.7795     -5.5695
    8.8667     -5.5500
    8.6980     -5.5305
    8.1571     -5.5110
    7.0644     -5.4915
    5.5045     -5.4720
    3.9176     -5.4525
    2.8466     -5.4330
    2.6574     -5.4135
    3.4180     -5.3940
    4.8142     -5.3745
    6.1376     -5.3550
    6.6303     -5.3355
    6.1047     -5.3160
    5.1459     -5.2965
    4.5400     -5.2770
    4.5727     -5.2575
    4.9435     -5.2380
    5.1856     -5.2185
    5.0498     -5.1990
    4.6036     -5.1795
    4.1265     -5.1600
    3.8884     -5.1405
    3.8968     -5.1210
    3.8734     -5.1015
    3.5937     -5.0820
    3.2132     -5.0625
    3.1760     -5.0430
    3.8087     -5.0235
    5.0091     -5.0040
    6.3433     -4.9845
    7.4781     -4.9650
    8.5047     -4.9455
    9.7339     -4.9260
   11.0552     -4.9065
   11.7239     -4.8870
   11.1094     -4.8675
    9.5025     -4.8480
    7.9767     -4.8285
    7.5480     -4.8090
    8.4692     -4.7895
   10.2186     -4.7700
   12.0848     -4.7505
   13.6654     -4.7310
   14.8233     -4.7115
   15.3982     -4.6920
   15.2363     -4.6725
   14.5465     -4.6530
   13.9255     -4.6335
   13.7163     -4.6140
   13.5787     -4.5945
   13.1004     -4.5750
   12.4978     -4.5555
   12.2270     -4.5360
   12.2571     -4.5165
   12.2353     -4.4970
   12.2023     -4.4775
   12.6702     -4.4580
   13.8790     -4.4385
   15.4121     -4.4190
   16.7688     -4.3995
   17.8424     -4.3800
   18.6651     -4.3605
   19.2658     -4.3410
   19.9208     -4.3215
   20.9923     -4.3020
   22.4766     -4.2825
   24.1293     -4.2630
   25.8647     -4.2435
   27.6090     -4.2240
   29.0752     -4.2045
   30.2264     -4.1850
   31.5549     -4.1655
   33.2911     -4.1460
   34.7387     -4.1265
   34.9642     -4.1070
   34.0225     -4.0875
   33.1285     -4.0680
   33.3718     -4.0485
   34.4365     -4.0290
   34.9721     -4.0095
   34.0313     -3.9900
   31.7804     -3.9705
   29.1709     -3.9510
   27.3107     -3.9315
   26.7069     -3.9120
   26.7368     -3.8925
   26.3447     -3.8730
   25.4806     -3.8535
   25.1559     -3.8340
   25.9715     -3.8145
   27.5104     -3.7950
   29.2588     -3.7755
   31.2338     -3.7560
   33.5493     -3.7365
   35.8176     -3.7170
   37.2251     -3.6975
   37.3373     -3.6780
   36.5576     -3.6585
   35.4275     -3.6390
   34.0235     -3.6195
   32.5274     -3.6000
   31.6891     -3.5805
   32.1984     -3.5610
   33.9631     -3.5415
   36.1004     -3.5220
   37.3959     -3.5025
   37.0229     -3.4830
   35.3923     -3.4635
   34.2754     -3.4440
   35.3015     -3.4245
   38.0377     -3.4050
   40.3005     -3.3855
   40.6305     -3.3660
   39.5307     -3.3465
   38.0918     -3.3270
   36.7342     -3.3075
   35.6504     -3.2880
   35.3292     -3.2685
   36.3946     -3.2490
   39.3053     -3.2295
   43.7060     -3.2100
   48.0136     -3.1905
   50.5790     -3.1710
   51.2572     -3.1515
   51.1790     -3.1320
   51.4084     -3.1125
   52.3730     -3.0930
   54.0191     -3.0735
   55.8253     -3.0540
   56.9315     -3.0345
   56.9266     -3.0150
   56.5180     -2.9955
   57.0423     -2.9760
   59.5030     -2.9565
   64.2403     -2.9370
   70.8016     -2.9175
   77.6686     -2.8980
   82.7309     -2.8785
   84.6156     -2.8590
   83.5728     -2.8395
   81.0289     -2.8200
   78.3469     -2.8005
   76.2163     -2.7810
   75.2043     -2.7615
   75.9970     -2.7420
   78.2688     -2.7225
   80.0590     -2.7030
   79.3818     -2.6835
   76.0169     -2.6640
   71.0999     -2.6445
   65.7690     -2.6250
   60.7774     -2.6055
   56.5758     -2.5860
   53.1818     -2.5665
   50.3300     -2.5470
   47.8639     -2.5275
   45.8836     -2.5080
   44.8279     -2.4885
   45.4853     -2.4690
   48.6719     -2.4495
   54.8529     -2.4300
   63.7105     -2.4105
   73.3838     -2.3910
   80.3744     -2.3715
   81.3676     -2.3520
   75.8278     -2.3325
   66.6586     -2.3130
   58.1211     -2.2935
   53.0219     -2.2740
   51.5407     -2.2545
   52.0418     -2.2350
   52.5999     -2.2155
   52.2947     -2.1960
   51.8420     -2.1765
   52.8980     -2.1570
   56.3425     -2.1375
   61.3881     -2.1180
   66.3980     -2.0985
   70.2406     -2.0790
   72.8818     -2.0595
   74.9505     -2.0400
   76.9487     -2.0205
   78.9602     -2.0010
   80.7277     -1.9815
   81.5429     -1.9620
   80.4332     -1.9425
   77.0576     -1.9230
   72.2945     -1.9035
   67.7930     -1.8840
   65.2071     -1.8645
   65.5202     -1.8450
   68.1825     -1.8255
   71.1142     -1.8060
   72.6693     -1.7865
   73.4941     -1.7670
   75.6908     -1.7475
   80.4995     -1.7280
   87.2496     -1.7085
   94.0689     -1.6890
   99.1857     -1.6695
  101.5201     -1.6500
  100.2157     -1.6305
   94.5491     -1.6110
   85.0436     -1.5915
   74.0006     -1.5720
   64.0322     -1.5525
   55.8835     -1.5330
   47.9614     -1.5135
   38.5929     -1.4940
   28.6256     -1.4745
   20.8295     -1.4550
   16.9042     -1.4355
   16.1069     -1.4160
   16.5395     -1.3965
   16.7780     -1.3770
   16.2766     -1.3575
   15.0167     -1.3380
   13.2947     -1.3185
   11.6715     -1.2990
   10.7077     -1.2795
   10.5974     -1.2600
   10.9666     -1.2405
   10.9436     -1.2210
    9.7435     -1.2015
    7.5118     -1.1820
    5.3376     -1.1625
    4.1480     -1.1430
    3.8228     -1.1235
    3.6078     -1.1040
    3.1138     -1.0845
    2.5819     -1.0650
    2.3752     -1.0455
    2.6422     -1.0260
    3.4232     -1.0065
    4.6898     -0.9870
    6.1599     -0.9675
    7.3573     -0.9480
    8.0094     -0.9285
    8.1821     -0.9090
    8.0402     -0.8895
    7.7767     -0.8700
    7.6746     -0.8505
    7.8786     -0.8310
    8.1226     -0.8115
    7.9391     -0.7920
    7.1632     -0.7725
    6.0926     -0.7530
    5.1531     -0.7335
    4.5472     -0.7140
    4.2467     -0.6945
    4.1534     -0.6750
    4.1345     -0.6555
    4.0183     -0.6360
    3.7250     -0.6165
    3.3681     -0.5970
    3.1916     -0.5775
    3.4620     -0.5580
    4.2693     -0.5385
    5.2668     -0.5190
    5.8123     -0.4995
    5.5715     -0.4800
    4.8284     -0.4605
    4.1250     -0.4410
    3.7623     -0.4215
    3.6803     -0.4020
    3.6954     -0.3825
    3.7410     -0.3630
    3.8528     -0.3435
    4.0603     -0.3240
    4.3873     -0.3045
    4.9000     -0.2850
    5.7156     -0.2655
    6.8963     -0.2460
    8.2204     -0.2265
    9.1139     -0.2070
    9.0251     -0.1875
    7.9847     -0.1680
    6.6611     -0.1485
    5.7274     -0.1290
    5.3073     -0.1095
    5.1066     -0.0900
    4.8244     -0.0705
    4.3135     -0.0510
    3.5908     -0.0315
    2.8349     -0.0120
    2.2675      0.0075
    2.0080      0.0270
    2.0717      0.0465
    2.4407      0.0660
    3.0798      0.0855
    3.8832      0.1050
    4.6335      0.1245
    5.1024      0.1440
    5.2562      0.1635
    5.2715      0.1830
    5.2958      0.2025
    5.3192      0.2220
    5.2820      0.2415
    5.1322      0.2610
    4.8052      0.2805
    4.3525      0.3000
    4.0520      0.3195
    4.2235      0.3390
    4.9674      0.3585
    6.1114      0.3780
    7.2834      0.3975
    8.0512      0.4170
    8.1706      0.4365
    7.7405      0.4560
    7.0545      0.4755
    6.3323      0.4950
    5.6353      0.5145
    4.9671      0.5340
    4.3833      0.5535
    4.0165      0.5730
    4.0103      0.5925
    4.4493      0.6120
    5.3247      0.6315
    6.4097      0.6510
    7.1943      0.6705
    7.2071      0.6900
    6.4336      0.7095
    5.3017      0.7290
    4.3701      0.7485
    4.0719      0.7680
    4.5145      0.7875
    5.3771      0.8070
    6.1023      0.8265
    6.3048      0.8460
    6.0165      0.8655
    5.5049      0.8850
    4.9260      0.9045
    4.3058      0.9240
    3.7640      0.9435
    3.5149      0.9630
    3.6702      0.9825
    4.1413      1.0020
    4.6700      1.0215
    4.9875      1.0410
    5.0765      1.0605
    5.2162      1.0800
    5.6043      1.0995
    6.0270      1.1190
    6.1118      1.1385
    5.7948      1.1580
    5.2827      1.1775
    4.6755      1.1970
    3.9036      1.2165
    3.0293      1.2360
    2.4096      1.2555
    2.4287      1.2750
    3.0931      1.2945
    3.9617      1.3140
    4.4865      1.3335
    4.4354      1.3530
    3.9968      1.3725
    3.5152      1.3920
    3.2288      1.4115
    3.2605      1.4310
    3.6517      1.4505
    4.2580      1.4700
    4.7443      1.4895
    4.8743      1.5090
    4.8004      1.5285
    4.9518      1.5480
    5.5983      1.5675
    6.5213      1.5870
    7.1383      1.6065
    7.0401      1.6260
    6.3579      1.6455
    5.5050      1.6650
    4.7338      1.6845
    4.0896      1.7040
    3.6229      1.7235
    3.4962      1.7430
    3.8546      1.7625
    4.5673      1.7820
    5.2011      1.8015
    5.4078      1.8210
    5.3036      1.8405
    5.2878      1.8600
    5.4710      1.8795
    5.5149      1.8990
    5.1365      1.9185
    4.5140      1.9380
    4.0317      1.9575
    3.8582      1.9770
    3.9057      1.9965
