    0.0005     -7.9950
    0.0004     -7.9735
    0.0002     -7.9520
    0.0001     -7.9305
    0.0002     -7.9090
    0.0005     -7.8875
    0.0009     -7.8660
    0.0011     -7.8445
    0.0009     -7.8230
    0.0005     -7.8015
    0.0002     -7.7800
    0.0001     -7.7585
    0.0000     -7.7370
    0.0000     -7.7155
    0.0001     -7.6940
    0.0002     -7.6725
    0.0004     -7.6510
    0.0009     -7.6295
    0.0016     -7.6080
    0.0021     -7.5865
    0.0022     -7.5650
    0.0017     -7.5435
    0.0014     -7.5220
    0.0016     -7.5005
    0.0023     -7.4790
    0.0030     -7.4575
    0.0032     -7.4360
    0.0029     -7.4145
    0.0021     -7.3930
    0.0012     -7.3715
    0.0005     -7.3500
    0.0004     -7.3285
    0.0010     -7.3070
    0.0023     -7.2855
    0.0037     -7.2640
    0.0043     -7.2425
    0.0036     -7.2210
    0.0025     -7.1995
    0.0022     -7.1780
    0.0022     -7.1565
    0.0020     -7.1350
    0.0013     -7.1135
    0.0006     -7.0920
    0.0004     -7.0705
    0.0007     -7.0490
    0.0016     -7.0275
    0.0027     -7.0060
    0.0039     -6.9845
    0.0048     -6.9630
    0.0049     -6.9415
    0.0039     -6.9200
    0.0023     -6.8985
    0.0010     -6.8770
    0.0006     -6.8555
    0.0009     -6.8340
    0.0014     -6.8125
    0.0016     -6.7910
    0.0013     -6.7695
    0.0010     -6.7480
    0.0010     -6.7265
    0.0017     -6.7050
    0.0030     -6.6835
    0.0044     -6.6620
    0.0050     -6.6405
    0.0047     -6.6190
    0.0043     -6.5975
    0.0045     -6.5760
    0.0045     -6.5545
    0.0035     -6.5330
    0.0021     -6.5115
    0.0012     -6.4900
    0.0011     -6.4685
    0.0014     -6.4470
    0.0019     -6.4255
    0.0028     -6.4040
    0.0041     -6.3825
    0.0047     -6.3610
    0.0047     -6.3395
    0.0049     -6.3180
    0.0060     -6.2965
    0.0075     -6.2750
    0.0090     -6.2535
    0.0100     -6.2320
    0.0095     -6.2105
    0.0079     -6.1890
    0.0077     -6.1675
    0.0101     -6.1460
    0.0127     -6.1245
    0.0121     -6.1030
    0.0087     -6.0815
    0.0060     -6.0600
    0.0064     -6.0385
    0.0095     -6.0170
    0.0133     -5.9955
    0.0175     -5.9740
    0.0249     -5.9525
    0.0391     -5.9310
    0.0618     -5.9095
    0.0921     -5.8880
    0.1232     -5.8665
    0.1466     -5.8450
    0.1630     -5.8235
    0.1798     -5.8020
    0.2215     -5.7805
    0.3737     -5.7590
    0.8039     -5.7375
    1.6809     -5.7160
    2.9476     -5.6945
    4.0857     -5.6730
    4.3782     -5.6515
    3.6610     -5.6300
    2.4966     -5.6085
    1.4832     -5.5870
    0.7999     -5.5655
    0.3842     -5.5440
    0.1608     -5.5225
    0.0700     -5.5010
    0.0503     -5.4795
    0.0566     -5.4580
    0.0708     -5.4365
    0.0867     -5.4150
    0.0939     -5.3935
    0.0851     -5.3720
    0.0655     -5.3505
    0.0463     -5.3290
    0.0342     -5.3075
    0.0289     -5.2860
    0.0264     -5.2645
    0.0234     -5.2430
    0.0196     -5.2215
    0.0162     -5.2000
    0.0132     -5.1785
    0.0098     -5.1570
    0.0063     -5.1355
    0.0046     -5.1140
    0.0068     -5.0925
    0.0127     -5.0710
    0.0191     -5.0495
    0.0209     -5.0280
    0.0168     -5.0065
    0.0107     -4.9850
    0.0066     -4.9635
    0.0052     -4.9420
    0.0054     -4.9205
    0.0060     -4.8990
    0.0063     -4.8775
    0.0061     -4.8560
    0.0059     -4.8345
    0.0065     -4.8130
    0.0079     -4.7915
    0.0092     -4.7700
    0.0098     -4.7485
    0.0095     -4.7270
    0.0082     -4.7055
    0.0062     -4.6840
    0.0041     -4.6625
    0.0027     -4.6410
    0.0027     -4.6195
    0.0045     -4.5980
    0.0068     -4.5765
    0.0080     -4.5550
    0.0070     -4.5335
    0.0049     -4.5120
    0.0032     -4.4905
    0.0025     -4.4690
    0.0028     -4.4475
    0.0038     -4.4260
    0.0049     -4.4045
    0.0055     -4.3830
    0.0053     -4.3615
    0.0047     -4.3400
    0.0039     -4.3185
    0.0029     -4.2970
    0.0017     -4.2755
    0.0008     -4.2540
    0.0004     -4.2325
    0.0006     -4.2110
    0.0011     -4.1895
    0.0015     -4.1680
    0.0015     -4.1465
    0.0010     -4.1250
    0.0005     -4.1035
    0.0002     -4.0820
    0.0000     -4.0605
    0.0000     -4.0390
    0.0000     -4.0175
    0.0000     -3.9960
    0.0000     -3.9745
    0.0000     -3.9530
    0.0000     -3.9315
    0.0000     -3.9100
    0.0000     -3.8885
    0.0000     -3.8670
    0.0000     -3.8455
    0.0000     -3.8240
    0.0000     -3.8025
    0.0000     -3.7810
    0.0000     -3.7595
    0.0000     -3.7380
    0.0000     -3.7165
    0.0000     -3.6950
    0.0000     -3.6735
    0.0000     -3.6520
    0.0000     -3.6305
    0.0000     -3.6090
    0.0000     -3.5875
    0.0000     -3.5660
    0.0000     -3.5445
    0.0000     -3.5230
    0.0000     -3.5015
    0.0000     -3.4800
    0.0000     -3.4585
    0.0000     -3.4370
    0.0000     -3.4155
    0.0000     -3.3940
    0.0000     -3.3725
    0.0000     -3.3510
    0.0000     -3.3295
    0.0000     -3.3080
    0.0000     -3.2865
    0.0000     -3.2650
    0.0000     -3.2435
    0.0000     -3.2220
    0.0000     -3.2005
    0.0000     -3.1790
    0.0000     -3.1575
    0.0000     -3.1360
    0.0000     -3.1145
    0.0000     -3.0930
    0.0000     -3.0715
    0.0000     -3.0500
    0.0000     -3.0285
    0.0000     -3.0070
    0.0000     -2.9855
    0.0000     -2.9640
    0.0000     -2.9425
    0.0000     -2.9210
    0.0000     -2.8995
    0.0000     -2.8780
    0.0000     -2.8565
    0.0001     -2.8350
    0.0002     -2.8135
    0.0002     -2.7920
    0.0001     -2.7705
    0.0001     -2.7490
    0.0000     -2.7275
    0.0000     -2.7060
    0.0000     -2.6845
    0.0000     -2.6630
    0.0000     -2.6415
    0.0000     -2.6200
    0.0000     -2.5985
    0.0000     -2.5770
    0.0000     -2.5555
    0.0000     -2.5340
    0.0000     -2.5125
    0.0000     -2.4910
    0.0000     -2.4695
    0.0000     -2.4480
    0.0000     -2.4265
    0.0000     -2.4050
    0.0001     -2.3835
    0.0002     -2.3620
    0.0004     -2.3405
    0.0005     -2.3190
    0.0005     -2.2975
    0.0003     -2.2760
    0.0001     -2.2545
    0.0000     -2.2330
    0.0000     -2.2115
    0.0000     -2.1900
    0.0000     -2.1685
    0.0000     -2.1470
    0.0000     -2.1255
    0.0000     -2.1040
    0.0000     -2.0825
    0.0000     -2.0610
    0.0000     -2.0395
    0.0000     -2.0180
    0.0000     -1.9965
    0.0000     -1.9750
    0.0000     -1.9535
    0.0000     -1.9320
    0.0000     -1.9105
    0.0000     -1.8890
    0.0000     -1.8675
    0.0000     -1.8460
    0.0001     -1.8245
    0.0002     -1.8030
    0.0002     -1.7815
    0.0001     -1.7600
    0.0001     -1.7385
    0.0000     -1.7170
    0.0000     -1.6955
    0.0000     -1.6740
    0.0000     -1.6525
    0.0000     -1.6310
    0.0000     -1.6095
    0.0000     -1.5880
    0.0000     -1.5665
    0.0000     -1.5450
    0.0000     -1.5235
    0.0001     -1.5020
    0.0004     -1.4805
    0.0008     -1.4590
    0.0011     -1.4375
    0.0013     -1.4160
    0.0014     -1.3945
    0.0017     -1.3730
    0.0025     -1.3515
    0.0037     -1.3300
    0.0048     -1.3085
    0.0051     -1.2870
    0.0044     -1.2655
    0.0032     -1.2440
    0.0023     -1.2225
    0.0019     -1.2010
    0.0022     -1.1795
    0.0033     -1.1580
    0.0047     -1.1365
    0.0055     -1.1150
    0.0053     -1.0935
    0.0050     -1.0720
    0.0052     -1.0505
    0.0057     -1.0290
    0.0062     -1.0075
    0.0065     -0.9860
    0.0062     -0.9645
    0.0049     -0.9430
    0.0032     -0.9215
    0.0020     -0.9000
    0.0019     -0.8785
    0.0040     -0.8570
    0.0089     -0.8355
    0.0148     -0.8140
    0.0183     -0.7925
    0.0173     -0.7710
    0.0138     -0.7495
    0.0112     -0.7280
    0.0115     -0.7065
    0.0138     -0.6850
    0.0157     -0.6635
    0.0168     -0.6420
    0.0183     -0.6205
    0.0200     -0.5990
    0.0197     -0.5775
    0.0177     -0.5560
    0.0164     -0.5345
    0.0156     -0.5130
    0.0140     -0.4915
    0.0123     -0.4700
    0.0128     -0.4485
    0.0161     -0.4270
    0.0210     -0.4055
    0.0249     -0.3840
    0.0252     -0.3625
    0.0227     -0.3410
    0.0215     -0.3195
    0.0248     -0.2980
    0.0297     -0.2765
    0.0302     -0.2550
    0.0245     -0.2335
    0.0181     -0.2120
    0.0179     -0.1905
    0.0257     -0.1690
    0.0371     -0.1475
    0.0455     -0.1260
    0.0470     -0.1045
    0.0419     -0.0830
    0.0351     -0.0615
    0.0364     -0.0400
    0.0536     -0.0185
    0.0842      0.0030
    0.1152      0.0245
    0.1332      0.0460
    0.1358      0.0675
    0.1260      0.0890
    0.1027      0.1105
    0.0689      0.1320
    0.0403      0.1535
    0.0360      0.1750
    0.0661      0.1965
    0.1214      0.2180
    0.1703      0.2395
    0.1846      0.2610
    0.1734      0.2825
    0.1758      0.3040
    0.2141      0.3255
    0.2755      0.3470
    0.3597      0.3685
    0.5020      0.3900
    0.6864      0.4115
    0.7980      0.4330
    0.7437      0.4545
    0.5657      0.4760
    0.3764      0.4975
    0.2403      0.5190
    0.1535      0.5405
    0.0978      0.5620
    0.0755      0.5835
    0.0934      0.6050
    0.1374      0.6265
    0.1862      0.6480
    0.2571      0.6695
    0.3968      0.6910
    0.6035      0.7125
    0.7883      0.7340
    0.8486      0.7555
    0.7830      0.7770
    0.7026      0.7985
    0.7133      0.8200
    0.8529      0.8415
    1.1471      0.8630
    1.5618      0.8845
    1.8743      0.9060
    1.8529      0.9275
    1.5838      0.9490
    1.3405      0.9705
    1.2301      0.9920
    1.2036      1.0135
    1.2172      1.0350
    1.2285      1.0565
    1.1823      1.0780
    1.0549      1.0995
    0.8623      1.1210
    0.6500      1.1425
    0.4822      1.1640
    0.3916      1.1855
    0.3538      1.2070
    0.3629      1.2285
    0.4577      1.2500
    0.6143      1.2715
    0.7230      1.2930
    0.7225      1.3145
    0.6465      1.3360
    0.5431      1.3575
    0.4459      1.3790
    0.3788      1.4005
    0.3358      1.4220
    0.2955      1.4435
    0.2573      1.4650
    0.2452      1.4865
    0.2675      1.5080
    0.2805      1.5295
    0.2465      1.5510
    0.2111      1.5725
    0.2546      1.5940
    0.3770      1.6155
    0.4831      1.6370
    0.4999      1.6585
    0.4615      1.6800
    0.4319      1.7015
    0.4088      1.7230
    0.3623      1.7445
    0.2998      1.7660
    0.2531      1.7875
    0.2446      1.8090
    0.2713      1.8305
    0.3064      1.8520
    0.3262      1.8735
    0.3213      1.8950
    0.2845      1.9165
    0.2204      1.9380
    0.1585      1.9595
    0.1225      1.9810
