    0.0657     -8.0000
    0.0506     -7.9875
    0.0350     -7.9750
    0.0229     -7.9625
    0.0164     -7.9500
    0.0165     -7.9375
    0.0228     -7.9250
    0.0343     -7.9125
    0.0484     -7.9000
    0.0618     -7.8875
    0.0710     -7.8750
    0.0741     -7.8625
    0.0724     -7.8500
    0.0695     -7.8375
    0.0704     -7.8250
    0.0784     -7.8125
    0.0941     -7.8000
    0.1146     -7.7875
    0.1354     -7.7750
    0.1529     -7.7625
    0.1665     -7.7500
    0.1793     -7.7375
    0.1963     -7.7250
    0.2217     -7.7125
    0.2557     -7.7000
    0.2941     -7.6875
    0.3298     -7.6750
    0.3567     -7.6625
    0.3728     -7.6500
    0.3799     -7.6375
    0.3808     -7.6250
    0.3753     -7.6125
    0.3588     -7.6000
    0.3259     -7.5875
    0.2756     -7.5750
    0.2134     -7.5625
    0.1499     -7.5500
    0.0950     -7.5375
    0.0547     -7.5250
    0.0295     -7.5125
    0.0170     -7.5000
    0.0146     -7.4875
    0.0208     -7.4750
    0.0359     -7.4625
    0.0602     -7.4500
    0.0936     -7.4375
    0.1349     -7.4250
    0.1819     -7.4125
    0.2318     -7.4000
    0.2808     -7.3875
    0.3225     -7.3750
    0.3490     -7.3625
    0.3539     -7.3500
    0.3369     -7.3375
    0.3041     -7.3250
    0.2656     -7.3125
    0.2296     -7.3000
    0.1995     -7.2875
    0.1742     -7.2750
    0.1513     -7.2625
    0.1307     -7.2500
    0.1153     -7.2375
    0.1100     -7.2250
    0.1181     -7.2125
    0.1390     -7.2000
    0.1676     -7.1875
    0.1952     -7.1750
    0.2132     -7.1625
    0.2155     -7.1500
    0.2012     -7.1375
    0.1744     -7.1250
    0.1429     -7.1125
    0.1158     -7.1000
    0.1006     -7.0875
    0.1002     -7.0750
    0.1119     -7.0625
    0.1284     -7.0500
    0.1402     -7.0375
    0.1407     -7.0250
    0.1292     -7.0125
    0.1110     -7.0000
    0.0955     -6.9875
    0.0913     -6.9750
    0.1024     -6.9625
    0.1269     -6.9500
    0.1575     -6.9375
    0.1855     -6.9250
    0.2050     -6.9125
    0.2160     -6.9000
    0.2241     -6.8875
    0.2375     -6.8750
    0.2624     -6.8625
    0.3006     -6.8500
    0.3477     -6.8375
    0.3937     -6.8250
    0.4253     -6.8125
    0.4305     -6.8000
    0.4036     -6.7875
    0.3492     -6.7750
    0.2803     -6.7625
    0.2127     -6.7500
    0.1582     -6.7375
    0.1206     -6.7250
    0.0973     -6.7125
    0.0821     -6.7000
    0.0698     -6.6875
    0.0581     -6.6750
    0.0471     -6.6625
    0.0384     -6.6500
    0.0336     -6.6375
    0.0332     -6.6250
    0.0372     -6.6125
    0.0454     -6.6000
    0.0583     -6.5875
    0.0768     -6.5750
    0.1016     -6.5625
    0.1312     -6.5500
    0.1615     -6.5375
    0.1870     -6.5250
    0.2032     -6.5125
    0.2086     -6.5000
    0.2059     -6.4875
    0.2001     -6.4750
    0.1957     -6.4625
    0.1955     -6.4500
    0.1993     -6.4375
    0.2052     -6.4250
    0.2110     -6.4125
    0.2152     -6.4000
    0.2181     -6.3875
    0.2213     -6.3750
    0.2271     -6.3625
    0.2375     -6.3500
    0.2526     -6.3375
    0.2706     -6.3250
    0.2878     -6.3125
    0.3004     -6.3000
    0.3057     -6.2875
    0.3042     -6.2750
    0.2988     -6.2625
    0.2942     -6.2500
    0.2936     -6.2375
    0.2974     -6.2250
    0.3032     -6.2125
    0.3071     -6.2000
    0.3068     -6.1875
    0.3025     -6.1750
    0.2964     -6.1625
    0.2911     -6.1500
    0.2886     -6.1375
    0.2902     -6.1250
    0.2964     -6.1125
    0.3064     -6.1000
    0.3182     -6.0875
    0.3297     -6.0750
    0.3400     -6.0625
    0.3502     -6.0500
    0.3622     -6.0375
    0.3774     -6.0250
    0.3956     -6.0125
    0.4153     -6.0000
    0.4342     -5.9875
    0.4496     -5.9750
    0.4583     -5.9625
    0.4576     -5.9500
    0.4474     -5.9375
    0.4313     -5.9250
    0.4158     -5.9125
    0.4073     -5.9000
    0.4090     -5.8875
    0.4203     -5.8750
    0.4378     -5.8625
    0.4577     -5.8500
    0.4771     -5.8375
    0.4949     -5.8250
    0.5104     -5.8125
    0.5230     -5.8000
    0.5323     -5.7875
    0.5384     -5.7750
    0.5421     -5.7625
    0.5448     -5.7500
    0.5479     -5.7375
    0.5529     -5.7250
    0.5602     -5.7125
    0.5691     -5.7000
    0.5781     -5.6875
    0.5854     -5.6750
    0.5896     -5.6625
    0.5902     -5.6500
    0.5872     -5.6375
    0.5806     -5.6250
    0.5697     -5.6125
    0.5549     -5.6000
    0.5390     -5.5875
    0.5271     -5.5750
    0.5262     -5.5625
    0.5414     -5.5500
    0.5744     -5.5375
    0.6219     -5.5250
    0.6764     -5.5125
    0.7284     -5.5000
    0.7687     -5.4875
    0.7911     -5.4750
    0.7943     -5.4625
    0.7811     -5.4500
    0.7569     -5.4375
    0.7278     -5.4250
    0.6988     -5.4125
    0.6739     -5.4000
    0.6559     -5.3875
    0.6480     -5.3750
    0.6519     -5.3625
    0.6674     -5.3500
    0.6906     -5.3375
    0.7150     -5.3250
    0.7333     -5.3125
    0.7409     -5.3000
    0.7382     -5.2875
    0.7296     -5.2750
    0.7216     -5.2625
    0.7196     -5.2500
    0.7256     -5.2375
    0.7373     -5.2250
    0.7496     -5.2125
    0.7560     -5.2000
    0.7511     -5.1875
    0.7323     -5.1750
    0.7017     -5.1625
    0.6652     -5.1500
    0.6313     -5.1375
    0.6070     -5.1250
    0.5954     -5.1125
    0.5947     -5.1000
    0.5993     -5.0875
    0.6022     -5.0750
    0.5984     -5.0625
    0.5863     -5.0500
    0.5681     -5.0375
    0.5482     -5.0250
    0.5311     -5.0125
    0.5192     -5.0000
    0.5126     -4.9875
    0.5100     -4.9750
    0.5100     -4.9625
    0.5124     -4.9500
    0.5186     -4.9375
    0.5298     -4.9250
    0.5464     -4.9125
    0.5659     -4.9000
    0.5835     -4.8875
    0.5944     -4.8750
    0.5963     -4.8625
    0.5913     -4.8500
    0.5837     -4.8375
    0.5776     -4.8250
    0.5750     -4.8125
    0.5753     -4.8000
    0.5764     -4.7875
    0.5764     -4.7750
    0.5745     -4.7625
    0.5715     -4.7500
    0.5686     -4.7375
    0.5666     -4.7250
    0.5655     -4.7125
    0.5636     -4.7000
    0.5587     -4.6875
    0.5490     -4.6750
    0.5333     -4.6625
    0.5115     -4.6500
    0.4840     -4.6375
    0.4509     -4.6250
    0.4133     -4.6125
    0.3737     -4.6000
    0.3369     -4.5875
    0.3075     -4.5750
    0.2883     -4.5625
    0.2781     -4.5500
    0.2728     -4.5375
    0.2673     -4.5250
    0.2588     -4.5125
    0.2477     -4.5000
    0.2359     -4.4875
    0.2260     -4.4750
    0.2197     -4.4625
    0.2179     -4.4500
    0.2209     -4.4375
    0.2286     -4.4250
    0.2402     -4.4125
    0.2544     -4.4000
    0.2695     -4.3875
    0.2844     -4.3750
    0.2985     -4.3625
    0.3118     -4.3500
    0.3240     -4.3375
    0.3349     -4.3250
    0.3439     -4.3125
    0.3507     -4.3000
    0.3553     -4.2875
    0.3585     -4.2750
    0.3612     -4.2625
    0.3649     -4.2500
    0.3702     -4.2375
    0.3775     -4.2250
    0.3869     -4.2125
    0.3981     -4.2000
    0.4109     -4.1875
    0.4248     -4.1750
    0.4387     -4.1625
    0.4506     -4.1500
    0.4586     -4.1375
    0.4606     -4.1250
    0.4557     -4.1125
    0.4446     -4.1000
    0.4305     -4.0875
    0.4180     -4.0750
    0.4117     -4.0625
    0.4140     -4.0500
    0.4243     -4.0375
    0.4399     -4.0250
    0.4577     -4.0125
    0.4754     -4.0000
    0.4913     -3.9875
    0.5041     -3.9750
    0.5129     -3.9625
    0.5171     -3.9500
    0.5171     -3.9375
    0.5140     -3.9250
    0.5084     -3.9125
    0.5004     -3.9000
    0.4899     -3.8875
    0.4766     -3.8750
    0.4609     -3.8625
    0.4435     -3.8500
    0.4254     -3.8375
    0.4078     -3.8250
    0.3922     -3.8125
    0.3805     -3.8000
    0.3742     -3.7875
    0.3744     -3.7750
    0.3804     -3.7625
    0.3904     -3.7500
    0.4020     -3.7375
    0.4126     -3.7250
    0.4208     -3.7125
    0.4260     -3.7000
    0.4291     -3.6875
    0.4323     -3.6750
    0.4383     -3.6625
    0.4497     -3.6500
    0.4682     -3.6375
    0.4939     -3.6250
    0.5246     -3.6125
    0.5559     -3.6000
    0.5816     -3.5875
    0.5963     -3.5750
    0.5976     -3.5625
    0.5872     -3.5500
    0.5706     -3.5375
    0.5544     -3.5250
    0.5436     -3.5125
    0.5402     -3.5000
    0.5432     -3.4875
    0.5487     -3.4750
    0.5521     -3.4625
    0.5485     -3.4500
    0.5357     -3.4375
    0.5149     -3.4250
    0.4906     -3.4125
    0.4687     -3.4000
    0.4534     -3.3875
    0.4455     -3.3750
    0.4426     -3.3625
    0.4424     -3.3500
    0.4446     -3.3375
    0.4519     -3.3250
    0.4681     -3.3125
    0.4949     -3.3000
    0.5306     -3.2875
    0.5707     -3.2750
    0.6096     -3.2625
    0.6431     -3.2500
    0.6687     -3.2375
    0.6856     -3.2250
    0.6940     -3.2125
    0.6950     -3.2000
    0.6902     -3.1875
    0.6814     -3.1750
    0.6695     -3.1625
    0.6544     -3.1500
    0.6357     -3.1375
    0.6137     -3.1250
    0.5898     -3.1125
    0.5664     -3.1000
    0.5452     -3.0875
    0.5264     -3.0750
    0.5092     -3.0625
    0.4926     -3.0500
    0.4771     -3.0375
    0.4647     -3.0250
    0.4574     -3.0125
    0.4560     -3.0000
    0.4596     -2.9875
    0.4651     -2.9750
    0.4691     -2.9625
    0.4688     -2.9500
    0.4634     -2.9375
    0.4542     -2.9250
    0.4441     -2.9125
    0.4359     -2.9000
    0.4314     -2.8875
    0.4307     -2.8750
    0.4330     -2.8625
    0.4379     -2.8500
    0.4459     -2.8375
    0.4579     -2.8250
    0.4730     -2.8125
    0.4876     -2.8000
    0.4962     -2.7875
    0.4944     -2.7750
    0.4816     -2.7625
    0.4617     -2.7500
    0.4410     -2.7375
    0.4255     -2.7250
    0.4185     -2.7125
    0.4204     -2.7000
    0.4297     -2.6875
    0.4441     -2.6750
    0.4609     -2.6625
    0.4776     -2.6500
    0.4913     -2.6375
    0.4999     -2.6250
    0.5027     -2.6125
    0.5008     -2.6000
    0.4977     -2.5875
    0.4972     -2.5750
    0.5019     -2.5625
    0.5111     -2.5500
    0.5215     -2.5375
    0.5285     -2.5250
    0.5289     -2.5125
    0.5223     -2.5000
    0.5109     -2.4875
    0.4988     -2.4750
    0.4906     -2.4625
    0.4891     -2.4500
    0.4953     -2.4375
    0.5077     -2.4250
    0.5230     -2.4125
    0.5377     -2.4000
    0.5497     -2.3875
    0.5586     -2.3750
    0.5654     -2.3625
    0.5708     -2.3500
    0.5741     -2.3375
    0.5722     -2.3250
    0.5611     -2.3125
    0.5379     -2.3000
    0.5035     -2.2875
    0.4628     -2.2750
    0.4237     -2.2625
    0.3942     -2.2500
    0.3799     -2.2375
    0.3823     -2.2250
    0.3987     -2.2125
    0.4235     -2.2000
    0.4496     -2.1875
    0.4701     -2.1750
    0.4794     -2.1625
    0.4746     -2.1500
    0.4564     -2.1375
    0.4287     -2.1250
    0.3972     -2.1125
    0.3672     -2.1000
    0.3421     -2.0875
    0.3236     -2.0750
    0.3129     -2.0625
    0.3113     -2.0500
    0.3197     -2.0375
    0.3373     -2.0250
    0.3615     -2.0125
    0.3882     -2.0000
    0.4136     -1.9875
    0.4354     -1.9750
    0.4526     -1.9625
    0.4648     -1.9500
    0.4711     -1.9375
    0.4709     -1.9250
    0.4646     -1.9125
    0.4540     -1.9000
    0.4420     -1.8875
    0.4314     -1.8750
    0.4246     -1.8625
    0.4233     -1.8500
    0.4288     -1.8375
    0.4410     -1.8250
    0.4575     -1.8125
    0.4732     -1.8000
    0.4817     -1.7875
    0.4780     -1.7750
    0.4603     -1.7625
    0.4308     -1.7500
    0.3949     -1.7375
    0.3591     -1.7250
    0.3294     -1.7125
    0.3101     -1.7000
    0.3026     -1.6875
    0.3060     -1.6750
    0.3175     -1.6625
    0.3329     -1.6500
    0.3478     -1.6375
    0.3583     -1.6250
    0.3616     -1.6125
    0.3557     -1.6000
    0.3396     -1.5875
    0.3136     -1.5750
    0.2795     -1.5625
    0.2420     -1.5500
    0.2086     -1.5375
    0.1883     -1.5250
    0.1888     -1.5125
    0.2139     -1.5000
    0.2608     -1.4875
    0.3210     -1.4750
    0.3824     -1.4625
    0.4327     -1.4500
    0.4633     -1.4375
    0.4717     -1.4250
    0.4613     -1.4125
    0.4404     -1.4000
    0.4202     -1.3875
    0.4134     -1.3750
    0.4328     -1.3625
    0.4901     -1.3500
    0.5930     -1.3375
    0.7417     -1.3250
    0.9263     -1.3125
    1.1264     -1.3000
    1.3149     -1.2875
    1.4656     -1.2750
    1.5614     -1.2625
    1.6005     -1.2500
    1.5979     -1.2375
    1.5802     -1.2250
    1.5776     -1.2125
    1.6146     -1.2000
    1.7061     -1.1875
    1.8567     -1.1750
    2.0603     -1.1625
    2.2994     -1.1500
    2.5449     -1.1375
    2.7593     -1.1250
    2.9035     -1.1125
    2.9463     -1.1000
    2.8753     -1.0875
    2.7051     -1.0750
    2.4748     -1.0625
    2.2318     -1.0500
    2.0111     -1.0375
    1.8252     -1.0250
    1.6706     -1.0125
    1.5421     -1.0000
    1.4404     -0.9875
    1.3690     -0.9750
    1.3266     -0.9625
    1.3034     -0.9500
    1.2821     -0.9375
    1.2434     -0.9250
    1.1723     -0.9125
    1.0655     -0.9000
    0.9358     -0.8875
    0.8113     -0.8750
    0.7260     -0.8625
    0.7083     -0.8500
    0.7717     -0.8375
    0.9107     -0.8250
    1.1016     -0.8125
    1.3073     -0.8000
    1.4857     -0.7875
    1.6019     -0.7750
    1.6391     -0.7625
    1.6035     -0.7500
    1.5192     -0.7375
    1.4184     -0.7250
    1.3298     -0.7125
    1.2705     -0.7000
    1.2428     -0.6875
    1.2369     -0.6750
    1.2403     -0.6625
    1.2470     -0.6500
    1.2626     -0.6375
    1.2994     -0.6250
    1.3656     -0.6125
    1.4553     -0.6000
    1.5462     -0.5875
    1.6067     -0.5750
    1.6083     -0.5625
    1.5353     -0.5500
    1.3889     -0.5375
    1.1868     -0.5250
    0.9578     -0.5125
    0.7353     -0.5000
    0.5484     -0.4875
    0.4145     -0.4750
    0.3368     -0.4625
    0.3067     -0.4500
    0.3096     -0.4375
    0.3295     -0.4250
    0.3531     -0.4125
    0.3722     -0.4000
    0.3846     -0.3875
    0.3923     -0.3750
    0.3974     -0.3625
    0.3992     -0.3500
    0.3931     -0.3375
    0.3751     -0.3250
    0.3454     -0.3125
    0.3112     -0.3000
    0.2842     -0.2875
    0.2757     -0.2750
    0.2912     -0.2625
    0.3281     -0.2500
    0.3765     -0.2375
    0.4239     -0.2250
    0.4598     -0.2125
    0.4784     -0.2000
    0.4791     -0.1875
    0.4643     -0.1750
    0.4393     -0.1625
    0.4121     -0.1500
    0.3932     -0.1375
    0.3929     -0.1250
    0.4167     -0.1125
    0.4624     -0.1000
    0.5199     -0.0875
    0.5745     -0.0750
    0.6114     -0.0625
    0.6195     -0.0500
    0.5946     -0.0375
    0.5409     -0.0250
    0.4695     -0.0125
    0.3946      0.0000
    0.3277      0.0125
    0.2753      0.0250
    0.2395      0.0375
    0.2204      0.0500
    0.2173      0.0625
    0.2283      0.0750
    0.2481      0.0875
    0.2689      0.1000
    0.2837      0.1125
    0.2896      0.1250
    0.2898      0.1375
    0.2914      0.1500
    0.3008      0.1625
    0.3204      0.1750
    0.3484      0.1875
    0.3803      0.2000
    0.4098      0.2125
    0.4308      0.2250
    0.4378      0.2375
    0.4283      0.2500
    0.4037      0.2625
    0.3693      0.2750
    0.3321      0.2875
    0.2979      0.3000
    0.2693      0.3125
    0.2454      0.3250
    0.2237      0.3375
    0.2027      0.3500
    0.1830      0.3625
    0.1671      0.3750
    0.1575      0.3875
    0.1551      0.4000
    0.1598      0.4125
    0.1711      0.4250
    0.1891      0.4375
    0.2128      0.4500
    0.2388      0.4625
    0.2609      0.4750
    0.2722      0.4875
    0.2689      0.5000
    0.2524      0.5125
    0.2280      0.5250
    0.2019      0.5375
    0.1783      0.5500
    0.1592      0.5625
    0.1458      0.5750
    0.1401      0.5875
    0.1451      0.6000
    0.1628      0.6125
    0.1924      0.6250
    0.2299      0.6375
    0.2689      0.6500
    0.3027      0.6625
    0.3256      0.6750
    0.3339      0.6875
    0.3268      0.7000
    0.3073      0.7125
    0.2822      0.7250
    0.2607      0.7375
    0.2520      0.7500
    0.2613      0.7625
    0.2890      0.7750
    0.3309      0.7875
    0.3805      0.8000
    0.4303      0.8125
    0.4723      0.8250
    0.4986      0.8375
    0.5026      0.8500
    0.4816      0.8625
    0.4379      0.8750
    0.3798      0.8875
    0.3191      0.9000
    0.2677      0.9125
    0.2348      0.9250
    0.2247      0.9375
    0.2366      0.9500
    0.2657      0.9625
    0.3044      0.9750
    0.3433      0.9875
    0.3732      1.0000
    0.3864      1.0125
    0.3794      1.0250
    0.3539      1.0375
    0.3162      1.0500
    0.2745      1.0625
    0.2355      1.0750
    0.2022      1.0875
    0.1744      1.1000
    0.1499      1.1125
    0.1279      1.1250
    0.1093      1.1375
    0.0966      1.1500
    0.0922      1.1625
    0.0969      1.1750
    0.1092      1.1875
    0.1249      1.2000
    0.1391      1.2125
    0.1474      1.2250
    0.1481      1.2375
    0.1424      1.2500
    0.1333      1.2625
    0.1241      1.2750
    0.1171      1.2875
    0.1136      1.3000
    0.1144      1.3125
    0.1210      1.3250
    0.1351      1.3375
    0.1584      1.3500
    0.1921      1.3625
    0.2359      1.3750
    0.2876      1.3875
    0.3431      1.4000
    0.3973      1.4125
    0.4462      1.4250
    0.4872      1.4375
    0.5195      1.4500
    0.5428      1.4625
    0.5569      1.4750
    0.5620      1.4875
    0.5591      1.5000
    0.5484      1.5125
    0.5287      1.5250
    0.4974      1.5375
    0.4528      1.5500
    0.3971      1.5625
    0.3372      1.5750
    0.2832      1.5875
    0.2431      1.6000
    0.2197      1.6125
    0.2089      1.6250
    0.2030      1.6375
    0.1951      1.6500
    0.1830      1.6625
    0.1691      1.6750
    0.1584      1.6875
    0.1553      1.7000
    0.1607      1.7125
    0.1722      1.7250
    0.1855      1.7375
    0.1967      1.7500
    0.2047      1.7625
    0.2117      1.7750
    0.2217      1.7875
    0.2381      1.8000
    0.2613      1.8125
    0.2879      1.8250
    0.3122      1.8375
    0.3293      1.8500
    0.3369      1.8625
    0.3356      1.8750
    0.3266      1.8875
    0.3106      1.9000
    0.2872      1.9125
    0.2570      1.9250
    0.2230      1.9375
    0.1903      1.9500
    0.1635      1.9625
    0.1443      1.9750
    0.1310      1.9875
    0.1207      2.0000
