    0.0587     -8.0000
    0.0898     -7.9800
    0.1036     -7.9600
    0.0882     -7.9400
    0.0554     -7.9200
    0.0258     -7.9000
    0.0104     -7.8800
    0.0106     -7.8600
    0.0302     -7.8400
    0.0797     -7.8200
    0.1632     -7.8000
    0.2584     -7.7800
    0.3212     -7.7600
    0.3318     -7.7400
    0.3312     -7.7200
    0.3839     -7.7000
    0.5022     -7.6800
    0.6408     -7.6600
    0.7643     -7.6400
    0.8690     -7.6200
    0.9225     -7.6000
    0.8510     -7.5800
    0.6394     -7.5600
    0.3865     -7.5400
    0.2083     -7.5200
    0.1320     -7.5000
    0.1126     -7.4800
    0.1162     -7.4600
    0.1685     -7.4400
    0.3290     -7.4200
    0.6007     -7.4000
    0.8536     -7.3800
    0.9022     -7.3600
    0.7032     -7.3400
    0.4077     -7.3200
    0.1927     -7.3000
    0.1240     -7.2800
    0.1777     -7.2600
    0.2973     -7.2400
    0.4046     -7.2200
    0.4229     -7.2000
    0.3345     -7.1800
    0.1985     -7.1600
    0.0890     -7.1400
    0.0351     -7.1200
    0.0269     -7.1000
    0.0500     -7.0800
    0.1037     -7.0600
    0.2082     -7.0400
    0.3929     -7.0200
    0.6391     -7.0000
    0.8408     -6.9800
    0.8998     -6.9600
    0.8527     -6.9400
    0.8215     -6.9200
    0.8804     -6.9000
    1.0525     -6.8800
    1.3548     -6.8600
    1.7664     -6.8400
    2.2225     -6.8200
    2.6744     -6.8000
    3.0678     -6.7800
    3.2679     -6.7600
    3.1310     -6.7400
    2.6849     -6.7200
    2.1583     -6.7000
    1.8001     -6.6800
    1.6702     -6.6600
    1.6077     -6.6400
    1.4108     -6.6200
    1.0391     -6.6000
    0.6304     -6.5800
    0.3466     -6.5600
    0.2346     -6.5400
    0.2255     -6.5200
    0.2233     -6.5000
    0.1852     -6.4800
    0.1319     -6.4600
    0.1017     -6.4400
    0.1106     -6.4200
    0.1544     -6.4000
    0.2210     -6.3800
    0.2853     -6.3600
    0.3155     -6.3400
    0.3019     -6.3200
    0.2638     -6.3000
    0.2192     -6.2800
    0.1734     -6.2600
    0.1380     -6.2400
    0.1319     -6.2200
    0.1570     -6.2000
    0.1847     -6.1800
    0.1848     -6.1600
    0.1613     -6.1400
    0.1465     -6.1200
    0.1620     -6.1000
    0.2053     -6.0800
    0.2708     -6.0600
    0.3500     -6.0400
    0.4135     -6.0200
    0.4549     -6.0000
    0.5912     -5.9800
    1.0689     -5.9600
    2.0539     -5.9400
    3.3167     -5.9200
    4.1979     -5.9000
    4.1141     -5.8800
    3.1318     -5.8600
    1.8866     -5.8400
    0.9646     -5.8200
    0.5101     -5.8000
    0.3531     -5.7800
    0.3035     -5.7600
    0.2826     -5.7400
    0.2851     -5.7200
    0.3050     -5.7000
    0.3145     -5.6800
    0.2913     -5.6600
    0.2394     -5.6400
    0.1779     -5.6200
    0.1260     -5.6000
    0.0987     -5.5800
    0.1054     -5.5600
    0.1408     -5.5400
    0.1809     -5.5200
    0.1953     -5.5000
    0.1711     -5.4800
    0.1254     -5.4600
    0.0864     -5.4400
    0.0690     -5.4200
    0.0699     -5.4000
    0.0806     -5.3800
    0.0983     -5.3600
    0.1244     -5.3400
    0.1561     -5.3200
    0.1813     -5.3000
    0.1854     -5.2800
    0.1652     -5.2600
    0.1322     -5.2400
    0.1027     -5.2200
    0.0861     -5.2000
    0.0813     -5.1800
    0.0813     -5.1600
    0.0807     -5.1400
    0.0789     -5.1200
    0.0777     -5.1000
    0.0788     -5.0800
    0.0843     -5.0600
    0.0955     -5.0400
    0.1123     -5.0200
    0.1337     -5.0000
    0.1570     -4.9800
    0.1750     -4.9600
    0.1802     -4.9400
    0.1741     -4.9200
    0.1664     -4.9000
    0.1642     -4.8800
    0.1680     -4.8600
    0.1748     -4.8400
    0.1821     -4.8200
    0.1893     -4.8000
    0.1972     -4.7800
    0.2050     -4.7600
    0.2085     -4.7400
    0.2029     -4.7200
    0.1889     -4.7000
    0.1752     -4.6800
    0.1712     -4.6600
    0.1741     -4.6400
    0.1717     -4.6200
    0.1582     -4.6000
    0.1410     -4.5800
    0.1299     -4.5600
    0.1277     -4.5400
    0.1344     -4.5200
    0.1486     -4.5000
    0.1645     -4.4800
    0.1765     -4.4600
    0.1848     -4.4400
    0.1928     -4.4200
    0.2006     -4.4000
    0.2068     -4.3800
    0.2124     -4.3600
    0.2191     -4.3400
    0.2294     -4.3200
    0.2484     -4.3000
    0.2821     -4.2800
    0.3267     -4.2600
    0.3645     -4.2400
    0.3751     -4.2200
    0.3528     -4.2000
    0.3120     -4.1800
    0.2751     -4.1600
    0.2552     -4.1400
    0.2512     -4.1200
    0.2546     -4.1000
    0.2584     -4.0800
    0.2613     -4.0600
    0.2648     -4.0400
    0.2689     -4.0200
    0.2724     -4.0000
    0.2775     -3.9800
    0.2899     -3.9600
    0.3112     -3.9400
    0.3365     -3.9200
    0.3609     -3.9000
    0.3796     -3.8800
    0.3821     -3.8600
    0.3586     -3.8400
    0.3143     -3.8200
    0.2657     -3.8000
    0.2248     -3.7800
    0.1961     -3.7600
    0.1833     -3.7400
    0.1882     -3.7200
    0.2043     -3.7000
    0.2188     -3.6800
    0.2228     -3.6600
    0.2168     -3.6400
    0.2078     -3.6200
    0.2090     -3.6000
    0.2356     -3.5800
    0.2866     -3.5600
    0.3337     -3.5400
    0.3444     -3.5200
    0.3143     -3.5000
    0.2687     -3.4800
    0.2365     -3.4600
    0.2308     -3.4400
    0.2435     -3.4200
    0.2534     -3.4000
    0.2440     -3.3800
    0.2174     -3.3600
    0.1877     -3.3400
    0.1666     -3.3200
    0.1569     -3.3000
    0.1548     -3.2800
    0.1555     -3.2600
    0.1566     -3.2400
    0.1598     -3.2200
    0.1675     -3.2000
    0.1800     -3.1800
    0.1939     -3.1600
    0.2048     -3.1400
    0.2110     -3.1200
    0.2132     -3.1000
    0.2135     -3.0800
    0.2152     -3.0600
    0.2202     -3.0400
    0.2252     -3.0200
    0.2235     -3.0000
    0.2146     -2.9800
    0.2050     -2.9600
    0.1992     -2.9400
    0.1961     -2.9200
    0.1943     -2.9000
    0.1931     -2.8800
    0.1896     -2.8600
    0.1803     -2.8400
    0.1682     -2.8200
    0.1628     -2.8000
    0.1710     -2.7800
    0.1892     -2.7600
    0.2070     -2.7400
    0.2173     -2.7200
    0.2209     -2.7000
    0.2215     -2.6800
    0.2215     -2.6600
    0.2214     -2.6400
    0.2212     -2.6200
    0.2201     -2.6000
    0.2154     -2.5800
    0.2051     -2.5600
    0.1905     -2.5400
    0.1764     -2.5200
    0.1701     -2.5000
    0.1773     -2.4800
    0.1972     -2.4600
    0.2204     -2.4400
    0.2352     -2.4200
    0.2362     -2.4000
    0.2284     -2.3800
    0.2208     -2.3600
    0.2163     -2.3400
    0.2114     -2.3200
    0.2027     -2.3000
    0.1928     -2.2800
    0.1880     -2.2600
    0.1919     -2.2400
    0.2020     -2.2200
    0.2132     -2.2000
    0.2234     -2.1800
    0.2335     -2.1600
    0.2411     -2.1400
    0.2409     -2.1200
    0.2318     -2.1000
    0.2203     -2.0800
    0.2137     -2.0600
    0.2149     -2.0400
    0.2230     -2.0200
    0.2361     -2.0000
    0.2514     -1.9800
    0.2657     -1.9600
    0.2750     -1.9400
    0.2765     -1.9200
    0.2690     -1.9000
    0.2546     -1.8800
    0.2377     -1.8600
    0.2222     -1.8400
    0.2114     -1.8200
    0.2090     -1.8000
    0.2185     -1.7800
    0.2380     -1.7600
    0.2574     -1.7400
    0.2670     -1.7200
    0.2667     -1.7000
    0.2629     -1.6800
    0.2597     -1.6600
    0.2560     -1.6400
    0.2483     -1.6200
    0.2336     -1.6000
    0.2130     -1.5800
    0.1905     -1.5600
    0.1696     -1.5400
    0.1508     -1.5200
    0.1335     -1.5000
    0.1167     -1.4800
    0.1014     -1.4600
    0.0932     -1.4400
    0.0992     -1.4200
    0.1198     -1.4000
    0.1443     -1.3800
    0.1601     -1.3600
    0.1637     -1.3400
    0.1632     -1.3200
    0.1691     -1.3000
    0.1827     -1.2800
    0.1982     -1.2600
    0.2199     -1.2400
    0.2638     -1.2200
    0.3315     -1.2000
    0.4027     -1.1800
    0.4680     -1.1600
    0.5436     -1.1400
    0.6356     -1.1200
    0.7111     -1.1000
    0.7208     -1.0800
    0.6471     -1.0600
    0.5216     -1.0400
    0.3904     -1.0200
    0.2763     -1.0000
    0.1884     -0.9800
    0.1379     -0.9600
    0.1280     -0.9400
    0.1448     -0.9200
    0.1709     -0.9000
    0.2032     -0.8800
    0.2512     -0.8600
    0.3210     -0.8400
    0.4009     -0.8200
    0.4702     -0.8000
    0.5209     -0.7800
    0.5513     -0.7600
    0.5458     -0.7400
    0.4902     -0.7200
    0.4046     -0.7000
    0.3374     -0.6800
    0.3210     -0.6600
    0.3451     -0.6400
    0.3747     -0.6200
    0.3805     -0.6000
    0.3565     -0.5800
    0.3217     -0.5600
    0.3034     -0.5400
    0.3107     -0.5200
    0.3305     -0.5000
    0.3454     -0.4800
    0.3460     -0.4600
    0.3387     -0.4400
    0.3520     -0.4200
    0.4261     -0.4000
    0.5864     -0.3800
    0.8150     -0.3600
    1.0416     -0.3400
    1.1959     -0.3200
    1.2782     -0.3000
    1.3277     -0.2800
    1.3300     -0.2600
    1.2279     -0.2400
    1.0122     -0.2200
    0.7509     -0.2000
    0.5348     -0.1800
    0.4209     -0.1600
    0.4223     -0.1400
    0.5279     -0.1200
    0.6962     -0.1000
    0.8349     -0.0800
    0.8486     -0.0600
    0.7286     -0.0400
    0.5618     -0.0200
    0.4443      0.0000
    0.4005      0.0200
    0.3931      0.0400
    0.3905      0.0600
    0.3931      0.0800
    0.3946      0.1000
    0.3668      0.1200
    0.2986      0.1400
    0.2205      0.1600
    0.1719      0.1800
    0.1625      0.2000
    0.1713      0.2200
    0.1730      0.2400
    0.1579      0.2600
    0.1307      0.2800
    0.1005      0.3000
    0.0773      0.3200
    0.0684      0.3400
    0.0738      0.3600
    0.0862      0.3800
    0.0955      0.4000
    0.0958      0.4200
    0.0891      0.4400
    0.0834      0.4600
    0.0851      0.4800
    0.0946      0.5000
    0.1063      0.5200
    0.1123      0.5400
    0.1108      0.5600
    0.1064      0.5800
    0.1029      0.6000
    0.1000      0.6200
    0.0973      0.6400
    0.0960      0.6600
    0.0980      0.6800
    0.1033      0.7000
    0.1105      0.7200
    0.1169      0.7400
    0.1175      0.7600
    0.1077      0.7800
    0.0893      0.8000
    0.0715      0.8200
    0.0646      0.8400
    0.0746      0.8600
    0.1007      0.8800
    0.1349      0.9000
    0.1641      0.9200
    0.1747      0.9400
    0.1619      0.9600
    0.1330      0.9800
    0.1020      1.0000
    0.0797      1.0200
    0.0709      1.0400
    0.0742      1.0600
    0.0845      1.0800
    0.0992      1.1000
    0.1207      1.1200
    0.1483      1.1400
    0.1710      1.1600
    0.1749      1.1800
    0.1598      1.2000
    0.1411      1.2200
    0.1379      1.2400
    0.1676      1.2600
    0.2450      1.2800
    0.3675      1.3000
    0.4927      1.3200
    0.5485      1.3400
    0.4995      1.3600
    0.3945      1.3800
    0.3153      1.4000
    0.2893      1.4200
    0.2817      1.4400
    0.2569      1.4600
    0.2144      1.4800
    0.1744      1.5000
    0.1554      1.5200
    0.1642      1.5400
    0.1913      1.5600
    0.2139      1.5800
    0.2153      1.6000
    0.2022      1.6200
    0.1936      1.6400
    0.1951      1.6600
    0.1955      1.6800
    0.1873      1.7000
    0.1766      1.7200
    0.1702      1.7400
    0.1662      1.7600
    0.1647      1.7800
    0.1710      1.8000
    0.1864      1.8200
    0.2022      1.8400
    0.2064      1.8600
    0.1931      1.8800
    0.1690      1.9000
    0.1498      1.9200
    0.1451      1.9400
    0.1503      1.9600
    0.1556      1.9800
    0.1601      2.0000
