    0.0515     -8.0000
    0.0790     -7.9800
    0.0918     -7.9600
    0.0790     -7.9400
    0.0501     -7.9200
    0.0236     -7.9000
    0.0092     -7.8800
    0.0075     -7.8600
    0.0193     -7.8400
    0.0499     -7.8200
    0.0999     -7.8000
    0.1534     -7.7800
    0.1836     -7.7600
    0.1800     -7.7400
    0.1667     -7.7200
    0.1799     -7.7000
    0.2276     -7.6800
    0.2881     -7.6600
    0.3419     -7.6400
    0.3849     -7.6200
    0.4032     -7.6000
    0.3675     -7.5800
    0.2735     -7.5600
    0.1636     -7.5400
    0.0866     -7.5200
    0.0535     -7.5000
    0.0445     -7.4800
    0.0425     -7.4600
    0.0511     -7.4400
    0.0864     -7.4200
    0.1507     -7.4000
    0.2123     -7.3800
    0.2251     -7.3600
    0.1772     -7.3400
    0.1040     -7.3200
    0.0483     -7.3000
    0.0255     -7.2800
    0.0298     -7.2600
    0.0492     -7.2400
    0.0695     -7.2200
    0.0760     -7.2000
    0.0630     -7.1800
    0.0393     -7.1600
    0.0187     -7.1400
    0.0087     -7.1200
    0.0092     -7.1000
    0.0178     -7.0800
    0.0317     -7.0600
    0.0484     -7.0400
    0.0684     -7.0200
    0.0925     -7.0000
    0.1146     -6.9800
    0.1264     -6.9600
    0.1288     -6.9400
    0.1294     -6.9200
    0.1330     -6.9000
    0.1442     -6.8800
    0.1757     -6.8600
    0.2408     -6.8400
    0.3422     -6.8200
    0.4706     -6.8000
    0.6049     -6.7800
    0.7069     -6.7600
    0.7364     -6.7400
    0.6895     -6.7200
    0.6132     -6.7000
    0.5681     -6.6800
    0.5690     -6.6600
    0.5683     -6.6400
    0.5062     -6.6200
    0.3766     -6.6000
    0.2328     -6.5800
    0.1330     -6.5600
    0.0933     -6.5400
    0.0883     -6.5200
    0.0843     -6.5000
    0.0674     -6.4800
    0.0478     -6.4600
    0.0419     -6.4400
    0.0560     -6.4200
    0.0862     -6.4000
    0.1227     -6.3800
    0.1506     -6.3600
    0.1549     -6.3400
    0.1364     -6.3200
    0.1119     -6.3000
    0.0935     -6.2800
    0.0800     -6.2600
    0.0692     -6.2400
    0.0670     -6.2200
    0.0766     -6.2000
    0.0884     -6.1800
    0.0895     -6.1600
    0.0824     -6.1400
    0.0824     -6.1200
    0.0972     -6.1000
    0.1204     -6.0800
    0.1457     -6.0600
    0.1709     -6.0400
    0.1865     -6.0200
    0.1868     -6.0000
    0.2075     -5.9800
    0.3289     -5.9600
    0.6081     -5.9400
    0.9825     -5.9200
    1.2597     -5.9000
    1.2619     -5.8800
    0.9960     -5.8600
    0.6420     -5.8400
    0.3762     -5.8200
    0.2468     -5.8000
    0.2048     -5.7800
    0.1952     -5.7600
    0.1980     -5.7400
    0.2134     -5.7200
    0.2351     -5.7000
    0.2446     -5.6800
    0.2273     -5.6600
    0.1881     -5.6400
    0.1453     -5.6200
    0.1164     -5.6000
    0.1117     -5.5800
    0.1335     -5.5600
    0.1719     -5.5400
    0.2044     -5.5200
    0.2076     -5.5000
    0.1771     -5.4800
    0.1335     -5.4600
    0.1055     -5.4400
    0.1100     -5.4200
    0.1461     -5.4000
    0.2009     -5.3800
    0.2604     -5.3600
    0.3176     -5.3400
    0.3700     -5.3200
    0.4036     -5.3000
    0.3971     -5.2800
    0.3503     -5.2600
    0.2893     -5.2400
    0.2397     -5.2200
    0.2104     -5.2000
    0.1991     -5.1800
    0.1995     -5.1600
    0.2029     -5.1400
    0.2031     -5.1200
    0.1999     -5.1000
    0.2026     -5.0800
    0.2303     -5.0600
    0.2991     -5.0400
    0.4048     -5.0200
    0.5222     -5.0000
    0.6212     -4.9800
    0.6760     -4.9600
    0.6712     -4.9400
    0.6184     -4.9200
    0.5568     -4.9000
    0.5262     -4.8800
    0.5453     -4.8600
    0.6077     -4.8400
    0.6895     -4.8200
    0.7651     -4.8000
    0.8185     -4.7800
    0.8427     -4.7600
    0.8367     -4.7400
    0.8014     -4.7200
    0.7421     -4.7000
    0.6808     -4.6800
    0.6465     -4.6600
    0.6403     -4.6400
    0.6345     -4.6200
    0.6192     -4.6000
    0.6215     -4.5800
    0.6619     -4.5600
    0.7290     -4.5400
    0.8087     -4.5200
    0.8979     -4.5000
    0.9811     -4.4800
    1.0330     -4.4600
    1.0489     -4.4400
    1.0391     -4.4200
    1.0097     -4.4000
    0.9692     -4.3800
    0.9348     -4.3600
    0.9169     -4.3400
    0.9135     -4.3200
    0.9264     -4.3000
    0.9655     -4.2800
    1.0200     -4.2600
    1.0446     -4.2400
    0.9972     -4.2200
    0.8855     -4.2000
    0.7606     -4.1800
    0.6681     -4.1600
    0.6191     -4.1400
    0.6031     -4.1200
    0.6078     -4.1000
    0.6246     -4.0800
    0.6465     -4.0600
    0.6646     -4.0400
    0.6711     -4.0200
    0.6668     -4.0000
    0.6611     -3.9800
    0.6636     -3.9600
    0.6746     -3.9400
    0.6856     -3.9200
    0.6900     -3.9000
    0.6857     -3.8800
    0.6653     -3.8600
    0.6210     -3.8400
    0.5600     -3.8200
    0.5013     -3.8000
    0.4580     -3.7800
    0.4349     -3.7600
    0.4369     -3.7400
    0.4650     -3.7200
    0.5024     -3.7000
    0.5198     -3.6800
    0.5019     -3.6600
    0.4585     -3.6400
    0.4099     -3.6200
    0.3767     -3.6000
    0.3777     -3.5800
    0.4158     -3.5600
    0.4664     -3.5400
    0.4960     -3.5200
    0.4903     -3.5000
    0.4563     -3.4800
    0.4105     -3.4600
    0.3721     -3.4400
    0.3578     -3.4200
    0.3681     -3.4000
    0.3839     -3.3800
    0.3813     -3.3600
    0.3532     -3.3400
    0.3134     -3.3200
    0.2795     -3.3000
    0.2584     -3.2800
    0.2501     -3.2600
    0.2580     -3.2400
    0.2907     -3.2200
    0.3514     -3.2000
    0.4246     -3.1800
    0.4792     -3.1600
    0.4933     -3.1400
    0.4709     -3.1200
    0.4306     -3.1000
    0.3888     -3.0800
    0.3582     -3.0600
    0.3490     -3.0400
    0.3616     -3.0200
    0.3833     -3.0000
    0.4003     -2.9800
    0.4113     -2.9600
    0.4259     -2.9400
    0.4512     -2.9200
    0.4847     -2.9000
    0.5154     -2.8800
    0.5272     -2.8600
    0.5076     -2.8400
    0.4644     -2.8200
    0.4258     -2.8000
    0.4125     -2.7800
    0.4175     -2.7600
    0.4193     -2.7400
    0.4078     -2.7200
    0.3914     -2.7000
    0.3888     -2.6800
    0.4116     -2.6600
    0.4506     -2.6400
    0.4800     -2.6200
    0.4812     -2.6000
    0.4588     -2.5800
    0.4313     -2.5600
    0.4116     -2.5400
    0.4029     -2.5200
    0.4045     -2.5000
    0.4119     -2.4800
    0.4144     -2.4600
    0.4045     -2.4400
    0.3862     -2.4200
    0.3700     -2.4000
    0.3637     -2.3800
    0.3684     -2.3600
    0.3772     -2.3400
    0.3783     -2.3200
    0.3632     -2.3000
    0.3324     -2.2800
    0.2950     -2.2600
    0.2621     -2.2400
    0.2417     -2.2200
    0.2372     -2.2000
    0.2487     -2.1800
    0.2729     -2.1600
    0.3018     -2.1400
    0.3243     -2.1200
    0.3319     -2.1000
    0.3243     -2.0800
    0.3098     -2.0600
    0.3002     -2.0400
    0.3002     -2.0200
    0.3032     -2.0000
    0.2999     -1.9800
    0.2902     -1.9600
    0.2819     -1.9400
    0.2796     -1.9200
    0.2789     -1.9000
    0.2726     -1.8800
    0.2592     -1.8600
    0.2431     -1.8400
    0.2286     -1.8200
    0.2168     -1.8000
    0.2073     -1.7800
    0.1998     -1.7600
    0.1941     -1.7400
    0.1899     -1.7200
    0.1866     -1.7000
    0.1844     -1.6800
    0.1826     -1.6600
    0.1798     -1.6400
    0.1749     -1.6200
    0.1689     -1.6000
    0.1645     -1.5800
    0.1641     -1.5600
    0.1653     -1.5400
    0.1614     -1.5200
    0.1474     -1.5000
    0.1257     -1.4800
    0.1054     -1.4600
    0.0973     -1.4400
    0.1097     -1.4200
    0.1414     -1.4000
    0.1812     -1.3800
    0.2158     -1.3600
    0.2395     -1.3400
    0.2541     -1.3200
    0.2645     -1.3000
    0.2723     -1.2800
    0.2777     -1.2600
    0.2836     -1.2400
    0.2954     -1.2200
    0.3104     -1.2000
    0.3196     -1.1800
    0.3259     -1.1600
    0.3432     -1.1400
    0.3771     -1.1200
    0.4228     -1.1000
    0.4829     -1.0800
    0.5687     -1.0600
    0.6721     -1.0400
    0.7419     -1.0200
    0.7160     -1.0000
    0.5998     -0.9800
    0.4761     -0.9600
    0.4161     -0.9400
    0.4113     -0.9200
    0.4123     -0.9000
    0.4013     -0.8800
    0.4089     -0.8600
    0.4711     -0.8400
    0.5824     -0.8200
    0.7020     -0.8000
    0.8046     -0.7800
    0.8928     -0.7600
    0.9550     -0.7400
    0.9620     -0.7200
    0.9242     -0.7000
    0.9053     -0.6800
    0.9490     -0.6600
    1.0274     -0.6400
    1.0919     -0.6200
    1.1323     -0.6000
    1.1677     -0.5800
    1.2072     -0.5600
    1.2360     -0.5400
    1.2396     -0.5200
    1.2287     -0.5000
    1.2171     -0.4800
    1.1918     -0.4600
    1.1482     -0.4400
    1.1284     -0.4200
    1.1698     -0.4000
    1.2521     -0.3800
    1.3489     -0.3600
    1.4821     -0.3400
    1.6693     -0.3200
    1.8538     -0.3000
    1.9296     -0.2800
    1.8306     -0.2600
    1.5837     -0.2400
    1.2729     -0.2200
    0.9769     -0.2000
    0.7549     -0.1800
    0.6483     -0.1600
    0.6672     -0.1400
    0.7927     -0.1200
    0.9751     -0.1000
    1.1189     -0.0800
    1.1298     -0.0600
    1.0067     -0.0400
    0.8506     -0.0200
    0.7630      0.0000
    0.7554      0.0200
    0.7738      0.0400
    0.7922      0.0600
    0.8332      0.0800
    0.8905      0.1000
    0.8954      0.1200
    0.8021      0.1400
    0.6592      0.1600
    0.5627      0.1800
    0.5619      0.2000
    0.6219      0.2200
    0.6658      0.2400
    0.6430      0.2600
    0.5540      0.2800
    0.4290      0.3000
    0.3081      0.3200
    0.2287      0.3400
    0.2103      0.3600
    0.2466      0.3800
    0.3102      0.4000
    0.3625      0.4200
    0.3767      0.4400
    0.3584      0.4600
    0.3388      0.4800
    0.3435      0.5000
    0.3696      0.5200
    0.3945      0.5400
    0.4069      0.5600
    0.4150      0.5800
    0.4208      0.6000
    0.4144      0.6200
    0.3987      0.6400
    0.3944      0.6600
    0.4137      0.6800
    0.4449      0.7000
    0.4680      0.7200
    0.4723      0.7400
    0.4512      0.7600
    0.4004      0.7800
    0.3318      0.8000
    0.2731      0.8200
    0.2538      0.8400
    0.2957      0.8600
    0.4018      0.8800
    0.5411      0.9000
    0.6491      0.9200
    0.6660      0.9400
    0.5878      0.9600
    0.4712      0.9800
    0.3759      1.0000
    0.3198      1.0200
    0.2908      1.0400
    0.2760      1.0600
    0.2719      1.0800
    0.2814      1.1000
    0.3086      1.1200
    0.3473      1.1400
    0.3756      1.1600
    0.3727      1.1800
    0.3443      1.2000
    0.3218      1.2200
    0.3329      1.2400
    0.3838      1.2600
    0.4660      1.2800
    0.5650      1.3000
    0.6501      1.3200
    0.6734      1.3400
    0.6189      1.3600
    0.5429      1.3800
    0.5202      1.4000
    0.5566      1.4200
    0.5926      1.4400
    0.5806      1.4600
    0.5238      1.4800
    0.4610      1.5000
    0.4357      1.5200
    0.4584      1.5400
    0.4931      1.5600
    0.4990      1.5800
    0.4761      1.6000
    0.4549      1.6200
    0.4511      1.6400
    0.4528      1.6600
    0.4510      1.6800
    0.4622      1.7000
    0.5019      1.7200
    0.5457      1.7400
    0.5485      1.7600
    0.5046      1.7800
    0.4572      1.8000
    0.4447      1.8200
    0.4625      1.8400
    0.4751      1.8600
    0.4524      1.8800
    0.3981      1.9000
    0.3427      1.9200
    0.3121      1.9400
    0.3073      1.9600
    0.3148      1.9800
    0.3251      2.0000
