    0.0000     -7.9875
    0.0000     -7.9700
    0.0000     -7.9525
    0.0000     -7.9350
    0.0000     -7.9175
    0.0000     -7.9000
    0.0000     -7.8825
    0.0000     -7.8650
    0.0000     -7.8475
    0.0000     -7.8300
    0.0000     -7.8125
    0.0000     -7.7950
    0.0000     -7.7775
    0.0000     -7.7600
    0.0000     -7.7425
    0.0000     -7.7250
    0.0002     -7.7075
    0.0017     -7.6900
    0.0103     -7.6725
    0.0494     -7.6550
    0.1900     -7.6375
    0.5879     -7.6200
    1.4643     -7.6025
    2.9340     -7.5850
    4.7223     -7.5675
    6.0915     -7.5500
    6.2809     -7.5325
    5.1623     -7.5150
    3.3731     -7.4975
    1.7479     -7.4800
    0.7168     -7.4625
    0.2322     -7.4450
    0.0593     -7.4275
    0.0119     -7.4100
    0.0019     -7.3925
    0.0002     -7.3750
    0.0000     -7.3575
    0.0000     -7.3400
    0.0000     -7.3225
    0.0000     -7.3050
    0.0000     -7.2875
    0.0000     -7.2700
    0.0000     -7.2525
    0.0001     -7.2350
    0.0006     -7.2175
    0.0019     -7.2000
    0.0053     -7.1825
    0.0124     -7.1650
    0.0246     -7.1475
    0.0409     -7.1300
    0.0570     -7.1125
    0.0663     -7.0950
    0.0662     -7.0775
    0.0619     -7.0600
    0.0618     -7.0425
    0.0688     -7.0250
    0.0773     -7.0075
    0.0791     -6.9900
    0.0703     -6.9725
    0.0544     -6.9550
    0.0399     -6.9375
    0.0365     -6.9200
    0.0483     -6.9025
    0.0700     -6.8850
    0.0886     -6.8675
    0.0941     -6.8500
    0.0873     -6.8325
    0.0763     -6.8150
    0.0660     -6.7975
    0.0571     -6.7800
    0.0532     -6.7625
    0.0651     -6.7450
    0.1020     -6.7275
    0.1591     -6.7100
    0.2133     -6.6925
    0.2381     -6.6750
    0.2249     -6.6575
    0.1915     -6.6400
    0.1638     -6.6225
    0.1507     -6.6050
    0.1399     -6.5875
    0.1161     -6.5700
    0.0798     -6.5525
    0.0441     -6.5350
    0.0201     -6.5175
    0.0114     -6.5000
    0.0202     -6.4825
    0.0586     -6.4650
    0.1527     -6.4475
    0.3336     -6.4300
    0.6084     -6.4125
    0.9217     -6.3950
    1.1528     -6.3775
    1.1831     -6.3600
    0.9919     -6.3425
    0.6781     -6.3250
    0.3807     -6.3075
    0.1853     -6.2900
    0.1033     -6.2725
    0.1085     -6.2550
    0.1692     -6.2375
    0.2531     -6.2200
    0.3229     -6.2025
    0.3483     -6.1850
    0.3269     -6.1675
    0.2861     -6.1500
    0.2614     -6.1325
    0.2772     -6.1150
    0.3439     -6.0975
    0.4552     -6.0800
    0.5825     -6.0625
    0.6923     -6.0450
    0.7810     -6.0275
    0.8862     -6.0100
    1.0503     -5.9925
    1.2615     -5.9750
    1.4333     -5.9575
    1.4623     -5.9400
    1.3191     -5.9225
    1.0753     -5.9050
    0.8405     -5.8875
    0.6828     -5.8700
    0.6072     -5.8525
    0.5858     -5.8350
    0.5924     -5.8175
    0.6136     -5.8000
    0.6421     -5.7825
    0.6733     -5.7650
    0.7098     -5.7475
    0.7636     -5.7300
    0.8493     -5.7125
    0.9676     -5.6950
    1.0974     -5.6775
    1.2114     -5.6600
    1.2985     -5.6425
    1.3603     -5.6250
    1.3937     -5.6075
    1.3981     -5.5900
    1.3933     -5.5725
    1.4076     -5.5550
    1.4445     -5.5375
    1.4769     -5.5200
    1.4745     -5.5025
    1.4273     -5.4850
    1.3501     -5.4675
    1.2704     -5.4500
    1.2066     -5.4325
    1.1522     -5.4150
    1.0849     -5.3975
    0.9902     -5.3800
    0.8734     -5.3625
    0.7530     -5.3450
    0.6475     -5.3275
    0.5673     -5.3100
    0.5129     -5.2925
    0.4763     -5.2750
    0.4462     -5.2575
    0.4169     -5.2400
    0.3917     -5.2225
    0.3770     -5.2050
    0.3762     -5.1875
    0.3910     -5.1700
    0.4217     -5.1525
    0.4655     -5.1350
    0.5155     -5.1175
    0.5666     -5.1000
    0.6165     -5.0825
    0.6626     -5.0650
    0.7011     -5.0475
    0.7334     -5.0300
    0.7642     -5.0125
    0.7930     -4.9950
    0.8117     -4.9775
    0.8112     -4.9600
    0.7902     -4.9425
    0.7565     -4.9250
    0.7230     -4.9075
    0.7020     -4.8900
    0.6996     -4.8725
    0.7128     -4.8550
    0.7279     -4.8375
    0.7243     -4.8200
    0.6895     -4.8025
    0.6324     -4.7850
    0.5782     -4.7675
    0.5485     -4.7500
    0.5505     -4.7325
    0.5791     -4.7150
    0.6213     -4.6975
    0.6609     -4.6800
    0.6864     -4.6625
    0.6984     -4.6450
    0.7064     -4.6275
    0.7176     -4.6100
    0.7292     -4.5925
    0.7311     -4.5750
    0.7163     -4.5575
    0.6875     -4.5400
    0.6563     -4.5225
    0.6328     -4.5050
    0.6167     -4.4875
    0.5981     -4.4700
    0.5685     -4.4525
    0.5287     -4.4350
    0.4871     -4.4175
    0.4542     -4.4000
    0.4371     -4.3825
    0.4372     -4.3650
    0.4510     -4.3475
    0.4730     -4.3300
    0.4993     -4.3125
    0.5274     -4.2950
    0.5521     -4.2775
    0.5658     -4.2600
    0.5629     -4.2425
    0.5453     -4.2250
    0.5210     -4.2075
    0.4970     -4.1900
    0.4753     -4.1725
    0.4565     -4.1550
    0.4443     -4.1375
    0.4431     -4.1200
    0.4517     -4.1025
    0.4635     -4.0850
    0.4728     -4.0675
    0.4772     -4.0500
    0.4750     -4.0325
    0.4658     -4.0150
    0.4527     -3.9975
    0.4410     -3.9800
    0.4338     -3.9625
    0.4312     -3.9450
    0.4320     -3.9275
    0.4346     -3.9100
    0.4366     -3.8925
    0.4358     -3.8750
    0.4325     -3.8575
    0.4297     -3.8400
    0.4305     -3.8225
    0.4342     -3.8050
    0.4359     -3.7875
    0.4302     -3.7700
    0.4153     -3.7525
    0.3958     -3.7350
    0.3814     -3.7175
    0.3829     -3.7000
    0.4041     -3.6825
    0.4379     -3.6650
    0.4700     -3.6475
    0.4891     -3.6300
    0.4929     -3.6125
    0.4837     -3.5950
    0.4645     -3.5775
    0.4389     -3.5600
    0.4132     -3.5425
    0.3946     -3.5250
    0.3877     -3.5075
    0.3921     -3.4900
    0.4022     -3.4725
    0.4102     -3.4550
    0.4101     -3.4375
    0.4013     -3.4200
    0.3882     -3.4025
    0.3753     -3.3850
    0.3646     -3.3675
    0.3568     -3.3500
    0.3531     -3.3325
    0.3536     -3.3150
    0.3555     -3.2975
    0.3531     -3.2800
    0.3414     -3.2625
    0.3201     -3.2450
    0.2940     -3.2275
    0.2698     -3.2100
    0.2533     -3.1925
    0.2472     -3.1750
    0.2503     -3.1575
    0.2583     -3.1400
    0.2664     -3.1225
    0.2724     -3.1050
    0.2754     -3.0875
    0.2742     -3.0700
    0.2670     -3.0525
    0.2527     -3.0350
    0.2318     -3.0175
    0.2066     -3.0000
    0.1820     -2.9825
    0.1628     -2.9650
    0.1515     -2.9475
    0.1472     -2.9300
    0.1473     -2.9125
    0.1485     -2.8950
    0.1479     -2.8775
    0.1439     -2.8600
    0.1370     -2.8425
    0.1280     -2.8250
    0.1167     -2.8075
    0.1024     -2.7900
    0.0871     -2.7725
    0.0763     -2.7550
    0.0769     -2.7375
    0.0933     -2.7200
    0.1260     -2.7025
    0.1688     -2.6850
    0.2083     -2.6675
    0.2282     -2.6500
    0.2192     -2.6325
    0.1861     -2.6150
    0.1448     -2.5975
    0.1107     -2.5800
    0.0917     -2.5625
    0.0892     -2.5450
    0.1019     -2.5275
    0.1258     -2.5100
    0.1530     -2.4925
    0.1747     -2.4750
    0.1843     -2.4575
    0.1797     -2.4400
    0.1658     -2.4225
    0.1547     -2.4050
    0.1577     -2.3875
    0.1756     -2.3700
    0.1985     -2.3525
    0.2187     -2.3350
    0.2425     -2.3175
    0.2834     -2.3000
    0.3435     -2.2825
    0.4054     -2.2650
    0.4454     -2.2475
    0.4554     -2.2300
    0.4528     -2.2125
    0.4764     -2.1950
    0.5744     -2.1775
    0.7719     -2.1600
    1.0259     -2.1425
    1.2257     -2.1250
    1.2738     -2.1075
    1.1751     -2.0900
    1.0371     -2.0725
    0.9863     -2.0550
    1.0832     -2.0375
    1.2903     -2.0200
    1.4987     -2.0025
    1.5968     -1.9850
    1.5346     -1.9675
    1.3426     -1.9500
    1.1015     -1.9325
    0.8909     -1.9150
    0.7473     -1.8975
    0.6543     -1.8800
    0.5712     -1.8625
    0.4783     -1.8450
    0.4007     -1.8275
    0.3888     -1.8100
    0.4734     -1.7925
    0.6340     -1.7750
    0.8015     -1.7575
    0.8936     -1.7400
    0.8657     -1.7225
    0.7401     -1.7050
    0.5853     -1.6875
    0.4655     -1.6700
    0.4076     -1.6525
    0.4060     -1.6350
    0.4412     -1.6175
    0.4903     -1.6000
    0.5297     -1.5825
    0.5392     -1.5650
    0.5079     -1.5475
    0.4365     -1.5300
    0.3381     -1.5125
    0.2356     -1.4950
    0.1565     -1.4775
    0.1220     -1.4600
    0.1354     -1.4425
    0.1781     -1.4250
    0.2176     -1.4075
    0.2262     -1.3900
    0.1995     -1.3725
    0.1565     -1.3550
    0.1221     -1.3375
    0.1110     -1.3200
    0.1253     -1.3025
    0.1584     -1.2850
    0.1979     -1.2675
    0.2290     -1.2500
    0.2423     -1.2325
    0.2394     -1.2150
    0.2288     -1.1975
    0.2175     -1.1800
    0.2090     -1.1625
    0.2046     -1.1450
    0.2033     -1.1275
    0.1989     -1.1100
    0.1846     -1.0925
    0.1596     -1.0750
    0.1309     -1.0575
    0.1074     -1.0400
    0.0954     -1.0225
    0.0960     -1.0050
    0.1058     -0.9875
    0.1191     -0.9700
    0.1328     -0.9525
    0.1454     -0.9350
    0.1531     -0.9175
    0.1500     -0.9000
    0.1357     -0.8825
    0.1178     -0.8650
    0.1053     -0.8475
    0.1006     -0.8300
    0.0995     -0.8125
    0.0970     -0.7950
    0.0915     -0.7775
    0.0843     -0.7600
    0.0759     -0.7425
    0.0653     -0.7250
    0.0531     -0.7075
    0.0437     -0.6900
    0.0427     -0.6725
    0.0522     -0.6550
    0.0684     -0.6375
    0.0850     -0.6200
    0.0975     -0.6025
    0.1064     -0.5850
    0.1143     -0.5675
    0.1210     -0.5500
    0.1228     -0.5325
    0.1164     -0.5150
    0.1026     -0.4975
    0.0870     -0.4800
    0.0777     -0.4625
    0.0819     -0.4450
    0.1011     -0.4275
    0.1282     -0.4100
    0.1517     -0.3925
    0.1638     -0.3750
    0.1657     -0.3575
    0.1637     -0.3400
    0.1619     -0.3225
    0.1586     -0.3050
    0.1505     -0.2875
    0.1388     -0.2700
    0.1303     -0.2525
    0.1332     -0.2350
    0.1495     -0.2175
    0.1715     -0.2000
    0.1866     -0.1825
    0.1860     -0.1650
    0.1712     -0.1475
    0.1505     -0.1300
    0.1322     -0.1125
    0.1211     -0.0950
    0.1215     -0.0775
    0.1372     -0.0600
    0.1656     -0.0425
    0.1945     -0.0250
    0.2075     -0.0075
    0.1954      0.0100
    0.1640      0.0275
    0.1313      0.0450
    0.1151      0.0625
    0.1203      0.0800
    0.1352      0.0975
    0.1412      0.1150
    0.1294      0.1325
    0.1080      0.1500
    0.0944      0.1675
    0.0992      0.1850
    0.1190      0.2025
    0.1421      0.2200
    0.1586      0.2375
    0.1634      0.2550
    0.1549      0.2725
    0.1361      0.2900
    0.1194      0.3075
    0.1243      0.3250
    0.1645      0.3425
    0.2348      0.3600
    0.3081      0.3775
    0.3507      0.3950
    0.3456      0.4125
    0.3034      0.4300
    0.2527      0.4475
    0.2193      0.4650
    0.2150      0.4825
    0.2369      0.5000
    0.2708      0.5175
    0.2972      0.5350
    0.3029      0.5525
    0.2904      0.5700
    0.2736      0.5875
    0.2628      0.6050
    0.2561      0.6225
    0.2496      0.6400
    0.2533      0.6575
    0.2892      0.6750
    0.3691      0.6925
    0.4729      0.7100
    0.5563      0.7275
    0.5823      0.7450
    0.5502      0.7625
    0.4923      0.7800
    0.4445      0.7975
    0.4224      0.8150
    0.4185      0.8325
    0.4145      0.8500
    0.3986      0.8675
    0.3760      0.8850
    0.3658      0.9025
    0.3812      0.9200
    0.4118      0.9375
    0.4286      0.9550
    0.4090      0.9725
    0.3596      0.9900
    0.3092      1.0075
    0.2810      1.0250
    0.2783      1.0425
    0.2904      1.0600
    0.3007      1.0775
    0.2917      1.0950
    0.2561      1.1125
    0.2058      1.1300
    0.1656      1.1475
    0.1566      1.1650
    0.1870      1.1825
    0.2469      1.2000
    0.3077      1.2175
    0.3361      1.2350
    0.3180      1.2525
    0.2681      1.2700
    0.2136      1.2875
    0.1737      1.3050
    0.1544      1.3225
    0.1543      1.3400
    0.1673      1.3575
    0.1814      1.3750
    0.1846      1.3925
    0.1740      1.4100
    0.1577      1.4275
    0.1466      1.4450
    0.1447      1.4625
    0.1492      1.4800
    0.1576      1.4975
    0.1685      1.5150
    0.1781      1.5325
    0.1788      1.5500
    0.1668      1.5675
    0.1484      1.5850
    0.1349      1.6025
    0.1332      1.6200
    0.1431      1.6375
    0.1610      1.6550
    0.1825      1.6725
    0.2033      1.6900
    0.2188      1.7075
    0.2244      1.7250
    0.2167      1.7425
    0.1956      1.7600
    0.1664      1.7775
    0.1377      1.7950
    0.1152      1.8125
    0.1015      1.8300
    0.0980      1.8475
    0.1023      1.8650
    0.1075      1.8825
    0.1069      1.9000
    0.1009      1.9175
    0.0964      1.9350
    0.1000      1.9525
    0.1128      1.9700
    0.1288      1.9875
