    0.0000     -8.0000
    0.0000     -7.9875
    0.0000     -7.9750
    0.0000     -7.9625
    0.0000     -7.9500
    0.0000     -7.9375
    0.0000     -7.9250
    0.0000     -7.9125
    0.0000     -7.9000
    0.0000     -7.8875
    0.0000     -7.8750
    0.0000     -7.8625
    0.0000     -7.8500
    0.0000     -7.8375
    0.0000     -7.8250
    0.0000     -7.8125
    0.0000     -7.8000
    0.0000     -7.7875
    0.0000     -7.7750
    0.0000     -7.7625
    0.0000     -7.7500
    0.0000     -7.7375
    0.0000     -7.7250
    0.0000     -7.7125
    0.0000     -7.7000
    0.0000     -7.6875
    0.0000     -7.6750
    0.0000     -7.6625
    0.0000     -7.6500
    0.0000     -7.6375
    0.0000     -7.6250
    0.0000     -7.6125
    0.0000     -7.6000
    0.0000     -7.5875
    0.0000     -7.5750
    0.0000     -7.5625
    0.0000     -7.5500
    0.0000     -7.5375
    0.0000     -7.5250
    0.0000     -7.5125
    0.0000     -7.5000
    0.0000     -7.4875
    0.0000     -7.4750
    0.0000     -7.4625
    0.0000     -7.4500
    0.0000     -7.4375
    0.0000     -7.4250
    0.0000     -7.4125
    0.0000     -7.4000
    0.0000     -7.3875
    0.0000     -7.3750
    0.0000     -7.3625
    0.0000     -7.3500
    0.0000     -7.3375
    0.0000     -7.3250
    0.0000     -7.3125
    0.0000     -7.3000
    0.0000     -7.2875
    0.0000     -7.2750
    0.0000     -7.2625
    0.0000     -7.2500
    0.0000     -7.2375
    0.0000     -7.2250
    0.0000     -7.2125
    0.0001     -7.2000
    0.0002     -7.1875
    0.0005     -7.1750
    0.0009     -7.1625
    0.0018     -7.1500
    0.0031     -7.1375
    0.0050     -7.1250
    0.0074     -7.1125
    0.0102     -7.1000
    0.0129     -7.0875
    0.0148     -7.0750
    0.0155     -7.0625
    0.0150     -7.0500
    0.0139     -7.0375
    0.0131     -7.0250
    0.0134     -7.0125
    0.0148     -7.0000
    0.0171     -6.9875
    0.0194     -6.9750
    0.0210     -6.9625
    0.0211     -6.9500
    0.0198     -6.9375
    0.0172     -6.9250
    0.0138     -6.9125
    0.0103     -6.9000
    0.0078     -6.8875
    0.0068     -6.8750
    0.0077     -6.8625
    0.0105     -6.8500
    0.0145     -6.8375
    0.0185     -6.8250
    0.0212     -6.8125
    0.0219     -6.8000
    0.0205     -6.7875
    0.0180     -6.7750
    0.0154     -6.7625
    0.0135     -6.7500
    0.0122     -6.7375
    0.0111     -6.7250
    0.0097     -6.7125
    0.0079     -6.7000
    0.0061     -6.6875
    0.0049     -6.6750
    0.0047     -6.6625
    0.0058     -6.6500
    0.0083     -6.6375
    0.0119     -6.6250
    0.0160     -6.6125
    0.0197     -6.6000
    0.0222     -6.5875
    0.0228     -6.5750
    0.0214     -6.5625
    0.0184     -6.5500
    0.0149     -6.5375
    0.0118     -6.5250
    0.0097     -6.5125
    0.0086     -6.5000
    0.0081     -6.4875
    0.0075     -6.4750
    0.0068     -6.4625
    0.0059     -6.4500
    0.0056     -6.4375
    0.0061     -6.4250
    0.0077     -6.4125
    0.0101     -6.4000
    0.0125     -6.3875
    0.0142     -6.3750
    0.0147     -6.3625
    0.0142     -6.3500
    0.0133     -6.3375
    0.0127     -6.3250
    0.0127     -6.3125
    0.0131     -6.3000
    0.0135     -6.2875
    0.0136     -6.2750
    0.0133     -6.2625
    0.0130     -6.2500
    0.0130     -6.2375
    0.0132     -6.2250
    0.0136     -6.2125
    0.0140     -6.2000
    0.0143     -6.1875
    0.0147     -6.1750
    0.0155     -6.1625
    0.0168     -6.1500
    0.0185     -6.1375
    0.0203     -6.1250
    0.0219     -6.1125
    0.0231     -6.1000
    0.0239     -6.0875
    0.0247     -6.0750
    0.0260     -6.0625
    0.0280     -6.0500
    0.0306     -6.0375
    0.0336     -6.0250
    0.0368     -6.0125
    0.0402     -6.0000
    0.0440     -5.9875
    0.0483     -5.9750
    0.0528     -5.9625
    0.0572     -5.9500
    0.0606     -5.9375
    0.0625     -5.9250
    0.0624     -5.9125
    0.0606     -5.9000
    0.0576     -5.8875
    0.0545     -5.8750
    0.0522     -5.8625
    0.0511     -5.8500
    0.0514     -5.8375
    0.0523     -5.8250
    0.0531     -5.8125
    0.0531     -5.8000
    0.0520     -5.7875
    0.0498     -5.7750
    0.0473     -5.7625
    0.0450     -5.7500
    0.0438     -5.7375
    0.0435     -5.7250
    0.0439     -5.7125
    0.0442     -5.7000
    0.0439     -5.6875
    0.0427     -5.6750
    0.0410     -5.6625
    0.0390     -5.6500
    0.0372     -5.6375
    0.0353     -5.6250
    0.0331     -5.6125
    0.0305     -5.6000
    0.0276     -5.5875
    0.0248     -5.5750
    0.0224     -5.5625
    0.0205     -5.5500
    0.0190     -5.5375
    0.0179     -5.5250
    0.0170     -5.5125
    0.0165     -5.5000
    0.0165     -5.4875
    0.0167     -5.4750
    0.0171     -5.4625
    0.0174     -5.4500
    0.0175     -5.4375
    0.0174     -5.4250
    0.0172     -5.4125
    0.0170     -5.4000
    0.0166     -5.3875
    0.0160     -5.3750
    0.0150     -5.3625
    0.0137     -5.3500
    0.0121     -5.3375
    0.0107     -5.3250
    0.0099     -5.3125
    0.0098     -5.3000
    0.0108     -5.2875
    0.0129     -5.2750
    0.0158     -5.2625
    0.0192     -5.2500
    0.0225     -5.2375
    0.0252     -5.2250
    0.0271     -5.2125
    0.0281     -5.2000
    0.0285     -5.1875
    0.0289     -5.1750
    0.0293     -5.1625
    0.0299     -5.1500
    0.0304     -5.1375
    0.0306     -5.1250
    0.0304     -5.1125
    0.0297     -5.1000
    0.0284     -5.0875
    0.0265     -5.0750
    0.0242     -5.0625
    0.0215     -5.0500
    0.0188     -5.0375
    0.0164     -5.0250
    0.0144     -5.0125
    0.0130     -5.0000
    0.0120     -4.9875
    0.0113     -4.9750
    0.0107     -4.9625
    0.0101     -4.9500
    0.0095     -4.9375
    0.0091     -4.9250
    0.0090     -4.9125
    0.0091     -4.9000
    0.0096     -4.8875
    0.0104     -4.8750
    0.0118     -4.8625
    0.0137     -4.8500
    0.0162     -4.8375
    0.0193     -4.8250
    0.0226     -4.8125
    0.0257     -4.8000
    0.0283     -4.7875
    0.0299     -4.7750
    0.0304     -4.7625
    0.0298     -4.7500
    0.0281     -4.7375
    0.0257     -4.7250
    0.0230     -4.7125
    0.0205     -4.7000
    0.0187     -4.6875
    0.0178     -4.6750
    0.0180     -4.6625
    0.0193     -4.6500
    0.0212     -4.6375
    0.0234     -4.6250
    0.0252     -4.6125
    0.0262     -4.6000
    0.0261     -4.5875
    0.0249     -4.5750
    0.0228     -4.5625
    0.0202     -4.5500
    0.0176     -4.5375
    0.0156     -4.5250
    0.0146     -4.5125
    0.0146     -4.5000
    0.0154     -4.4875
    0.0164     -4.4750
    0.0174     -4.4625
    0.0182     -4.4500
    0.0189     -4.4375
    0.0198     -4.4250
    0.0210     -4.4125
    0.0224     -4.4000
    0.0239     -4.3875
    0.0248     -4.3750
    0.0251     -4.3625
    0.0246     -4.3500
    0.0235     -4.3375
    0.0225     -4.3250
    0.0219     -4.3125
    0.0224     -4.3000
    0.0240     -4.2875
    0.0266     -4.2750
    0.0295     -4.2625
    0.0320     -4.2500
    0.0336     -4.2375
    0.0341     -4.2250
    0.0338     -4.2125
    0.0330     -4.2000
    0.0322     -4.1875
    0.0320     -4.1750
    0.0324     -4.1625
    0.0333     -4.1500
    0.0342     -4.1375
    0.0347     -4.1250
    0.0349     -4.1125
    0.0347     -4.1000
    0.0345     -4.0875
    0.0344     -4.0750
    0.0345     -4.0625
    0.0348     -4.0500
    0.0352     -4.0375
    0.0355     -4.0250
    0.0354     -4.0125
    0.0347     -4.0000
    0.0333     -3.9875
    0.0313     -3.9750
    0.0293     -3.9625
    0.0278     -3.9500
    0.0274     -3.9375
    0.0284     -3.9250
    0.0306     -3.9125
    0.0332     -3.9000
    0.0354     -3.8875
    0.0366     -3.8750
    0.0364     -3.8625
    0.0354     -3.8500
    0.0345     -3.8375
    0.0346     -3.8250
    0.0362     -3.8125
    0.0394     -3.8000
    0.0439     -3.7875
    0.0488     -3.7750
    0.0535     -3.7625
    0.0571     -3.7500
    0.0589     -3.7375
    0.0585     -3.7250
    0.0559     -3.7125
    0.0520     -3.7000
    0.0478     -3.6875
    0.0441     -3.6750
    0.0414     -3.6625
    0.0395     -3.6500
    0.0379     -3.6375
    0.0362     -3.6250
    0.0340     -3.6125
    0.0313     -3.6000
    0.0283     -3.5875
    0.0250     -3.5750
    0.0216     -3.5625
    0.0183     -3.5500
    0.0154     -3.5375
    0.0130     -3.5250
    0.0115     -3.5125
    0.0110     -3.5000
    0.0115     -3.4875
    0.0128     -3.4750
    0.0144     -3.4625
    0.0158     -3.4500
    0.0165     -3.4375
    0.0165     -3.4250
    0.0157     -3.4125
    0.0142     -3.4000
    0.0124     -3.3875
    0.0109     -3.3750
    0.0098     -3.3625
    0.0096     -3.3500
    0.0102     -3.3375
    0.0113     -3.3250
    0.0128     -3.3125
    0.0143     -3.3000
    0.0160     -3.2875
    0.0177     -3.2750
    0.0194     -3.2625
    0.0212     -3.2500
    0.0228     -3.2375
    0.0241     -3.2250
    0.0249     -3.2125
    0.0250     -3.2000
    0.0245     -3.1875
    0.0235     -3.1750
    0.0222     -3.1625
    0.0206     -3.1500
    0.0189     -3.1375
    0.0172     -3.1250
    0.0154     -3.1125
    0.0135     -3.1000
    0.0119     -3.0875
    0.0108     -3.0750
    0.0106     -3.0625
    0.0116     -3.0500
    0.0137     -3.0375
    0.0165     -3.0250
    0.0190     -3.0125
    0.0206     -3.0000
    0.0210     -2.9875
    0.0201     -2.9750
    0.0186     -2.9625
    0.0167     -2.9500
    0.0149     -2.9375
    0.0133     -2.9250
    0.0119     -2.9125
    0.0110     -2.9000
    0.0109     -2.8875
    0.0121     -2.8750
    0.0148     -2.8625
    0.0185     -2.8500
    0.0224     -2.8375
    0.0249     -2.8250
    0.0252     -2.8125
    0.0231     -2.8000
    0.0195     -2.7875
    0.0154     -2.7750
    0.0121     -2.7625
    0.0099     -2.7500
    0.0090     -2.7375
    0.0091     -2.7250
    0.0097     -2.7125
    0.0103     -2.7000
    0.0105     -2.6875
    0.0098     -2.6750
    0.0084     -2.6625
    0.0065     -2.6500
    0.0047     -2.6375
    0.0035     -2.6250
    0.0032     -2.6125
    0.0039     -2.6000
    0.0056     -2.5875
    0.0080     -2.5750
    0.0108     -2.5625
    0.0139     -2.5500
    0.0176     -2.5375
    0.0224     -2.5250
    0.0288     -2.5125
    0.0369     -2.5000
    0.0461     -2.4875
    0.0550     -2.4750
    0.0614     -2.4625
    0.0636     -2.4500
    0.0610     -2.4375
    0.0542     -2.4250
    0.0454     -2.4125
    0.0371     -2.4000
    0.0314     -2.3875
    0.0291     -2.3750
    0.0297     -2.3625
    0.0321     -2.3500
    0.0351     -2.3375
    0.0377     -2.3250
    0.0392     -2.3125
    0.0395     -2.3000
    0.0387     -2.2875
    0.0372     -2.2750
    0.0356     -2.2625
    0.0340     -2.2500
    0.0326     -2.2375
    0.0312     -2.2250
    0.0300     -2.2125
    0.0296     -2.2000
    0.0308     -2.1875
    0.0343     -2.1750
    0.0402     -2.1625
    0.0479     -2.1500
    0.0564     -2.1375
    0.0648     -2.1250
    0.0726     -2.1125
    0.0802     -2.1000
    0.0879     -2.0875
    0.0962     -2.0750
    0.1060     -2.0625
    0.1192     -2.0500
    0.1391     -2.0375
    0.1680     -2.0250
    0.2048     -2.0125
    0.2437     -2.0000
    0.2764     -1.9875
    0.2971     -1.9750
    0.3062     -1.9625
    0.3109     -1.9500
    0.3204     -1.9375
    0.3413     -1.9250
    0.3736     -1.9125
    0.4109     -1.9000
    0.4429     -1.8875
    0.4593     -1.8750
    0.4544     -1.8625
    0.4293     -1.8500
    0.3924     -1.8375
    0.3559     -1.8250
    0.3306     -1.8125
    0.3230     -1.8000
    0.3357     -1.7875
    0.3695     -1.7750
    0.4249     -1.7625
    0.4989     -1.7500
    0.5807     -1.7375
    0.6528     -1.7250
    0.6974     -1.7125
    0.7055     -1.7000
    0.6834     -1.6875
    0.6514     -1.6750
    0.6346     -1.6625
    0.6499     -1.6500
    0.6958     -1.6375
    0.7511     -1.6250
    0.7854     -1.6125
    0.7755     -1.6000
    0.7189     -1.5875
    0.6337     -1.5750
    0.5467     -1.5625
    0.4776     -1.5500
    0.4309     -1.5375
    0.3993     -1.5250
    0.3733     -1.5125
    0.3476     -1.5000
    0.3233     -1.4875
    0.3044     -1.4750
    0.2955     -1.4625
    0.3001     -1.4500
    0.3189     -1.4375
    0.3482     -1.4250
    0.3791     -1.4125
    0.4012     -1.4000
    0.4077     -1.3875
    0.4003     -1.3750
    0.3878     -1.3625
    0.3807     -1.3500
    0.3837     -1.3375
    0.3929     -1.3250
    0.3998     -1.3125
    0.3975     -1.3000
    0.3856     -1.2875
    0.3687     -1.2750
    0.3518     -1.2625
    0.3353     -1.2500
    0.3145     -1.2375
    0.2841     -1.2250
    0.2425     -1.2125
    0.1944     -1.2000
    0.1490     -1.1875
    0.1156     -1.1750
    0.1005     -1.1625
    0.1054     -1.1500
    0.1284     -1.1375
    0.1648     -1.1250
    0.2086     -1.1125
    0.2525     -1.1000
    0.2909     -1.0875
    0.3216     -1.0750
    0.3470     -1.0625
    0.3702     -1.0500
    0.3912     -1.0375
    0.4052     -1.0250
    0.4055     -1.0125
    0.3903     -1.0000
    0.3645     -0.9875
    0.3370     -0.9750
    0.3147     -0.9625
    0.2974     -0.9500
    0.2793     -0.9375
    0.2540     -0.9250
    0.2188     -0.9125
    0.1775     -0.9000
    0.1380     -0.8875
    0.1098     -0.8750
    0.1000     -0.8625
    0.1124     -0.8500
    0.1465     -0.8375
    0.1982     -0.8250
    0.2600     -0.8125
    0.3214     -0.8000
    0.3707     -0.7875
    0.3976     -0.7750
    0.3962     -0.7625
    0.3668     -0.7500
    0.3157     -0.7375
    0.2527     -0.7250
    0.1886     -0.7125
    0.1323     -0.7000
    0.0887     -0.6875
    0.0592     -0.6750
    0.0424     -0.6625
    0.0363     -0.6500
    0.0386     -0.6375
    0.0476     -0.6250
    0.0606     -0.6125
    0.0739     -0.6000
    0.0836     -0.5875
    0.0873     -0.5750
    0.0859     -0.5625
    0.0843     -0.5500
    0.0885     -0.5375
    0.1034     -0.5250
    0.1295     -0.5125
    0.1623     -0.5000
    0.1942     -0.4875
    0.2171     -0.4750
    0.2257     -0.4625
    0.2187     -0.4500
    0.1994     -0.4375
    0.1749     -0.4250
    0.1528     -0.4125
    0.1382     -0.4000
    0.1318     -0.3875
    0.1302     -0.3750
    0.1286     -0.3625
    0.1239     -0.3500
    0.1157     -0.3375
    0.1062     -0.3250
    0.0985     -0.3125
    0.0952     -0.3000
    0.0976     -0.2875
    0.1049     -0.2750
    0.1141     -0.2625
    0.1207     -0.2500
    0.1207     -0.2375
    0.1123     -0.2250
    0.0978     -0.2125
    0.0822     -0.2000
    0.0713     -0.1875
    0.0683     -0.1750
    0.0727     -0.1625
    0.0807     -0.1500
    0.0879     -0.1375
    0.0915     -0.1250
    0.0913     -0.1125
    0.0890     -0.1000
    0.0869     -0.0875
    0.0859     -0.0750
    0.0857     -0.0625
    0.0863     -0.0500
    0.0881     -0.0375
    0.0926     -0.0250
    0.1013     -0.0125
    0.1148      0.0000
    0.1314      0.0125
    0.1473      0.0250
    0.1576      0.0375
    0.1579      0.0500
    0.1464      0.0625
    0.1251      0.0750
    0.0988      0.0875
    0.0735      0.1000
    0.0544      0.1125
    0.0441      0.1250
    0.0430      0.1375
    0.0492      0.1500
    0.0600      0.1625
    0.0720      0.1750
    0.0824      0.1875
    0.0893      0.2000
    0.0920      0.2125
    0.0911      0.2250
    0.0877      0.2375
    0.0832      0.2500
    0.0782      0.2625
    0.0731      0.2750
    0.0682      0.2875
    0.0645      0.3000
    0.0640      0.3125
    0.0688      0.3250
    0.0796      0.3375
    0.0943      0.3500
    0.1087      0.3625
    0.1177      0.3750
    0.1183      0.3875
    0.1113      0.4000
    0.0999      0.4125
    0.0881      0.4250
    0.0778      0.4375
    0.0695      0.4500
    0.0631      0.4625
    0.0597      0.4750
    0.0613      0.4875
    0.0687      0.5000
    0.0806      0.5125
    0.0929      0.5250
    0.1008      0.5375
    0.1012      0.5500
    0.0946      0.5625
    0.0843      0.5750
    0.0742      0.5875
    0.0675      0.6000
    0.0652      0.6125
    0.0670      0.6250
    0.0727      0.6375
    0.0818      0.6500
    0.0935      0.6625
    0.1057      0.6750
    0.1152      0.6875
    0.1183      0.7000
    0.1133      0.7125
    0.1010      0.7250
    0.0853      0.7375
    0.0709      0.7500
    0.0612      0.7625
    0.0569      0.7750
    0.0560      0.7875
    0.0553      0.8000
    0.0521      0.8125
    0.0456      0.8250
    0.0369      0.8375
    0.0285      0.8500
    0.0231      0.8625
    0.0226      0.8750
    0.0281      0.8875
    0.0393      0.9000
    0.0547      0.9125
    0.0719      0.9250
    0.0880      0.9375
    0.1007      0.9500
    0.1087      0.9625
    0.1117      0.9750
    0.1098      0.9875
    0.1035      1.0000
    0.0937      1.0125
    0.0819      1.0250
    0.0698      1.0375
    0.0588      1.0500
    0.0497      1.0625
    0.0427      1.0750
    0.0380      1.0875
    0.0362      1.1000
    0.0385      1.1125
    0.0461      1.1250
    0.0588      1.1375
    0.0742      1.1500
    0.0878      1.1625
    0.0949      1.1750
    0.0927      1.1875
    0.0818      1.2000
    0.0660      1.2125
    0.0505      1.2250
    0.0395      1.2375
    0.0352      1.2500
    0.0374      1.2625
    0.0438      1.2750
    0.0509      1.2875
    0.0555      1.3000
    0.0554      1.3125
    0.0510      1.3250
    0.0446      1.3375
    0.0396      1.3500
    0.0388      1.3625
    0.0435      1.3750
    0.0527      1.3875
    0.0639      1.4000
    0.0739      1.4125
    0.0807      1.4250
    0.0835      1.4375
    0.0830      1.4500
    0.0802      1.4625
    0.0759      1.4750
    0.0700      1.4875
    0.0627      1.5000
    0.0544      1.5125
    0.0460      1.5250
    0.0393      1.5375
    0.0360      1.5500
    0.0376      1.5625
    0.0446      1.5750
    0.0556      1.5875
    0.0683      1.6000
    0.0793      1.6125
    0.0859      1.6250
    0.0865      1.6375
    0.0813      1.6500
    0.0725      1.6625
    0.0627      1.6750
    0.0547      1.6875
    0.0495      1.7000
    0.0469      1.7125
    0.0455      1.7250
    0.0438      1.7375
    0.0411      1.7500
    0.0377      1.7625
    0.0346      1.7750
    0.0324      1.7875
    0.0312      1.8000
    0.0308      1.8125
    0.0308      1.8250
    0.0308      1.8375
    0.0306      1.8500
    0.0298      1.8625
    0.0283      1.8750
    0.0263      1.8875
    0.0242      1.9000
    0.0231      1.9125
    0.0238      1.9250
    0.0268      1.9375
    0.0323      1.9500
    0.0401      1.9625
    0.0497      1.9750
    0.0601      1.9875
    0.0695      2.0000
