    0.4182     -7.9995
    0.2833     -7.9810
    0.2877     -7.9625
    0.4911     -7.9440
    0.8434     -7.9255
    1.1771     -7.9070
    1.3242     -7.8885
    1.2950     -7.8700
    1.2642     -7.8515
    1.3227     -7.8330
    1.3404     -7.8145
    1.1506     -7.7960
    0.7808     -7.7775
    0.4126     -7.7590
    0.1869     -7.7405
    0.1320     -7.7220
    0.2229     -7.7035
    0.4174     -7.6850
    0.6368     -7.6665
    0.7899     -7.6480
    0.8680     -7.6295
    0.9758     -7.6110
    1.2192     -7.5925
    1.5805     -7.5740
    1.9347     -7.5555
    2.1556     -7.5370
    2.1870     -7.5185
    2.0692     -7.5000
    1.9376     -7.4815
    1.9388     -7.4630
    2.0708     -7.4445
    2.1235     -7.4260
    1.8726     -7.4075
    1.3459     -7.3890
    0.8202     -7.3705
    0.5739     -7.3520
    0.7025     -7.3335
    1.0993     -7.3150
    1.5222     -7.2965
    1.7410     -7.2780
    1.7037     -7.2595
    1.5614     -7.2410
    1.5195     -7.2225
    1.6717     -7.2040
    1.9505     -7.1855
    2.2067     -7.1670
    2.3295     -7.1485
    2.3006     -7.1300
    2.1913     -7.1115
    2.1562     -7.0930
    2.3517     -7.0745
    2.7383     -7.0560
    2.9978     -7.0375
    2.7866     -7.0190
    2.1051     -7.0005
    1.3265     -6.9820
    0.8519     -6.9635
    0.8102     -6.9450
    1.0396     -6.9265
    1.2519     -6.9080
    1.2466     -6.8895
    1.0772     -6.8710
    1.0397     -6.8525
    1.4700     -6.8340
    2.4817     -6.8155
    3.8161     -6.7970
    4.9563     -6.7785
    5.4748     -6.7600
    5.2785     -6.7415
    4.5384     -6.7230
    3.5391     -6.7045
    2.6345     -6.6860
    2.1398     -6.6675
    2.1148     -6.6490
    2.3277     -6.6305
    2.5541     -6.6120
    2.9211     -6.5935
    3.8413     -6.5750
    5.5408     -6.5565
    7.7102     -6.5380
    9.7063     -6.5195
   11.1134     -6.5010
   12.0086     -6.4825
   12.5919     -6.4640
   12.7867     -6.4455
   12.5124     -6.4270
   12.1325     -6.4085
   12.1636     -6.3900
   12.5799     -6.3715
   12.7875     -6.3530
   12.3288     -6.3345
   11.3820     -6.3160
   10.5536     -6.2975
   10.3181     -6.2790
   10.7231     -6.2605
   11.6236     -6.2420
   13.0378     -6.2235
   15.0396     -6.2050
   17.3084     -6.1865
   19.0361     -6.1680
   19.4387     -6.1495
   18.3044     -6.1310
   16.0670     -6.1125
   13.5988     -6.0940
   11.9540     -6.0755
   11.9030     -6.0570
   13.4014     -6.0385
   15.5755     -6.0200
   17.3407     -6.0015
   18.1198     -5.9830
   18.1682     -5.9645
   18.2781     -5.9460
   18.9267     -5.9275
   19.6747     -5.9090
   19.7660     -5.8905
   19.2864     -5.8720
   19.1820     -5.8535
   20.1166     -5.8350
   21.7889     -5.8165
   23.3678     -5.7980
   24.3241     -5.7795
   24.8888     -5.7610
   25.7448     -5.7425
   27.1707     -5.7240
   28.6421     -5.7055
   29.3987     -5.6870
   29.1643     -5.6685
   28.2011     -5.6500
   26.8588     -5.6315
   25.2243     -5.6130
   23.3261     -5.5945
   21.5847     -5.5760
   20.6082     -5.5575
   20.4620     -5.5390
   20.6540     -5.5205
   20.9705     -5.5020
   21.8336     -5.4835
   23.6287     -5.4650
   25.9785     -5.4465
   27.8872     -5.4280
   28.5413     -5.4095
   27.8758     -5.3910
   26.4041     -5.3725
   24.7271     -5.3540
   23.3699     -5.3355
   22.8312     -5.3170
   23.2520     -5.2985
   23.9309     -5.2800
   23.6966     -5.2615
   22.0781     -5.2430
   19.7316     -5.2245
   17.5467     -5.2060
   15.8708     -5.1875
   14.8247     -5.1690
   14.7588     -5.1505
   15.9337     -5.1320
   18.0026     -5.1135
   20.1808     -5.0950
   21.9298     -5.0765
   23.3174     -5.0580
   24.7500     -5.0395
   26.4554     -5.0210
   28.2127     -5.0025
   29.6241     -4.9840
   30.5513     -4.9655
   31.0370     -4.9470
   30.9654     -4.9285
   30.1486     -4.9100
   28.6725     -4.8915
   26.9374     -4.8730
   25.4150     -4.8545
   24.5638     -4.8360
   24.8672     -4.8175
   26.5590     -4.7990
   29.2631     -4.7805
   32.1831     -4.7620
   34.6657     -4.7435
   36.3883     -4.7250
   37.0796     -4.7065
   36.3836     -4.6880
   34.1897     -4.6695
   31.0775     -4.6510
   28.2948     -4.6325
   27.0340     -4.6140
   27.5064     -4.5955
   28.7130     -4.5770
   29.1669     -4.5585
   27.9427     -4.5400
   25.2966     -4.5215
   22.4387     -4.5030
   20.5844     -4.4845
   20.1307     -4.4660
   20.8157     -4.4475
   22.4562     -4.4290
   24.9715     -4.4105
   27.7353     -4.3920
   29.7491     -4.3735
   30.7171     -4.3550
   31.3948     -4.3365
   32.7397     -4.3180
   35.0162     -4.2995
   37.7251     -4.2810
   40.2259     -4.2625
   42.2094     -4.2440
   43.4562     -4.2255
   43.5800     -4.2070
   42.5353     -4.1885
   41.2194     -4.1700
   41.0572     -4.1515
   42.7644     -4.1330
   45.6321     -4.1145
   48.1759     -4.0960
   49.4376     -4.0775
   49.5665     -4.0590
   49.3149     -4.0405
   49.1932     -4.0220
   49.0671     -4.0035
   48.6079     -3.9850
   48.1227     -3.9665
   48.4618     -3.9480
   49.9186     -3.9295
   51.6927     -3.9110
   52.5526     -3.8925
   51.6743     -3.8740
   48.9331     -3.8555
   44.9074     -3.8370
   40.7293     -3.8185
   37.5835     -3.8000
   36.1050     -3.7815
   36.1926     -3.7630
   37.3180     -3.7445
   39.0295     -3.7260
   41.1035     -3.7075
   43.0389     -3.6890
   43.7457     -3.6705
   42.3840     -3.6520
   39.4166     -3.6335
   36.2710     -3.6150
   34.0384     -3.5965
   32.9001     -3.5780
   32.6154     -3.5595
   33.0561     -3.5410
   34.1556     -3.5225
   35.5576     -3.5040
   36.5332     -3.4855
   36.3929     -3.4670
   35.0024     -3.4485
   32.8362     -3.4300
   30.6226     -3.4115
   29.0978     -3.3930
   28.8766     -3.3745
   30.1189     -3.3560
   32.3523     -3.3375
   34.9453     -3.3190
   37.6013     -3.3005
   40.0661     -3.2820
   41.7230     -3.2635
   42.0372     -3.2450
   41.2087     -3.2265
   40.0384     -3.2080
   39.3114     -3.1895
   39.3456     -3.1710
   39.9750     -3.1525
   40.9549     -3.1340
   42.0766     -3.1155
   42.6961     -3.0970
   41.8604     -3.0785
   39.3561     -3.0600
   36.1128     -3.0415
   33.4008     -3.0230
   31.9875     -3.0045
   31.8881     -2.9860
   32.5038     -2.9675
   33.0923     -2.9490
   33.3441     -2.9305
   33.4830     -2.9120
   33.7714     -2.8935
   34.1009     -2.8750
   34.1678     -2.8565
   33.8298     -2.8380
   33.2636     -2.8195
   33.0387     -2.8010
   33.8196     -2.7825
   35.5757     -2.7640
   37.4287     -2.7455
   38.7271     -2.7270
   39.7784     -2.7085
   41.0556     -2.6900
   42.3531     -2.6715
   43.2687     -2.6530
   43.8525     -2.6345
   44.2910     -2.6160
   44.4844     -2.5975
   44.3165     -2.5790
   43.9984     -2.5605
   43.8504     -2.5420
   43.8936     -2.5235
   43.7973     -2.5050
   43.1851     -2.4865
   42.0944     -2.4680
   41.2535     -2.4495
   41.5659     -2.4310
   42.9340     -2.4125
   43.8519     -2.3940
   42.6779     -2.3755
   39.3842     -2.3570
   35.7753     -2.3385
   33.9268     -2.3200
   34.6005     -2.3015
   37.0445     -2.2830
   39.8686     -2.2645
   41.9650     -2.2460
   42.8858     -2.2275
   42.7115     -2.2090
   41.7726     -2.1905
   40.5096     -2.1720
   39.4016     -2.1535
   38.8158     -2.1350
   38.9430     -2.1165
   39.8867     -2.0980
   41.6261     -2.0795
   43.9262     -2.0610
   46.5412     -2.0425
   49.3786     -2.0240
   52.2014     -2.0055
   54.4945     -1.9870
   55.9799     -1.9685
   56.8323     -1.9500
   57.0448     -1.9315
   56.1530     -1.9130
   53.9697     -1.8945
   51.0633     -1.8760
   48.1524     -1.8575
   45.4499     -1.8390
   42.8796     -1.8205
   40.5029     -1.8020
   38.3807     -1.7835
   36.3163     -1.7650
   34.0493     -1.7465
   31.5741     -1.7280
   29.1289     -1.7095
   26.9846     -1.6910
   25.3084     -1.6725
   24.1119     -1.6540
   23.1623     -1.6355
   21.9191     -1.6170
   19.8138     -1.5985
   16.8144     -1.5800
   13.5637     -1.5615
   10.7658     -1.5430
    8.5871     -1.5245
    6.8161     -1.5060
    5.3978     -1.4875
    4.5749     -1.4690
    4.5950     -1.4505
    5.3934     -1.4320
    6.4746     -1.4135
    7.1259     -1.3950
    6.9482     -1.3765
    6.2194     -1.3580
    5.5828     -1.3395
    5.3423     -1.3210
    5.2124     -1.3025
    4.8002     -1.2840
    4.1075     -1.2655
    3.4507     -1.2470
    3.1339     -1.2285
    3.3056     -1.2100
    3.8545     -1.1915
    4.3583     -1.1730
    4.4187     -1.1545
    4.1410     -1.1360
    4.0858     -1.1175
    4.6906     -1.0990
    5.8426     -1.0805
    6.9972     -1.0620
    7.6244     -1.0435
    7.5492     -1.0250
    6.9439     -1.0065
    6.1062     -0.9880
    5.3347     -0.9695
    4.9402     -0.9510
    5.1634     -0.9325
    5.9245     -0.9140
    6.7769     -0.8955
    7.3800     -0.8770
    7.9581     -0.8585
    8.9930     -0.8400
   10.5113     -0.8215
   11.9489     -0.8030
   12.7712     -0.7845
   13.0702     -0.7660
   13.3548     -0.7475
   13.7941     -0.7290
   13.9820     -0.7105
   13.5185     -0.6920
   12.5861     -0.6735
   11.8255     -0.6550
   11.6998     -0.6365
   12.0744     -0.6180
   12.3924     -0.5995
   12.1759     -0.5810
   11.4726     -0.5625
   10.8777     -0.5440
   10.8999     -0.5255
   11.2771     -0.5070
   11.1732     -0.4885
   10.0408     -0.4700
    8.1007     -0.4515
    6.0919     -0.4330
    4.7532     -0.4145
    4.3807     -0.3960
    4.5974     -0.3775
    4.6129     -0.3590
    3.9237     -0.3405
    2.7357     -0.3220
    1.6639     -0.3035
    1.1954     -0.2850
    1.4725     -0.2665
    2.3579     -0.2480
    3.5509     -0.2295
    4.7030     -0.2110
    5.5279     -0.1925
    5.9259     -0.1740
    6.1089     -0.1555
    6.4879     -0.1370
    7.2870     -0.1185
    8.3717     -0.1000
    9.4686     -0.0815
   10.3251     -0.0630
   10.6710     -0.0445
   10.2903     -0.0260
    9.2181     -0.0075
    7.7612      0.0110
    6.2585      0.0295
    4.8755      0.0480
    3.6785      0.0665
    2.8098      0.0850
    2.4574      0.1035
    2.6256      0.1220
    2.9968      0.1405
    3.1264      0.1590
    2.8188      0.1775
    2.2620      0.1960
    1.8238      0.2145
    1.8064      0.2330
    2.3181      0.2515
    3.1994      0.2700
    4.0540      0.2885
    4.5129      0.3070
    4.5428      0.3255
    4.4080      0.3440
    4.3090      0.3625
    4.2028      0.3810
    3.9828      0.3995
    3.6321      0.4180
    3.1681      0.4365
    2.6339      0.4550
    2.1721      0.4735
    1.9761      0.4920
    2.1664      0.5105
    2.7597      0.5290
    3.7192      0.5475
    5.0089      0.5660
    6.5796      0.5845
    8.2386      0.6030
    9.5446      0.6215
    9.9521      0.6400
    9.1949      0.6585
    7.5819      0.6770
    5.8374      0.6955
    4.5496      0.7140
    3.8693      0.7325
    3.7743      0.7510
    4.2732      0.7695
    5.1268      0.7880
    5.7108      0.8065
    5.5016      0.8250
    4.5855      0.8435
    3.5292      0.8620
    2.8433      0.8805
    2.6311      0.8990
    2.6764      0.9175
    2.7686      0.9360
    2.8471      0.9545
    2.8635      0.9730
    2.7166      0.9915
    2.4432      1.0100
    2.3402      1.0285
    2.7106      1.0470
    3.4607      1.0655
    4.0740      1.0840
    4.1011      1.1025
    3.6426      1.1210
    3.2321      1.1395
    3.2457      1.1580
    3.5665      1.1765
    3.8542      1.1950
    3.9705      1.2135
    4.0222      1.2320
    4.0900      1.2505
    4.0787      1.2690
    3.8782      1.2875
    3.5771      1.3060
    3.4122      1.3245
    3.5359      1.3430
    3.9380      1.3615
    4.5749      1.3800
    5.4538      1.3985
    6.5179      1.4170
    7.4917      1.4355
    7.9982      1.4540
    7.8732      1.4725
    7.2058      1.4910
    6.0965      1.5095
    4.6367      1.5280
    3.1077      1.5465
    1.9453      1.5650
    1.4692      1.5835
    1.7312      1.6020
    2.5249      1.6205
    3.4115      1.6390
    3.8921      1.6575
    3.7971      1.6760
    3.4758      1.6945
    3.4545      1.7130
    3.9189      1.7315
    4.5500      1.7500
    4.8282      1.7685
    4.5566      1.7870
    4.1129      1.8055
    4.0743      1.8240
    4.5788      1.8425
    5.1745      1.8610
    5.2977      1.8795
    4.7902      1.8980
    3.9720      1.9165
    3.3328      1.9350
    3.1581      1.9535
    3.3374      1.9720
    3.4884      1.9905
