    0.0313     -7.9875
    0.0243     -7.9670
    0.0166     -7.9465
    0.0174     -7.9260
    0.0329     -7.9055
    0.0599     -7.8850
    0.0823     -7.8645
    0.0822     -7.8440
    0.0614     -7.8235
    0.0411     -7.8030
    0.0411     -7.7825
    0.0644     -7.7620
    0.0943     -7.7415
    0.1047     -7.7210
    0.0859     -7.7005
    0.0573     -7.6800
    0.0468     -7.6595
    0.0691     -7.6390
    0.1226     -7.6185
    0.1917     -7.5980
    0.2573     -7.5775
    0.3205     -7.5570
    0.4083     -7.5365
    0.5341     -7.5160
    0.6670     -7.4955
    0.7649     -7.4750
    0.8021     -7.4545
    0.7436     -7.4340
    0.5689     -7.4135
    0.3393     -7.3930
    0.1650     -7.3725
    0.1161     -7.3520
    0.2163     -7.3315
    0.4545     -7.3110
    0.7294     -7.2905
    0.8546     -7.2700
    0.7300     -7.2495
    0.4631     -7.2290
    0.2493     -7.2085
    0.1932     -7.1880
    0.2791     -7.1675
    0.4315     -7.1470
    0.5784     -7.1265
    0.6925     -7.1060
    0.7541     -7.0855
    0.7075     -7.0650
    0.5350     -7.0445
    0.3294     -7.0240
    0.2101     -7.0035
    0.2031     -6.9830
    0.2485     -6.9625
    0.2955     -6.9420
    0.3552     -6.9215
    0.4516     -6.9010
    0.5458     -6.8805
    0.5519     -6.8600
    0.4379     -6.8395
    0.2730     -6.8190
    0.1585     -6.7985
    0.1443     -6.7780
    0.2125     -6.7575
    0.2987     -6.7370
    0.3278     -6.7165
    0.2696     -6.6960
    0.1650     -6.6755
    0.0772     -6.6550
    0.0338     -6.6345
    0.0267     -6.6140
    0.0403     -6.5935
    0.0601     -6.5730
    0.0707     -6.5525
    0.0626     -6.5320
    0.0420     -6.5115
    0.0242     -6.4910
    0.0210     -6.4705
    0.0355     -6.4500
    0.0645     -6.4295
    0.1021     -6.4090
    0.1384     -6.3885
    0.1557     -6.3680
    0.1393     -6.3475
    0.0988     -6.3270
    0.0620     -6.3065
    0.0448     -6.2860
    0.0407     -6.2655
    0.0396     -6.2450
    0.0417     -6.2245
    0.0516     -6.2040
    0.0646     -6.1835
    0.0688     -6.1630
    0.0612     -6.1425
    0.0550     -6.1220
    0.0619     -6.1015
    0.0763     -6.0810
    0.0856     -6.0605
    0.0908     -6.0400
    0.1004     -6.0195
    0.1084     -5.9990
    0.0982     -5.9785
    0.0688     -5.9580
    0.0382     -5.9375
    0.0227     -5.9170
    0.0272     -5.8965
    0.0477     -5.8760
    0.0729     -5.8555
    0.0902     -5.8350
    0.0950     -5.8145
    0.0901     -5.7940
    0.0804     -5.7735
    0.0773     -5.7530
    0.0932     -5.7325
    0.1226     -5.7120
    0.1399     -5.6915
    0.1268     -5.6710
    0.0922     -5.6505
    0.0587     -5.6300
    0.0428     -5.6095
    0.0508     -5.5890
    0.0813     -5.5685
    0.1200     -5.5480
    0.1419     -5.5275
    0.1347     -5.5070
    0.1110     -5.4865
    0.0884     -5.4660
    0.0721     -5.4455
    0.0627     -5.4250
    0.0651     -5.4045
    0.0823     -5.3840
    0.1081     -5.3635
    0.1342     -5.3430
    0.1586     -5.3225
    0.1820     -5.3020
    0.1983     -5.2815
    0.1960     -5.2610
    0.1702     -5.2405
    0.1303     -5.2200
    0.0937     -5.1995
    0.0746     -5.1790
    0.0777     -5.1585
    0.0976     -5.1380
    0.1206     -5.1175
    0.1339     -5.0970
    0.1376     -5.0765
    0.1393     -5.0560
    0.1403     -5.0355
    0.1388     -5.0150
    0.1437     -4.9945
    0.1690     -4.9740
    0.2164     -4.9535
    0.2699     -4.9330
    0.3055     -4.9125
    0.3054     -4.8920
    0.2692     -4.8715
    0.2182     -4.8510
    0.1868     -4.8305
    0.2000     -4.8100
    0.2514     -4.7895
    0.3050     -4.7690
    0.3322     -4.7485
    0.3417     -4.7280
    0.3566     -4.7075
    0.3717     -4.6870
    0.3655     -4.6665
    0.3406     -4.6460
    0.3193     -4.6255
    0.3083     -4.6050
    0.2976     -4.5845
    0.2862     -4.5640
    0.2839     -4.5435
    0.2968     -4.5230
    0.3265     -4.5025
    0.3694     -4.4820
    0.4107     -4.4615
    0.4379     -4.4410
    0.4592     -4.4205
    0.4896     -4.4000
    0.5215     -4.3795
    0.5367     -4.3590
    0.5375     -4.3385
    0.5387     -4.3180
    0.5410     -4.2975
    0.5406     -4.2770
    0.5427     -4.2565
    0.5431     -4.2360
    0.5244     -4.2155
    0.4863     -4.1950
    0.4503     -4.1745
    0.4317     -4.1540
    0.4276     -4.1335
    0.4275     -4.1130
    0.4247     -4.0925
    0.4229     -4.0720
    0.4317     -4.0515
    0.4527     -4.0310
    0.4743     -4.0105
    0.4812     -3.9900
    0.4649     -3.9695
    0.4301     -3.9490
    0.3926     -3.9285
    0.3650     -3.9080
    0.3473     -3.8875
    0.3379     -3.8670
    0.3435     -3.8465
    0.3679     -3.8260
    0.4038     -3.8055
    0.4437     -3.7850
    0.4835     -3.7645
    0.5131     -3.7440
    0.5218     -3.7235
    0.5093     -3.7030
    0.4843     -3.6825
    0.4567     -3.6620
    0.4307     -3.6415
    0.4003     -3.6210
    0.3599     -3.6005
    0.3194     -3.5800
    0.2949     -3.5595
    0.2909     -3.5390
    0.2989     -3.5185
    0.3068     -3.4980
    0.3062     -3.4775
    0.2984     -3.4570
    0.2971     -3.4365
    0.3124     -3.4160
    0.3315     -3.3955
    0.3329     -3.3750
    0.3173     -3.3545
    0.3050     -3.3340
    0.3100     -3.3135
    0.3327     -3.2930
    0.3630     -3.2725
    0.3807     -3.2520
    0.3708     -3.2315
    0.3448     -3.2110
    0.3304     -3.1905
    0.3401     -3.1700
    0.3630     -3.1495
    0.3842     -3.1290
    0.3995     -3.1085
    0.4119     -3.0880
    0.4223     -3.0675
    0.4281     -3.0470
    0.4257     -3.0265
    0.4129     -3.0060
    0.3936     -2.9855
    0.3769     -2.9650
    0.3739     -2.9445
    0.3941     -2.9240
    0.4406     -2.9035
    0.5041     -2.8830
    0.5649     -2.8625
    0.6087     -2.8420
    0.6327     -2.8215
    0.6354     -2.8010
    0.6145     -2.7805
    0.5788     -2.7600
    0.5483     -2.7395
    0.5372     -2.7190
    0.5471     -2.6985
    0.5697     -2.6780
    0.5857     -2.6575
    0.5753     -2.6370
    0.5442     -2.6165
    0.5186     -2.5960
    0.5112     -2.5755
    0.5127     -2.5550
    0.5071     -2.5345
    0.4836     -2.5140
    0.4422     -2.4935
    0.3959     -2.4730
    0.3581     -2.4525
    0.3314     -2.4320
    0.3133     -2.4115
    0.3069     -2.3910
    0.3172     -2.3705
    0.3417     -2.3500
    0.3668     -2.3295
    0.3719     -2.3090
    0.3458     -2.2885
    0.2997     -2.2680
    0.2578     -2.2475
    0.2396     -2.2270
    0.2518     -2.2065
    0.2872     -2.1860
    0.3258     -2.1655
    0.3467     -2.1450
    0.3414     -2.1245
    0.3195     -2.1040
    0.2997     -2.0835
    0.2916     -2.0630
    0.2888     -2.0425
    0.2793     -2.0220
    0.2606     -2.0015
    0.2409     -1.9810
    0.2293     -1.9605
    0.2290     -1.9400
    0.2384     -1.9195
    0.2544     -1.8990
    0.2701     -1.8785
    0.2736     -1.8580
    0.2588     -1.8375
    0.2340     -1.8170
    0.2133     -1.7965
    0.2028     -1.7760
    0.1996     -1.7555
    0.2009     -1.7350
    0.2046     -1.7145
    0.2075     -1.6940
    0.2065     -1.6735
    0.2003     -1.6530
    0.1884     -1.6325
    0.1728     -1.6120
    0.1589     -1.5915
    0.1511     -1.5710
    0.1476     -1.5505
    0.1420     -1.5300
    0.1297     -1.5095
    0.1144     -1.4890
    0.1086     -1.4685
    0.1219     -1.4480
    0.1499     -1.4275
    0.1847     -1.4070
    0.2373     -1.3865
    0.3323     -1.3660
    0.4634     -1.3455
    0.5740     -1.3250
    0.6135     -1.3045
    0.6026     -1.2840
    0.6167     -1.2635
    0.7204     -1.2430
    0.9260     -1.2225
    1.1849     -1.2020
    1.4199     -1.1815
    1.5748     -1.1610
    1.6141     -1.1405
    1.5018     -1.1200
    1.2401     -1.0995
    0.9160     -1.0790
    0.6627     -1.0585
    0.5665     -1.0380
    0.6121     -1.0175
    0.7156     -0.9970
    0.8194     -0.9765
    0.9245     -0.9560
    1.0172     -0.9355
    1.0304     -0.9150
    0.9145     -0.8945
    0.7052     -0.8740
    0.4960     -0.8535
    0.3603     -0.8330
    0.3123     -0.8125
    0.3240     -0.7920
    0.3531     -0.7715
    0.3558     -0.7510
    0.3131     -0.7305
    0.2553     -0.7100
    0.2360     -0.6895
    0.2796     -0.6690
    0.3613     -0.6485
    0.4235     -0.6280
    0.4232     -0.6075
    0.3771     -0.5870
    0.3435     -0.5665
    0.3706     -0.5460
    0.4774     -0.5255
    0.6475     -0.5050
    0.8188     -0.4845
    0.9040     -0.4640
    0.8416     -0.4435
    0.6517     -0.4230
    0.4355     -0.4025
    0.2926     -0.3820
    0.2615     -0.3615
    0.3440     -0.3410
    0.5245     -0.3205
    0.7259     -0.3000
    0.8121     -0.2795
    0.7191     -0.2590
    0.5457     -0.2385
    0.4416     -0.2180
    0.4520     -0.1975
    0.5307     -0.1770
    0.6358     -0.1565
    0.7331     -0.1360
    0.7631     -0.1155
    0.6966     -0.0950
    0.5996     -0.0745
    0.5881     -0.0540
    0.7370     -0.0335
    1.0467     -0.0130
    1.4433      0.0075
    1.7525      0.0280
    1.7474      0.0485
    1.3806      0.0690
    0.9149      0.0895
    0.6687      0.1100
    0.7079      0.1305
    0.8627      0.1510
    0.9406      0.1715
    0.8804      0.1920
    0.7608      0.2125
    0.6932      0.2330
    0.7202      0.2535
    0.8120      0.2740
    0.9240      0.2945
    1.0271      0.3150
    1.0776      0.3355
    1.0084      0.3560
    0.8212      0.3765
    0.6347      0.3970
    0.5528      0.4175
    0.5399      0.4380
    0.4891      0.4585
    0.3657      0.4790
    0.2325      0.4995
    0.1718      0.5200
    0.2211      0.5405
    0.3611      0.5610
    0.5265      0.5815
    0.6388      0.6020
    0.6579      0.6225
    0.6021      0.6430
    0.5160      0.6635
    0.4391      0.6840
    0.3938      0.7045
    0.3731      0.7250
    0.3585      0.7455
    0.3488      0.7660
    0.3419      0.7865
    0.3200      0.8070
    0.2818      0.8275
    0.2440      0.8480
    0.2062      0.8685
    0.1591      0.8890
    0.1160      0.9095
    0.0999      0.9300
    0.1206      0.9505
    0.1867      0.9710
    0.3041      0.9915
    0.4277      1.0120
    0.4651      1.0325
    0.3808      1.0530
    0.2570      1.0735
    0.2098      1.0940
    0.2767      1.1145
    0.3950      1.1350
    0.4675      1.1555
    0.4537      1.1760
    0.3898      1.1965
    0.3240      1.2170
    0.2803      1.2375
    0.2780      1.2580
    0.3212      1.2785
    0.3664      1.2990
    0.3569      1.3195
    0.2865      1.3400
    0.1996      1.3605
    0.1409      1.3810
    0.1195      1.4015
    0.1122      1.4220
    0.0979      1.4425
    0.0841      1.4630
    0.0923      1.4835
    0.1268      1.5040
    0.1752      1.5245
    0.2295      1.5450
    0.2907      1.5655
    0.3508      1.5860
    0.3831      1.6065
    0.3600      1.6270
    0.2859      1.6475
    0.2031      1.6680
    0.1575      1.6885
    0.1665      1.7090
    0.2230      1.7295
    0.3154      1.7500
    0.4384      1.7705
    0.5687      1.7910
    0.6406      1.8115
    0.6022      1.8320
    0.4949      1.8525
    0.4162      1.8730
    0.4106      1.8935
    0.4411      1.9140
    0.4573      1.9345
    0.4507      1.9550
    0.4353      1.9755
    0.4143      1.9960
