    0.5729     -8.0000
    0.5853     -7.9800
    0.4487     -7.9600
    0.2744     -7.9400
    0.1995     -7.9200
    0.3157     -7.9000
    0.6352     -7.8800
    1.0331     -7.8600
    1.2768     -7.8400
    1.2587     -7.8200
    1.1622     -7.8000
    1.2472     -7.7800
    1.5396     -7.7600
    1.9753     -7.7400
    2.7984     -7.7200
    4.3707     -7.7000
    6.3747     -7.6800
    7.6650     -7.6600
    7.3104     -7.6400
    5.5175     -7.6200
    3.3148     -7.6000
    1.6313     -7.5800
    0.8031     -7.5600
    0.6711     -7.5400
    0.8827     -7.5200
    1.1218     -7.5000
    1.2367     -7.4800
    1.2630     -7.4600
    1.3478     -7.4400
    1.6074     -7.4200
    1.9862     -7.4000
    2.2811     -7.3800
    2.3216     -7.3600
    2.0747     -7.3400
    1.6282     -7.3200
    1.1859     -7.3000
    0.9955     -7.2800
    1.1265     -7.2600
    1.3689     -7.2400
    1.4877     -7.2200
    1.4966     -7.2000
    1.5050     -7.1800
    1.4443     -7.1600
    1.2092     -7.1400
    0.9160     -7.1200
    0.7560     -7.1000
    0.7204     -7.0800
    0.6727     -7.0600
    0.6059     -7.0400
    0.6647     -7.0200
    0.9535     -7.0000
    1.4303     -6.9800
    1.9391     -6.9600
    2.2785     -6.9400
    2.3610     -6.9200
    2.3453     -6.9000
    2.4224     -6.8800
    2.4955     -6.8600
    2.2961     -6.8400
    1.7738     -6.8200
    1.1740     -6.8000
    0.7505     -6.7800
    0.5699     -6.7600
    0.6047     -6.7400
    0.8341     -6.7200
    1.1873     -6.7000
    1.5162     -6.6800
    1.6817     -6.6600
    1.6224     -6.6400
    1.3789     -6.6200
    1.1024     -6.6000
    0.9586     -6.5800
    0.9929     -6.5600
    1.1547     -6.5400
    1.3776     -6.5200
    1.5545     -6.5000
    1.6115     -6.4800
    1.6790     -6.4600
    1.9526     -6.4400
    2.3267     -6.4200
    2.4165     -6.4000
    2.0377     -6.3800
    1.4838     -6.3600
    1.2130     -6.3400
    1.3765     -6.3200
    1.7437     -6.3000
    2.0100     -6.2800
    2.0765     -6.2600
    2.0105     -6.2400
    1.8467     -6.2200
    1.5898     -6.2000
    1.3448     -6.1800
    1.2715     -6.1600
    1.4683     -6.1400
    1.9270     -6.1200
    2.4295     -6.1000
    2.5688     -6.0800
    2.1245     -6.0600
    1.3456     -6.0400
    0.6901     -6.0200
    0.4177     -6.0000
    0.5548     -5.9800
    1.0811     -5.9600
    1.9737     -5.9400
    3.1182     -5.9200
    4.3140     -5.9000
    5.3632     -5.8800
    6.0602     -5.8600
    6.2148     -5.8400
    5.8708     -5.8200
    5.4025     -5.8000
    5.2537     -5.7800
    5.5915     -5.7600
    6.1684     -5.7400
    6.4598     -5.7200
    6.0330     -5.7000
    4.9352     -5.6800
    3.6455     -5.6600
    2.5799     -5.6400
    1.8702     -5.6200
    1.5875     -5.6000
    1.7948     -5.5800
    2.3629     -5.5600
    2.9689     -5.5400
    3.2726     -5.5200
    3.0890     -5.5000
    2.5488     -5.4800
    2.1119     -5.4600
    2.2494     -5.4400
    3.0314     -5.4200
    4.0648     -5.4000
    4.8642     -5.3800
    5.3105     -5.3600
    5.6694     -5.3400
    6.0437     -5.3200
    6.0677     -5.3000
    5.4546     -5.2800
    4.4951     -5.2600
    3.6652     -5.2400
    3.1307     -5.2200
    2.8704     -5.2000
    2.8936     -5.1800
    3.1350     -5.1600
    3.4010     -5.1400
    3.5655     -5.1200
    3.7158     -5.1000
    4.0593     -5.0800
    4.6733     -5.0600
    5.3953     -5.0400
    6.0681     -5.0200
    6.8263     -5.0000
    8.0077     -4.9800
    9.7181     -4.9600
   11.3793     -4.9400
   11.9166     -4.9200
   10.8235     -4.9000
    8.9149     -4.8800
    7.6150     -4.8600
    7.6806     -4.8400
    8.9193     -4.8200
   10.7033     -4.8000
   12.3398     -4.7800
   13.4091     -4.7600
   14.0519     -4.7400
   14.5572     -4.7200
   14.8034     -4.7000
   14.6297     -4.6800
   14.3070     -4.6600
   14.0203     -4.6400
   13.4906     -4.6200
   12.6271     -4.6000
   11.9325     -4.5800
   11.8492     -4.5600
   12.1836     -4.5400
   12.5629     -4.5200
   13.0424     -4.5000
   13.8584     -4.4800
   15.0109     -4.4600
   16.3423     -4.4400
   17.5707     -4.4200
   18.3157     -4.4000
   18.6117     -4.3800
   19.1505     -4.3600
   20.6003     -4.3400
   22.9022     -4.3200
   25.3305     -4.3000
   27.0777     -4.2800
   27.8639     -4.2600
   28.1617     -4.2400
   28.9272     -4.2200
   30.8205     -4.2000
   33.3073     -4.1800
   34.8790     -4.1600
   34.6320     -4.1400
   33.4041     -4.1200
   32.9380     -4.1000
   33.9043     -4.0800
   35.1872     -4.0600
   35.2727     -4.0400
   33.6780     -4.0200
   30.9155     -4.0000
   28.0567     -3.9800
   26.3593     -3.9600
   26.1929     -3.9400
   26.4678     -3.9200
   26.0916     -3.9000
   25.4660     -3.8800
   25.6614     -3.8600
   26.9018     -3.8400
   28.7202     -3.8200
   30.8692     -3.8000
   33.3362     -3.7800
   35.7935     -3.7600
   37.4899     -3.7400
   37.8591     -3.7200
   37.1050     -3.7000
   35.7779     -3.6800
   34.0703     -3.6600
   32.2533     -3.6400
   31.2136     -3.6200
   31.6862     -3.6000
   33.4430     -3.5800
   35.5287     -3.5600
   36.8178     -3.5400
   36.5350     -3.5200
   35.0214     -3.5000
   34.0039     -3.4800
   35.0895     -3.4600
   37.6992     -3.4400
   39.5634     -3.4200
   39.4543     -3.4000
   38.1104     -3.3800
   36.5452     -3.3600
   35.2398     -3.3400
   34.8694     -3.3200
   36.1853     -3.3000
   39.2101     -3.2800
   43.1014     -3.2600
   46.5678     -3.2400
   48.6522     -3.2200
   49.5750     -3.2000
   50.4233     -3.1800
   51.8102     -3.1600
   53.4255     -3.1400
   54.7830     -3.1200
   55.7066     -3.1000
   56.1072     -3.0800
   55.8374     -3.0600
   55.1569     -3.0400
   55.0801     -3.0200
   56.7978     -3.0000
   60.9785     -2.9800
   67.6143     -2.9600
   75.6007     -2.9400
   82.4920     -2.9200
   85.9959     -2.9000
   85.8695     -2.8800
   83.4708     -2.8600
   79.9119     -2.8400
   75.9236     -2.8200
   73.0483     -2.8000
   73.1583     -2.7800
   76.4336     -2.7600
   80.6611     -2.7400
   82.6094     -2.7200
   80.1931     -2.7000
   73.9921     -2.6800
   66.6903     -2.6600
   60.7608     -2.6400
   56.8597     -2.6200
   54.2022     -2.6000
   51.7394     -2.5800
   48.9212     -2.5600
   46.1697     -2.5400
   44.8097     -2.5200
   45.9759     -2.5000
   49.8866     -2.4800
   56.3093     -2.4600
   64.4975     -2.4400
   72.3851     -2.4200
   77.0309     -2.4000
   76.4968     -2.3800
   71.2144     -2.3600
   63.5898     -2.3400
   56.5163     -2.3200
   52.0127     -2.3000
   50.4113     -2.2800
   50.5570     -2.2600
   51.2938     -2.2400
   52.6956     -2.2200
   55.4315     -2.2000
   59.4909     -2.1800
   64.1305     -2.1600
   68.3383     -2.1400
   71.0270     -2.1200
   71.8282     -2.1000
   71.8632     -2.0800
   72.8127     -2.0600
   75.1484     -2.0400
   77.5953     -2.0200
   78.1977     -2.0000
   76.0348     -1.9800
   72.1214     -1.9600
   68.5067     -1.9400
   66.5724     -1.9200
   66.4488     -1.9000
   67.5430     -1.8800
   68.8411     -1.8600
   69.3173     -1.8400
   69.0985     -1.8200
   69.8309     -1.8000
   73.1972     -1.7800
   79.3311     -1.7600
   86.7514     -1.7400
   93.4783     -1.7200
   98.1547     -1.7000
   99.8750     -1.6800
   97.4017     -1.6600
   90.1326     -1.6400
   79.7363     -1.6200
   69.2060     -1.6000
   60.2151     -1.5800
   51.9463     -1.5600
   42.5374     -1.5400
   31.9151     -1.5200
   22.5844     -1.5000
   16.8889     -1.4800
   14.5688     -1.4600
   13.7921     -1.4400
   13.3849     -1.4200
   13.1882     -1.4000
   13.1231     -1.3800
   12.8707     -1.3600
   12.2602     -1.3400
   11.4483     -1.3200
   10.6134     -1.3000
    9.6130     -1.2800
    8.1571     -1.2600
    6.3016     -1.2400
    4.4751     -1.2200
    3.0611     -1.2000
    2.1975     -1.1800
    1.8910     -1.1600
    2.1730     -1.1400
    3.0558     -1.1200
    4.2747     -1.1000
    5.3709     -1.0800
    6.2578     -1.0600
    7.2532     -1.0400
    8.3225     -1.0200
    8.9394     -1.0000
    8.9162     -0.9800
    8.7097     -0.9600
    8.7267     -0.9400
    8.7398     -0.9200
    8.1532     -0.9000
    6.7806     -0.8800
    5.1290     -0.8600
    3.8492     -0.8400
    3.3067     -0.8200
    3.6709     -0.8000
    4.7699     -0.7800
    5.8421     -0.7600
    6.0780     -0.7400
    5.4636     -0.7200
    4.7102     -0.7000
    4.4729     -0.6800
    4.8357     -0.6600
    5.3549     -0.6400
    5.5350     -0.6200
    5.3526     -0.6000
    5.1607     -0.5800
    5.0754     -0.5600
    4.8908     -0.5400
    4.6702     -0.5200
    4.7616     -0.5000
    5.0271     -0.4800
    4.7903     -0.4600
    3.8221     -0.4400
    2.7646     -0.4200
    2.4054     -0.4000
    3.0114     -0.3800
    4.3277     -0.3600
    5.7579     -0.3400
    6.6734     -0.3200
    6.9519     -0.3000
    7.1316     -0.2800
    7.7737     -0.2600
    8.6766     -0.2400
    8.9593     -0.2200
    8.0560     -0.2000
    6.4096     -0.1800
    5.0022     -0.1600
    4.3420     -0.1400
    4.1145     -0.1200
    3.7934     -0.1000
    3.2913     -0.0800
    2.9442     -0.0600
    3.1903     -0.0400
    4.2665     -0.0200
    5.9256      0.0000
    7.5024      0.0200
    8.3775      0.0400
    8.3318      0.0600
    7.6103      0.0800
    6.7351      0.1000
    6.0846      0.1200
    5.6739      0.1400
    5.4015      0.1600
    5.2566      0.1800
    5.1620      0.2000
    4.9824      0.2200
    4.8865      0.2400
    5.2456      0.2600
    5.9577      0.2800
    6.3679      0.3000
    6.0859      0.3200
    5.4836      0.3400
    5.1797      0.3600
    5.4226      0.3800
    6.2360      0.4000
    7.6681      0.4200
    9.3584      0.4400
   10.2940      0.4600
    9.7355      0.4800
    8.1605      0.5000
    6.7104      0.5200
    6.0031      0.5400
    5.9228      0.5600
    6.0814      0.5800
    6.0592      0.6000
    5.7028      0.6200
    5.4018      0.6400
    5.5731      0.6600
    5.9492      0.6800
    5.8715      0.7000
    5.1504      0.7200
    4.2652      0.7400
    3.7881      0.7600
    3.8267      0.7800
    4.0639      0.8000
    4.2064      0.8200
    4.2096      0.8400
    4.1083      0.8600
    3.8508      0.8800
    3.3712      0.9000
    2.7922      0.9200
    2.5227      0.9400
    3.0242      0.9600
    4.3754      0.9800
    6.0777      1.0000
    7.3318      1.0200
    7.5819      1.0400
    6.8933      1.0600
    5.8791      1.0800
    5.2603      1.1000
    5.3914      1.1200
    6.0717      1.1400
    6.7075      1.1600
    6.7261      1.1800
    6.0605      1.2000
    5.2313      1.2200
    4.7760      1.2400
    4.6827      1.2600
    4.5392      1.2800
    4.1005      1.3000
    3.4775      1.3200
    2.8349      1.3400
    2.2481      1.3600
    1.9217      1.3800
    2.1825      1.4000
    3.0344      1.4200
    3.9592      1.4400
    4.4258      1.4600
    4.4445      1.4800
    4.3995      1.5000
    4.4833      1.5200
    4.4616      1.5400
    4.0341      1.5600
    3.4300      1.5800
    3.3964      1.6000
    4.3866      1.6200
    5.9020      1.6400
    6.8855      1.6600
    6.7997      1.6800
    6.0365      1.7000
    5.2224      1.7200
    4.6164      1.7400
    4.3321      1.7600
    4.5367      1.7800
    5.1153      1.8000
    5.5520      1.8200
    5.3756      1.8400
    4.5436      1.8600
    3.4412      1.8800
    2.6333      1.9000
    2.4351      1.9200
    2.6589      1.9400
    2.8767      1.9600
    2.8347      1.9800
    2.5488      2.0000
