    0.0229     -8.0000
    0.0111     -7.9810
    0.0060     -7.9620
    0.0086     -7.9430
    0.0193     -7.9240
    0.0361     -7.9050
    0.0515     -7.8860
    0.0569     -7.8670
    0.0533     -7.8480
    0.0541     -7.8290
    0.0751     -7.8100
    0.1213     -7.7910
    0.1821     -7.7720
    0.2441     -7.7530
    0.3131     -7.7340
    0.4102     -7.7150
    0.5385     -7.6960
    0.6683     -7.6770
    0.7587     -7.6580
    0.7715     -7.6390
    0.6781     -7.6200
    0.4932     -7.6010
    0.2908     -7.5820
    0.1596     -7.5630
    0.1624     -7.5440
    0.3443     -7.5250
    0.7089     -7.5060
    1.1374     -7.4870
    1.4019     -7.4680
    1.3756     -7.4490
    1.1953     -7.4300
    1.1110     -7.4110
    1.2136     -7.3920
    1.4020     -7.3730
    1.5383     -7.3540
    1.5273     -7.3350
    1.3297     -7.3160
    1.0261     -7.2970
    0.8070     -7.2780
    0.7967     -7.2590
    0.9186     -7.2400
    0.9924     -7.2210
    0.9310     -7.2020
    0.7835     -7.1830
    0.6278     -7.1640
    0.5041     -7.1450
    0.4319     -7.1260
    0.4226     -7.1070
    0.4618     -7.0880
    0.4987     -7.0690
    0.4758     -7.0500
    0.3822     -7.0310
    0.2621     -7.0120
    0.1674     -6.9930
    0.1157     -6.9740
    0.0971     -6.9550
    0.0994     -6.9360
    0.1139     -6.9170
    0.1311     -6.8980
    0.1397     -6.8790
    0.1363     -6.8600
    0.1331     -6.8410
    0.1480     -6.8220
    0.1814     -6.8030
    0.2099     -6.7840
    0.2073     -6.7650
    0.1699     -6.7460
    0.1181     -6.7270
    0.0777     -6.7080
    0.0619     -6.6890
    0.0681     -6.6700
    0.0860     -6.6510
    0.1093     -6.6320
    0.1393     -6.6130
    0.1756     -6.5940
    0.2071     -6.5750
    0.2181     -6.5560
    0.2022     -6.5370
    0.1701     -6.5180
    0.1388     -6.4990
    0.1169     -6.4800
    0.1020     -6.4610
    0.0907     -6.4420
    0.0838     -6.4230
    0.0826     -6.4040
    0.0858     -6.3850
    0.0923     -6.3660
    0.1034     -6.3470
    0.1204     -6.3280
    0.1394     -6.3090
    0.1541     -6.2900
    0.1607     -6.2710
    0.1569     -6.2520
    0.1417     -6.2330
    0.1202     -6.2140
    0.1024     -6.1950
    0.0954     -6.1760
    0.0978     -6.1570
    0.1048     -6.1380
    0.1120     -6.1190
    0.1166     -6.1000
    0.1178     -6.0810
    0.1190     -6.0620
    0.1261     -6.0430
    0.1423     -6.0240
    0.1641     -6.0050
    0.1826     -5.9860
    0.1924     -5.9670
    0.2002     -5.9480
    0.2218     -5.9290
    0.2699     -5.9100
    0.3392     -5.8910
    0.4035     -5.8720
    0.4315     -5.8530
    0.4141     -5.8340
    0.3722     -5.8150
    0.3367     -5.7960
    0.3219     -5.7770
    0.3226     -5.7580
    0.3291     -5.7390
    0.3380     -5.7200
    0.3519     -5.7010
    0.3750     -5.6820
    0.4138     -5.6630
    0.4775     -5.6440
    0.5725     -5.6250
    0.6892     -5.6060
    0.7966     -5.5870
    0.8610     -5.5680
    0.8735     -5.5490
    0.8537     -5.5300
    0.8210     -5.5110
    0.7723     -5.4920
    0.7027     -5.4730
    0.6387     -5.4540
    0.6228     -5.4350
    0.6721     -5.4160
    0.7664     -5.3970
    0.8621     -5.3780
    0.9076     -5.3590
    0.8697     -5.3400
    0.7606     -5.3210
    0.6267     -5.3020
    0.5091     -5.2830
    0.4212     -5.2640
    0.3543     -5.2450
    0.2935     -5.2260
    0.2311     -5.2070
    0.1725     -5.1880
    0.1311     -5.1690
    0.1171     -5.1500
    0.1299     -5.1310
    0.1614     -5.1120
    0.2015     -5.0930
    0.2424     -5.0740
    0.2793     -5.0550
    0.3096     -5.0360
    0.3311     -5.0170
    0.3390     -4.9980
    0.3276     -4.9790
    0.2963     -4.9600
    0.2560     -4.9410
    0.2214     -4.9220
    0.1963     -4.9030
    0.1737     -4.8840
    0.1500     -4.8650
    0.1324     -4.8460
    0.1288     -4.8270
    0.1379     -4.8080
    0.1497     -4.7890
    0.1530     -4.7700
    0.1424     -4.7510
    0.1204     -4.7320
    0.0960     -4.7130
    0.0789     -4.6940
    0.0743     -4.6750
    0.0798     -4.6560
    0.0882     -4.6370
    0.0942     -4.6180
    0.0980     -4.5990
    0.1030     -4.5800
    0.1099     -4.5610
    0.1177     -4.5420
    0.1252     -4.5230
    0.1295     -4.5040
    0.1262     -4.4850
    0.1145     -4.4660
    0.0993     -4.4470
    0.0881     -4.4280
    0.0855     -4.4090
    0.0911     -4.3900
    0.1008     -4.3710
    0.1102     -4.3520
    0.1151     -4.3330
    0.1127     -4.3140
    0.1037     -4.2950
    0.0919     -4.2760
    0.0808     -4.2570
    0.0714     -4.2380
    0.0628     -4.2190
    0.0546     -4.2000
    0.0477     -4.1810
    0.0440     -4.1620
    0.0447     -4.1430
    0.0494     -4.1240
    0.0565     -4.1050
    0.0643     -4.0860
    0.0712     -4.0670
    0.0756     -4.0480
    0.0772     -4.0290
    0.0766     -4.0100
    0.0738     -3.9910
    0.0686     -3.9720
    0.0609     -3.9530
    0.0523     -3.9340
    0.0454     -3.9150
    0.0429     -3.8960
    0.0459     -3.8770
    0.0533     -3.8580
    0.0632     -3.8390
    0.0738     -3.8200
    0.0836     -3.8010
    0.0907     -3.7820
    0.0933     -3.7630
    0.0904     -3.7440
    0.0841     -3.7250
    0.0780     -3.7060
    0.0744     -3.6870
    0.0735     -3.6680
    0.0747     -3.6490
    0.0774     -3.6300
    0.0806     -3.6110
    0.0831     -3.5920
    0.0848     -3.5730
    0.0862     -3.5540
    0.0870     -3.5350
    0.0853     -3.5160
    0.0805     -3.4970
    0.0744     -3.4780
    0.0696     -3.4590
    0.0663     -3.4400
    0.0627     -3.4210
    0.0580     -3.4020
    0.0534     -3.3830
    0.0497     -3.3640
    0.0472     -3.3450
    0.0467     -3.3260
    0.0492     -3.3070
    0.0533     -3.2880
    0.0563     -3.2690
    0.0564     -3.2500
    0.0539     -3.2310
    0.0495     -3.2120
    0.0437     -3.1930
    0.0376     -3.1740
    0.0334     -3.1550
    0.0330     -3.1360
    0.0363     -3.1170
    0.0407     -3.0980
    0.0434     -3.0790
    0.0434     -3.0600
    0.0419     -3.0410
    0.0399     -3.0220
    0.0377     -3.0030
    0.0353     -2.9840
    0.0329     -2.9650
    0.0309     -2.9460
    0.0292     -2.9270
    0.0276     -2.9080
    0.0257     -2.8890
    0.0233     -2.8700
    0.0206     -2.8510
    0.0183     -2.8320
    0.0170     -2.8130
    0.0166     -2.7940
    0.0162     -2.7750
    0.0156     -2.7560
    0.0154     -2.7370
    0.0167     -2.7180
    0.0199     -2.6990
    0.0243     -2.6800
    0.0282     -2.6610
    0.0301     -2.6420
    0.0295     -2.6230
    0.0273     -2.6040
    0.0245     -2.5850
    0.0218     -2.5660
    0.0200     -2.5470
    0.0195     -2.5280
    0.0205     -2.5090
    0.0225     -2.4900
    0.0246     -2.4710
    0.0259     -2.4520
    0.0256     -2.4330
    0.0238     -2.4140
    0.0216     -2.3950
    0.0200     -2.3760
    0.0191     -2.3570
    0.0182     -2.3380
    0.0168     -2.3190
    0.0153     -2.3000
    0.0141     -2.2810
    0.0137     -2.2620
    0.0141     -2.2430
    0.0147     -2.2240
    0.0151     -2.2050
    0.0150     -2.1860
    0.0148     -2.1670
    0.0148     -2.1480
    0.0155     -2.1290
    0.0165     -2.1100
    0.0170     -2.0910
    0.0156     -2.0720
    0.0126     -2.0530
    0.0091     -2.0340
    0.0064     -2.0150
    0.0048     -1.9960
    0.0040     -1.9770
    0.0035     -1.9580
    0.0035     -1.9390
    0.0040     -1.9200
    0.0048     -1.9010
    0.0054     -1.8820
    0.0055     -1.8630
    0.0050     -1.8440
    0.0041     -1.8250
    0.0034     -1.8060
    0.0031     -1.7870
    0.0034     -1.7680
    0.0044     -1.7490
    0.0061     -1.7300
    0.0080     -1.7110
    0.0094     -1.6920
    0.0094     -1.6730
    0.0080     -1.6540
    0.0061     -1.6350
    0.0046     -1.6160
    0.0043     -1.5970
    0.0054     -1.5780
    0.0076     -1.5590
    0.0103     -1.5400
    0.0129     -1.5210
    0.0141     -1.5020
    0.0133     -1.4830
    0.0107     -1.4640
    0.0079     -1.4450
    0.0060     -1.4260
    0.0050     -1.4070
    0.0045     -1.3880
    0.0046     -1.3690
    0.0057     -1.3500
    0.0082     -1.3310
    0.0116     -1.3120
    0.0140     -1.2930
    0.0138     -1.2740
    0.0114     -1.2550
    0.0090     -1.2360
    0.0086     -1.2170
    0.0103     -1.1980
    0.0129     -1.1790
    0.0149     -1.1600
    0.0157     -1.1410
    0.0152     -1.1220
    0.0138     -1.1030
    0.0122     -1.0840
    0.0107     -1.0650
    0.0101     -1.0460
    0.0119     -1.0270
    0.0170     -1.0080
    0.0248     -0.9890
    0.0325     -0.9700
    0.0360     -0.9510
    0.0339     -0.9320
    0.0288     -0.9130
    0.0242     -0.8940
    0.0215     -0.8750
    0.0202     -0.8560
    0.0203     -0.8370
    0.0229     -0.8180
    0.0284     -0.7990
    0.0345     -0.7800
    0.0366     -0.7610
    0.0328     -0.7420
    0.0270     -0.7230
    0.0258     -0.7040
    0.0318     -0.6850
    0.0409     -0.6660
    0.0463     -0.6470
    0.0450     -0.6280
    0.0404     -0.6090
    0.0383     -0.5900
    0.0417     -0.5710
    0.0475     -0.5520
    0.0494     -0.5330
    0.0439     -0.5140
    0.0326     -0.4950
    0.0210     -0.4760
    0.0142     -0.4570
    0.0136     -0.4380
    0.0165     -0.4190
    0.0196     -0.4000
    0.0214     -0.3810
    0.0240     -0.3620
    0.0296     -0.3430
    0.0380     -0.3240
    0.0458     -0.3050
    0.0497     -0.2860
    0.0485     -0.2670
    0.0437     -0.2480
    0.0380     -0.2290
    0.0341     -0.2100
    0.0337     -0.1910
    0.0356     -0.1720
    0.0364     -0.1530
    0.0343     -0.1340
    0.0307     -0.1150
    0.0286     -0.0960
    0.0286     -0.0770
    0.0296     -0.0580
    0.0304     -0.0390
    0.0316     -0.0200
    0.0344     -0.0010
    0.0381      0.0180
    0.0410      0.0370
    0.0418      0.0560
    0.0403      0.0750
    0.0370      0.0940
    0.0325      0.1130
    0.0280      0.1320
    0.0250      0.1510
    0.0234      0.1700
    0.0223      0.1890
    0.0209      0.2080
    0.0190      0.2270
    0.0162      0.2460
    0.0129      0.2650
    0.0103      0.2840
    0.0089      0.3030
    0.0085      0.3220
    0.0085      0.3410
    0.0092      0.3600
    0.0110      0.3790
    0.0143      0.3980
    0.0188      0.4170
    0.0237      0.4360
    0.0277      0.4550
    0.0298      0.4740
    0.0307      0.4930
    0.0327      0.5120
    0.0380      0.5310
    0.0456      0.5500
    0.0515      0.5690
    0.0520      0.5880
    0.0466      0.6070
    0.0378      0.6260
    0.0294      0.6450
    0.0242      0.6640
    0.0229      0.6830
    0.0229      0.7020
    0.0214      0.7210
    0.0176      0.7400
    0.0131      0.7590
    0.0097      0.7780
    0.0085      0.7970
    0.0092      0.8160
    0.0113      0.8350
    0.0156      0.8540
    0.0232      0.8730
    0.0327      0.8920
    0.0392      0.9110
    0.0393      0.9300
    0.0353      0.9490
    0.0319      0.9680
    0.0308      0.9870
    0.0301      1.0060
    0.0282      1.0250
    0.0254      1.0440
    0.0221      1.0630
    0.0179      1.0820
    0.0129      1.1010
    0.0083      1.1200
    0.0053      1.1390
    0.0044      1.1580
    0.0053      1.1770
    0.0077      1.1960
    0.0106      1.2150
    0.0131      1.2340
    0.0140      1.2530
    0.0133      1.2720
    0.0131      1.2910
    0.0156      1.3100
    0.0215      1.3290
    0.0288      1.3480
    0.0340      1.3670
    0.0356      1.3860
    0.0359      1.4050
    0.0389      1.4240
    0.0453      1.4430
    0.0505      1.4620
    0.0502      1.4810
    0.0449      1.5000
    0.0384      1.5190
    0.0332      1.5380
    0.0290      1.5570
    0.0249      1.5760
    0.0218      1.5950
    0.0207      1.6140
    0.0212      1.6330
    0.0221      1.6520
    0.0233      1.6710
    0.0256      1.6900
    0.0297      1.7090
    0.0343      1.7280
    0.0367      1.7470
    0.0350      1.7660
    0.0313      1.7850
    0.0311      1.8040
    0.0388      1.8230
    0.0527      1.8420
    0.0657      1.8610
    0.0700      1.8800
    0.0631      1.8990
    0.0498      1.9180
    0.0397      1.9370
    0.0409      1.9560
    0.0530      1.9750
    0.0672      1.9940
