    2.7948     -8.0000
    1.9340     -7.9875
    1.2398     -7.9750
    0.7765     -7.9625
    0.5497     -7.9500
    0.5203     -7.9375
    0.6242     -7.9250
    0.7869     -7.9125
    0.9391     -7.9000
    1.0347     -7.8875
    1.0664     -7.8750
    1.0652     -7.8625
    1.0810     -7.8500
    1.1529     -7.8375
    1.2877     -7.8250
    1.4555     -7.8125
    1.6008     -7.8000
    1.6628     -7.7875
    1.5987     -7.7750
    1.4036     -7.7625
    1.1153     -7.7500
    0.7994     -7.7375
    0.5229     -7.7250
    0.3308     -7.7125
    0.2400     -7.7000
    0.2444     -7.6875
    0.3221     -7.6750
    0.4397     -7.6625
    0.5556     -7.6500
    0.6308     -7.6375
    0.6450     -7.6250
    0.6098     -7.6125
    0.5686     -7.6000
    0.5795     -7.5875
    0.6919     -7.5750
    0.9254     -7.5625
    1.2594     -7.5500
    1.6362     -7.5375
    1.9766     -7.5250
    2.2053     -7.5125
    2.2789     -7.5000
    2.2057     -7.4875
    2.0471     -7.4750
    1.8948     -7.4625
    1.8299     -7.4500
    1.8839     -7.4375
    2.0216     -7.4250
    2.1599     -7.4125
    2.2124     -7.4000
    2.1311     -7.3875
    1.9209     -7.3750
    1.6238     -7.3625
    1.2930     -7.3500
    0.9769     -7.3375
    0.7171     -7.3250
    0.5519     -7.3125
    0.5143     -7.3000
    0.6244     -7.2875
    0.8764     -7.2750
    1.2281     -7.2625
    1.6044     -7.2500
    1.9206     -7.2375
    2.1219     -7.2250
    2.2130     -7.2125
    2.2544     -7.2000
    2.3208     -7.1875
    2.4506     -7.1750
    2.6199     -7.1625
    2.7582     -7.1500
    2.7895     -7.1375
    2.6713     -7.1250
    2.4166     -7.1125
    2.0930     -7.1000
    1.8028     -7.0875
    1.6459     -7.0750
    1.6784     -7.0625
    1.8860     -7.0500
    2.1888     -7.0375
    2.4759     -7.0250
    2.6492     -7.0125
    2.6544     -7.0000
    2.4903     -6.9875
    2.2009     -6.9750
    1.8609     -6.9625
    1.5523     -6.9500
    1.3357     -6.9375
    1.2252     -6.9250
    1.1853     -6.9125
    1.1566     -6.9000
    1.0974     -6.8875
    1.0126     -6.8750
    0.9554     -6.8625
    1.0053     -6.8500
    1.2376     -6.8375
    1.6954     -6.8250
    2.3647     -6.8125
    3.1592     -6.8000
    3.9332     -6.7875
    4.5318     -6.7750
    4.8588     -6.7625
    4.9156     -6.7500
    4.7827     -6.7375
    4.5605     -6.7250
    4.3158     -6.7125
    4.0659     -6.7000
    3.7975     -6.6875
    3.4927     -6.6750
    3.1473     -6.6625
    2.7768     -6.6500
    2.4189     -6.6375
    2.1328     -6.6250
    1.9923     -6.6125
    2.0684     -6.6000
    2.4031     -6.5875
    2.9881     -6.5750
    3.7627     -6.5625
    4.6388     -6.5500
    5.5462     -6.5375
    6.4748     -6.5250
    7.4840     -6.5125
    8.6571     -6.5000
   10.0158     -6.4875
   11.4478     -6.4750
   12.7096     -6.4625
   13.5236     -6.4500
   13.7155     -6.4375
   13.3053     -6.4250
   12.4925     -6.4125
   11.5514     -6.4000
   10.7073     -6.3875
   10.0676     -6.3750
    9.6304     -6.3625
    9.3456     -6.3500
    9.1767     -6.3375
    9.1261     -6.3250
    9.2180     -6.3125
    9.4642     -6.3000
    9.8515     -6.2875
   10.3660     -6.2750
   11.0313     -6.2625
   11.9184     -6.2500
   13.1027     -6.2375
   14.5904     -6.2250
   16.2565     -6.2125
   17.8369     -6.2000
   18.9937     -6.1875
   19.4355     -6.1750
   19.0385     -6.1625
   17.9040     -6.1500
   16.3195     -6.1375
   14.6506     -6.1250
   13.2291     -6.1125
   12.2880     -6.1000
   11.9462     -6.0875
   12.2075     -6.0750
   12.9587     -6.0625
   13.9870     -6.0500
   15.0458     -6.0375
   15.9541     -6.0250
   16.6677     -6.0125
   17.2667     -6.0000
   17.8679     -5.9875
   18.5258     -5.9750
   19.1866     -5.9625
   19.7164     -5.9500
   19.9761     -5.9375
   19.9034     -5.9250
   19.5616     -5.9125
   19.1312     -5.9000
   18.8438     -5.8875
   18.8940     -5.8750
   19.3751     -5.8625
   20.2658     -5.8500
   21.4554     -5.8375
   22.7826     -5.8250
   24.0839     -5.8125
   25.2497     -5.8000
   26.2661     -5.7875
   27.1990     -5.7750
   28.1135     -5.7625
   28.9862     -5.7500
   29.6888     -5.7375
   30.0623     -5.7250
   30.0141     -5.7125
   29.5610     -5.7000
   28.8034     -5.6875
   27.8701     -5.6750
   26.8766     -5.6625
   25.9011     -5.6500
   24.9756     -5.6375
   24.1028     -5.6250
   23.2958     -5.6125
   22.6019     -5.6000
   22.0723     -5.5875
   21.6997     -5.5750
   21.4066     -5.5625
   21.1266     -5.5500
   20.9130     -5.5375
   20.9560     -5.5250
   21.4656     -5.5125
   22.5073     -5.5000
   23.9216     -5.4875
   25.3916     -5.4750
   26.6048     -5.4625
   27.3839     -5.4500
   27.7003     -5.4375
   27.5881     -5.4250
   27.0636     -5.4125
   26.1370     -5.4000
   24.8933     -5.3875
   23.5493     -5.3750
   22.4187     -5.3625
   21.8022     -5.3500
   21.8667     -5.3375
   22.5615     -5.3250
   23.5981     -5.3125
   24.5186     -5.3000
   24.8557     -5.2875
   24.3337     -5.2750
   22.9981     -5.2625
   21.1824     -5.2500
   19.3241     -5.2375
   17.7553     -5.2250
   16.6056     -5.2125
   15.8514     -5.2000
   15.4298     -5.1875
   15.3108     -5.1750
   15.4908     -5.1625
   15.9567     -5.1500
   16.6751     -5.1375
   17.6128     -5.1250
   18.7523     -5.1125
   20.0794     -5.1000
   21.5629     -5.0875
   23.1531     -5.0750
   24.7958     -5.0625
   26.4308     -5.0500
   27.9689     -5.0375
   29.2844     -5.0250
   30.2527     -5.0125
   30.8131     -5.0000
   30.9998     -4.9875
   30.9107     -4.9750
   30.6394     -4.9625
   30.2260     -4.9500
   29.6606     -4.9375
   28.9331     -4.9250
   28.0877     -4.9125
   27.2362     -4.9000
   26.5166     -4.8875
   26.0273     -4.8750
   25.7892     -4.8625
   25.7663     -4.8500
   25.9286     -4.8375
   26.3087     -4.8250
   27.0035     -4.8125
   28.1142     -4.8000
   29.6654     -4.7875
   31.5614     -4.7750
   33.6030     -4.7625
   35.5397     -4.7500
   37.1162     -4.7375
   38.0953     -4.7250
   38.2735     -4.7125
   37.5149     -4.7000
   35.8104     -4.6875
   33.3341     -4.6750
   30.4526     -4.6625
   27.6584     -4.6500
   25.4408     -4.6375
   24.1367     -4.6250
   23.8156     -4.6125
   24.2437     -4.6000
   24.9555     -4.5875
   25.4246     -4.5750
   25.2809     -4.5625
   24.4728     -4.5500
   23.2792     -4.5375
   22.1570     -4.5250
   21.5235     -4.5125
   21.6087     -4.5000
   22.4420     -4.4875
   23.9221     -4.4750
   25.8736     -4.4625
   28.0531     -4.4500
   30.1536     -4.4375
   31.8699     -4.4250
   33.0178     -4.4125
   33.6217     -4.4000
   33.8868     -4.3875
   34.0698     -4.3750
   34.3514     -4.3625
   34.8128     -4.3500
   35.5120     -4.3375
   36.5519     -4.3250
   38.0279     -4.3125
   39.8681     -4.3000
   41.7211     -4.2875
   43.0504     -4.2750
   43.4278     -4.2625
   42.8167     -4.2500
   41.6173     -4.2375
   40.4370     -4.2250
   39.7665     -4.2125
   39.7830     -4.2000
   40.3650     -4.1875
   41.2449     -4.1750
   42.1743     -4.1625
   43.0244     -4.1500
   43.8019     -4.1375
   44.5994     -4.1250
   45.5177     -4.1125
   46.6010     -4.1000
   47.8052     -4.0875
   49.0003     -4.0750
   49.9994     -4.0625
   50.6158     -4.0500
   50.7349     -4.0375
   50.3778     -4.0250
   49.7234     -4.0125
   49.0672     -4.0000
   48.7187     -3.9875
   48.8688     -3.9750
   49.4926     -3.9625
   50.3424     -3.9500
   51.0390     -3.9375
   51.2218     -3.9250
   50.6833     -3.9125
   49.4296     -3.9000
   47.6462     -3.8875
   45.6032     -3.8750
   43.5575     -3.8625
   41.7045     -3.8500
   40.1862     -3.8375
   39.1189     -3.8250
   38.5942     -3.8125
   38.6400     -3.8000
   39.1833     -3.7875
   40.0612     -3.7750
   41.0748     -3.7625
   42.0319     -3.7500
   42.7500     -3.7375
   43.0543     -3.7250
   42.8181     -3.7125
   42.0359     -3.7000
   40.8588     -3.6875
   39.5399     -3.6750
   38.3075     -3.6625
   37.2512     -3.6500
   36.2990     -3.6375
   35.3021     -3.6250
   34.1728     -3.6125
   32.9874     -3.6000
   31.9912     -3.5875
   31.5012     -3.5750
   31.7547     -3.5625
   32.7842     -3.5500
   34.3802     -3.5375
   36.1498     -3.5250
   37.6294     -3.5125
   38.3987     -3.5000
   38.1724     -3.4875
   36.8742     -3.4750
   34.6883     -3.4625
   32.0571     -3.4500
   29.5852     -3.4375
   27.8524     -3.4250
   27.2110     -3.4125
   27.6744     -3.4000
   28.9580     -3.3875
   30.6404     -3.3750
   32.3478     -3.3625
   33.8662     -3.3500
   35.1494     -3.3375
   36.2515     -3.3250
   37.2459     -3.3125
   38.1783     -3.3000
   39.0660     -3.2875
   39.9234     -3.2750
   40.7804     -3.2625
   41.6757     -3.2500
   42.6273     -3.2375
   43.6011     -3.2250
   44.5017     -3.2125
   45.1865     -3.2000
   45.4933     -3.1875
   45.2771     -3.1750
   44.4610     -3.1625
   43.0897     -3.1500
   41.3470     -3.1375
   39.5023     -3.1250
   37.8144     -3.1125
   36.4580     -3.1000
   35.5190     -3.0875
   35.0303     -3.0750
   34.9907     -3.0625
   35.3416     -3.0500
   35.9355     -3.0375
   36.5436     -3.0250
   36.9127     -3.0125
   36.8421     -3.0000
   36.2417     -2.9875
   35.1606     -2.9750
   33.7889     -2.9625
   32.4300     -2.9500
   31.4277     -2.9375
   31.0563     -2.9250
   31.4190     -2.9125
   32.4163     -2.9000
   33.8081     -2.8875
   35.3277     -2.8750
   36.7678     -2.8625
   37.9820     -2.8500
   38.8254     -2.8375
   39.1276     -2.8250
   38.7738     -2.8125
   37.8519     -2.8000
   36.7256     -2.7875
   35.9230     -2.7750
   35.8801     -2.7625
   36.7127     -2.7500
   38.1725     -2.7375
   39.8080     -2.7250
   41.2094     -2.7125
   42.1829     -2.7000
   42.7698     -2.6875
   43.1351     -2.6750
   43.4232     -2.6625
   43.6813     -2.6500
   43.8801     -2.6375
   43.9887     -2.6250
   44.0270     -2.6125
   44.0531     -2.6000
   44.1049     -2.5875
   44.1464     -2.5750
   44.0613     -2.5625
   43.7063     -2.5500
   43.0041     -2.5375
   42.0357     -2.5250
   41.0737     -2.5125
   40.5095     -2.5000
   40.6747     -2.4875
   41.6362     -2.4750
   43.0979     -2.4625
   44.4987     -2.4500
   45.2684     -2.4375
   45.0901     -2.4250
   44.0116     -2.4125
   42.3609     -2.4000
   40.5560     -2.3875
   38.9391     -2.3750
   37.7105     -2.3625
   36.9455     -2.3500
   36.6361     -2.3375
   36.7158     -2.3250
   37.0656     -2.3125
   37.5257     -2.3000
   37.9283     -2.2875
   38.1435     -2.2750
   38.1189     -2.2625
   37.8951     -2.2500
   37.5890     -2.2375
   37.3513     -2.2250
   37.3104     -2.2125
   37.5237     -2.2000
   37.9698     -2.1875
   38.5945     -2.1750
   39.3785     -2.1625
   40.3669     -2.1500
   41.6232     -2.1375
   43.1480     -2.1250
   44.8450     -2.1125
   46.5706     -2.1000
   48.2225     -2.0875
   49.7798     -2.0750
   51.2681     -2.0625
   52.6958     -2.0500
   54.0265     -2.0375
   55.1920     -2.0250
   56.1136     -2.0125
   56.7132     -2.0000
   56.9342     -1.9875
   56.7803     -1.9750
   56.3260     -1.9625
   55.6512     -1.9500
   54.7239     -1.9375
   53.3479     -1.9250
   51.2726     -1.9125
   48.4233     -1.9000
   45.0654     -1.8875
   41.7404     -1.8750
   38.9949     -1.8625
   37.1021     -1.8500
   35.9780     -1.8375
   35.3179     -1.8250
   34.8088     -1.8125
   34.2491     -1.8000
   33.5296     -1.7875
   32.5647     -1.7750
   31.2774     -1.7625
   29.6555     -1.7500
   27.8021     -1.7375
   25.9116     -1.7250
   24.1777     -1.7125
   22.7024     -1.7000
   21.4666     -1.6875
   20.3630     -1.6750
   19.2535     -1.6625
   18.0157     -1.6500
   16.5739     -1.6375
   14.9267     -1.6250
   13.1603     -1.6125
   11.4265     -1.6000
    9.8770     -1.5875
    8.5946     -1.5750
    7.5731     -1.5625
    6.7604     -1.5500
    6.1268     -1.5375
    5.7004     -1.5250
    5.5453     -1.5125
    5.6984     -1.5000
    6.1077     -1.4875
    6.6142     -1.4750
    6.9979     -1.4625
    7.0692     -1.4500
    6.7587     -1.4375
    6.1534     -1.4250
    5.4540     -1.4125
    4.8758     -1.4000
    4.5477     -1.3875
    4.4645     -1.3750
    4.5166     -1.3625
    4.5741     -1.3500
    4.5731     -1.3375
    4.5541     -1.3250
    4.6284     -1.3125
    4.8925     -1.3000
    5.3386     -1.2875
    5.8214     -1.2750
    6.1127     -1.2625
    6.0229     -1.2500
    5.5132     -1.2375
    4.7212     -1.2250
    3.8777     -1.2125
    3.1773     -1.2000
    2.6954     -1.1875
    2.4032     -1.1750
    2.2522     -1.1625
    2.2496     -1.1500
    2.4648     -1.1375
    2.9699     -1.1250
    3.7624     -1.1125
    4.7284     -1.1000
    5.6719     -1.0875
    6.3918     -1.0750
    6.7619     -1.0625
    6.7704     -1.0500
    6.5063     -1.0375
    6.1078     -1.0250
    5.7014     -1.0125
    5.3539     -1.0000
    5.0551     -0.9875
    4.7449     -0.9750
    4.3761     -0.9625
    3.9773     -0.9500
    3.6684     -0.9375
    3.6078     -0.9250
    3.9017     -0.9125
    4.5287     -0.9000
    5.3265     -0.8875
    6.0512     -0.8750
    6.4838     -0.8625
    6.5340     -0.8500
    6.2861     -0.8375
    5.9586     -0.8250
    5.7921     -0.8125
    5.9265     -0.8000
    6.3346     -0.7875
    6.8486     -0.7750
    7.2617     -0.7625
    7.4364     -0.7500
    7.3543     -0.7375
    7.0875     -0.7250
    6.7319     -0.7125
    6.3591     -0.7000
    6.0125     -0.6875
    5.7223     -0.6750
    5.5060     -0.6625
    5.3515     -0.6500
    5.2074     -0.6375
    5.0015     -0.6250
    4.6806     -0.6125
    4.2490     -0.6000
    3.7843     -0.5875
    3.4238     -0.5750
    3.3232     -0.5625
    3.5990     -0.5500
    4.2780     -0.5375
    5.2735     -0.5250
    6.4005     -0.5125
    7.4238     -0.5000
    8.1212     -0.4875
    8.3456     -0.4750
    8.0653     -0.4625
    7.3705     -0.4500
    6.4444     -0.4375
    5.5083     -0.4250
    4.7616     -0.4125
    4.3278     -0.4000
    4.2216     -0.3875
    4.3473     -0.3750
    4.5418     -0.3625
    4.6501     -0.3500
    4.5944     -0.3375
    4.3907     -0.3250
    4.1075     -0.3125
    3.8059     -0.3000
    3.5113     -0.2875
    3.2323     -0.2750
    2.9996     -0.2625
    2.8881     -0.2500
    3.0057     -0.2375
    3.4558     -0.2250
    4.2888     -0.2125
    5.4598     -0.2000
    6.8160     -0.1875
    8.1303     -0.1750
    9.1768     -0.1625
    9.8116     -0.1500
   10.0113     -0.1375
    9.8504     -0.1250
    9.4408     -0.1125
    8.8849     -0.1000
    8.2663     -0.0875
    7.6622     -0.0750
    7.1407     -0.0625
    6.7347     -0.0500
    6.4189     -0.0375
    6.1259     -0.0250
    5.7949     -0.0125
    5.4171      0.0000
    5.0359      0.0125
    4.7071      0.0250
    4.4573      0.0375
    4.2828      0.0500
    4.1831      0.0625
    4.1886      0.0750
    4.3417      0.0875
    4.6401      0.1000
    4.9955      0.1125
    5.2562      0.1250
    5.2897      0.1375
    5.0669      0.1500
    4.6862      0.1625
    4.3229      0.1750
    4.1395      0.1875
    4.2110      0.2000
    4.5019      0.2125
    4.8951      0.2250
    5.2497      0.2375
    5.4513      0.2500
    5.4375      0.2625
    5.2031      0.2750
    4.8008      0.2875
    4.3340      0.3000
    3.9320      0.3125
    3.7027      0.3250
    3.6847      0.3375
    3.8285      0.3500
    4.0200      0.3625
    4.1311      0.3750
    4.0715      0.3875
    3.8219      0.4000
    3.4419      0.4125
    3.0506      0.4250
    2.7821      0.4375
    2.7314      0.4500
    2.9210      0.4625
    3.3099      0.4750
    3.8352      0.4875
    4.4450      0.5000
    5.0905      0.5125
    5.6937      0.5250
    6.1393      0.5375
    6.3157      0.5500
    6.1822      0.5625
    5.8082      0.5750
    5.3561      0.5875
    5.0190      0.6000
    4.9467      0.6125
    5.1847      0.6250
    5.6498      0.6375
    6.1540      0.6500
    6.4804      0.6625
    6.4799      0.6750
    6.1401      0.6875
    5.5820      0.7000
    4.9879      0.7125
    4.5091      0.7250
    4.2168      0.7375
    4.1173      0.7500
    4.1973      0.7625
    4.4432      0.7750
    4.8161      0.7875
    5.2181      0.8000
    5.5024      0.8125
    5.5407      0.8250
    5.3028      0.8375
    4.8931      0.8500
    4.5129      0.8625
    4.3678      0.8750
    4.5640      0.8875
    5.0451      0.9000
    5.6062      0.9125
    5.9865      0.9250
    5.9969      0.9375
    5.6098      0.9500
    4.9630      0.9625
    4.2832      0.9750
    3.7788      0.9875
    3.5584      1.0000
    3.6076      1.0125
    3.8305      1.0250
    4.1293      1.0375
    4.4738      1.0500
    4.9122      1.0625
    5.5154      1.0750
    6.2970      1.0875
    7.1717      1.1000
    7.9775      1.1125
    8.5434      1.1250
    8.7560      1.1375
    8.5924      1.1500
    8.1164      1.1625
    7.4489      1.1750
    6.7307      1.1875
    6.0850      1.2000
    5.5878      1.2125
    5.2578      1.2250
    5.0698      1.2375
    4.9830      1.2500
    4.9610      1.2625
    4.9673      1.2750
    4.9483      1.2875
    4.8366      1.3000
    4.5854      1.3125
    4.2075      1.3250
    3.7764      1.3375
    3.3804      1.3500
    3.0718      1.3625
    2.8530      1.3750
    2.7049      1.3875
    2.6220      1.4000
    2.6229      1.4125
    2.7377      1.4250
    2.9926      1.4375
    3.4052      1.4500
    3.9772      1.4625
    4.6695      1.4750
    5.3763      1.4875
    5.9353      1.5000
    6.1967      1.5125
    6.1160      1.5250
    5.7957      1.5375
    5.4286      1.5500
    5.1721      1.5625
    5.0447      1.5750
    4.9256      1.5875
    4.6605      1.6000
    4.1915      1.6125
    3.6123      1.6250
    3.1147      1.6375
    2.8745      1.6500
    2.9637      1.6625
    3.3384      1.6750
    3.8872      1.6875
    4.4886      1.7000
    5.0344      1.7125
    5.4242      1.7250
    5.5639      1.7375
    5.3988      1.7500
    4.9600      1.7625
    4.3778      1.7750
    3.8301      1.7875
    3.4526      1.8000
    3.2725      1.8125
    3.2091      1.8250
    3.1387      1.8375
    2.9809      1.8500
    2.7561      1.8625
    2.5842      1.8750
    2.6308      1.8875
    3.0295      1.9000
    3.8134      1.9125
    4.8763      1.9250
    5.9829      1.9375
    6.8395      1.9500
    7.2071      1.9625
    7.0029      1.9750
    6.3272      1.9875
    5.4004      2.0000
