    0.0034     -7.9940
    0.0018     -7.9810
    0.0010     -7.9680
    0.0008     -7.9550
    0.0011     -7.9420
    0.0019     -7.9290
    0.0031     -7.9160
    0.0043     -7.9030
    0.0054     -7.8900
    0.0058     -7.8770
    0.0055     -7.8640
    0.0046     -7.8510
    0.0033     -7.8380
    0.0022     -7.8250
    0.0016     -7.8120
    0.0016     -7.7990
    0.0023     -7.7860
    0.0036     -7.7730
    0.0054     -7.7600
    0.0072     -7.7470
    0.0086     -7.7340
    0.0091     -7.7210
    0.0089     -7.7080
    0.0085     -7.6950
    0.0084     -7.6820
    0.0087     -7.6690
    0.0091     -7.6560
    0.0090     -7.6430
    0.0081     -7.6300
    0.0066     -7.6170
    0.0047     -7.6040
    0.0029     -7.5910
    0.0016     -7.5780
    0.0008     -7.5650
    0.0004     -7.5520
    0.0002     -7.5390
    0.0003     -7.5260
    0.0005     -7.5130
    0.0010     -7.5000
    0.0016     -7.4870
    0.0024     -7.4740
    0.0032     -7.4610
    0.0038     -7.4480
    0.0043     -7.4350
    0.0050     -7.4220
    0.0060     -7.4090
    0.0079     -7.3960
    0.0106     -7.3830
    0.0139     -7.3700
    0.0171     -7.3570
    0.0194     -7.3440
    0.0201     -7.3310
    0.0194     -7.3180
    0.0180     -7.3050
    0.0167     -7.2920
    0.0163     -7.2790
    0.0167     -7.2660
    0.0177     -7.2530
    0.0187     -7.2400
    0.0193     -7.2270
    0.0191     -7.2140
    0.0181     -7.2010
    0.0162     -7.1880
    0.0136     -7.1750
    0.0106     -7.1620
    0.0077     -7.1490
    0.0053     -7.1360
    0.0039     -7.1230
    0.0039     -7.1100
    0.0056     -7.0970
    0.0088     -7.0840
    0.0132     -7.0710
    0.0176     -7.0580
    0.0207     -7.0450
    0.0214     -7.0320
    0.0198     -7.0190
    0.0167     -7.0060
    0.0137     -6.9930
    0.0118     -6.9800
    0.0111     -6.9670
    0.0113     -6.9540
    0.0115     -6.9410
    0.0110     -6.9280
    0.0099     -6.9150
    0.0084     -6.9020
    0.0069     -6.8890
    0.0059     -6.8760
    0.0056     -6.8630
    0.0061     -6.8500
    0.0076     -6.8370
    0.0101     -6.8240
    0.0132     -6.8110
    0.0165     -6.7980
    0.0193     -6.7850
    0.0208     -6.7720
    0.0205     -6.7590
    0.0182     -6.7460
    0.0146     -6.7330
    0.0105     -6.7200
    0.0068     -6.7070
    0.0041     -6.6940
    0.0024     -6.6810
    0.0017     -6.6680
    0.0016     -6.6550
    0.0021     -6.6420
    0.0030     -6.6290
    0.0043     -6.6160
    0.0057     -6.6030
    0.0070     -6.5900
    0.0076     -6.5770
    0.0076     -6.5640
    0.0069     -6.5510
    0.0057     -6.5380
    0.0045     -6.5250
    0.0035     -6.5120
    0.0032     -6.4990
    0.0037     -6.4860
    0.0051     -6.4730
    0.0071     -6.4600
    0.0095     -6.4470
    0.0119     -6.4340
    0.0141     -6.4210
    0.0160     -6.4080
    0.0172     -6.3950
    0.0176     -6.3820
    0.0170     -6.3690
    0.0151     -6.3560
    0.0125     -6.3430
    0.0095     -6.3300
    0.0067     -6.3170
    0.0045     -6.3040
    0.0030     -6.2910
    0.0023     -6.2780
    0.0025     -6.2650
    0.0034     -6.2520
    0.0049     -6.2390
    0.0067     -6.2260
    0.0081     -6.2130
    0.0087     -6.2000
    0.0083     -6.1870
    0.0074     -6.1740
    0.0066     -6.1610
    0.0063     -6.1480
    0.0068     -6.1350
    0.0077     -6.1220
    0.0087     -6.1090
    0.0094     -6.0960
    0.0099     -6.0830
    0.0104     -6.0700
    0.0108     -6.0570
    0.0112     -6.0440
    0.0111     -6.0310
    0.0105     -6.0180
    0.0097     -6.0050
    0.0090     -5.9920
    0.0084     -5.9790
    0.0078     -5.9660
    0.0069     -5.9530
    0.0057     -5.9400
    0.0042     -5.9270
    0.0028     -5.9140
    0.0018     -5.9010
    0.0012     -5.8880
    0.0011     -5.8750
    0.0015     -5.8620
    0.0020     -5.8490
    0.0027     -5.8360
    0.0032     -5.8230
    0.0037     -5.8100
    0.0040     -5.7970
    0.0044     -5.7840
    0.0051     -5.7710
    0.0064     -5.7580
    0.0082     -5.7450
    0.0104     -5.7320
    0.0124     -5.7190
    0.0137     -5.7060
    0.0140     -5.6930
    0.0133     -5.6800
    0.0121     -5.6670
    0.0107     -5.6540
    0.0094     -5.6410
    0.0082     -5.6280
    0.0073     -5.6150
    0.0066     -5.6020
    0.0062     -5.5890
    0.0058     -5.5760
    0.0053     -5.5630
    0.0048     -5.5500
    0.0044     -5.5370
    0.0045     -5.5240
    0.0054     -5.5110
    0.0072     -5.4980
    0.0098     -5.4850
    0.0126     -5.4720
    0.0151     -5.4590
    0.0166     -5.4460
    0.0167     -5.4330
    0.0156     -5.4200
    0.0135     -5.4070
    0.0111     -5.3940
    0.0090     -5.3810
    0.0074     -5.3680
    0.0065     -5.3550
    0.0062     -5.3420
    0.0061     -5.3290
    0.0064     -5.3160
    0.0069     -5.3030
    0.0080     -5.2900
    0.0098     -5.2770
    0.0123     -5.2640
    0.0153     -5.2510
    0.0183     -5.2380
    0.0205     -5.2250
    0.0215     -5.2120
    0.0210     -5.1990
    0.0192     -5.1860
    0.0169     -5.1730
    0.0145     -5.1600
    0.0125     -5.1470
    0.0111     -5.1340
    0.0101     -5.1210
    0.0092     -5.1080
    0.0083     -5.0950
    0.0075     -5.0820
    0.0069     -5.0690
    0.0069     -5.0560
    0.0075     -5.0430
    0.0087     -5.0300
    0.0101     -5.0170
    0.0116     -5.0040
    0.0129     -4.9910
    0.0143     -4.9780
    0.0159     -4.9650
    0.0177     -4.9520
    0.0194     -4.9390
    0.0210     -4.9260
    0.0221     -4.9130
    0.0230     -4.9000
    0.0238     -4.8870
    0.0244     -4.8740
    0.0246     -4.8610
    0.0241     -4.8480
    0.0227     -4.8350
    0.0205     -4.8220
    0.0183     -4.8090
    0.0168     -4.7960
    0.0165     -4.7830
    0.0176     -4.7700
    0.0197     -4.7570
    0.0224     -4.7440
    0.0252     -4.7310
    0.0278     -4.7180
    0.0298     -4.7050
    0.0311     -4.6920
    0.0317     -4.6790
    0.0319     -4.6660
    0.0321     -4.6530
    0.0326     -4.6400
    0.0333     -4.6270
    0.0342     -4.6140
    0.0347     -4.6010
    0.0346     -4.5880
    0.0339     -4.5750
    0.0328     -4.5620
    0.0315     -4.5490
    0.0303     -4.5360
    0.0295     -4.5230
    0.0295     -4.5100
    0.0308     -4.4970
    0.0335     -4.4840
    0.0378     -4.4710
    0.0433     -4.4580
    0.0493     -4.4450
    0.0547     -4.4320
    0.0586     -4.4190
    0.0604     -4.4060
    0.0607     -4.3930
    0.0603     -4.3800
    0.0602     -4.3670
    0.0608     -4.3540
    0.0616     -4.3410
    0.0621     -4.3280
    0.0617     -4.3150
    0.0608     -4.3020
    0.0601     -4.2890
    0.0605     -4.2760
    0.0620     -4.2630
    0.0645     -4.2500
    0.0671     -4.2370
    0.0693     -4.2240
    0.0708     -4.2110
    0.0716     -4.1980
    0.0719     -4.1850
    0.0721     -4.1720
    0.0725     -4.1590
    0.0733     -4.1460
    0.0746     -4.1330
    0.0762     -4.1200
    0.0775     -4.1070
    0.0779     -4.0940
    0.0778     -4.0810
    0.0784     -4.0680
    0.0814     -4.0550
    0.0881     -4.0420
    0.0981     -4.0290
    0.1096     -4.0160
    0.1199     -4.0030
    0.1266     -3.9900
    0.1290     -3.9770
    0.1280     -3.9640
    0.1255     -3.9510
    0.1235     -3.9380
    0.1238     -3.9250
    0.1282     -3.9120
    0.1381     -3.8990
    0.1539     -3.8860
    0.1750     -3.8730
    0.1994     -3.8600
    0.2249     -3.8470
    0.2495     -3.8340
    0.2714     -3.8210
    0.2893     -3.8080
    0.3032     -3.7950
    0.3146     -3.7820
    0.3261     -3.7690
    0.3400     -3.7560
    0.3574     -3.7430
    0.3775     -3.7300
    0.3979     -3.7170
    0.4151     -3.7040
    0.4252     -3.6910
    0.4258     -3.6780
    0.4164     -3.6650
    0.3982     -3.6520
    0.3731     -3.6390
    0.3425     -3.6260
    0.3071     -3.6130
    0.2686     -3.6000
    0.2307     -3.5870
    0.1989     -3.5740
    0.1787     -3.5610
    0.1731     -3.5480
    0.1810     -3.5350
    0.1984     -3.5220
    0.2200     -3.5090
    0.2419     -3.4960
    0.2625     -3.4830
    0.2811     -3.4700
    0.2961     -3.4570
    0.3046     -3.4440
    0.3039     -3.4310
    0.2938     -3.4180
    0.2771     -3.4050
    0.2579     -3.3920
    0.2397     -3.3790
    0.2241     -3.3660
    0.2106     -3.3530
    0.1978     -3.3400
    0.1848     -3.3270
    0.1723     -3.3140
    0.1618     -3.3010
    0.1549     -3.2880
    0.1520     -3.2750
    0.1523     -3.2620
    0.1546     -3.2490
    0.1573     -3.2360
    0.1588     -3.2230
    0.1575     -3.2100
    0.1529     -3.1970
    0.1458     -3.1840
    0.1391     -3.1710
    0.1360     -3.1580
    0.1387     -3.1450
    0.1472     -3.1320
    0.1594     -3.1190
    0.1726     -3.1060
    0.1840     -3.0930
    0.1917     -3.0800
    0.1949     -3.0670
    0.1941     -3.0540
    0.1911     -3.0410
    0.1883     -3.0280
    0.1877     -3.0150
    0.1902     -3.0020
    0.1950     -2.9890
    0.2007     -2.9760
    0.2056     -2.9630
    0.2090     -2.9500
    0.2118     -2.9370
    0.2159     -2.9240
    0.2222     -2.9110
    0.2296     -2.8980
    0.2345     -2.8850
    0.2330     -2.8720
    0.2225     -2.8590
    0.2038     -2.8460
    0.1807     -2.8330
    0.1581     -2.8200
    0.1403     -2.8070
    0.1289     -2.7940
    0.1230     -2.7810
    0.1204     -2.7680
    0.1189     -2.7550
    0.1177     -2.7420
    0.1168     -2.7290
    0.1171     -2.7160
    0.1191     -2.7030
    0.1222     -2.6900
    0.1250     -2.6770
    0.1257     -2.6640
    0.1236     -2.6510
    0.1191     -2.6380
    0.1135     -2.6250
    0.1087     -2.6120
    0.1056     -2.5990
    0.1044     -2.5860
    0.1044     -2.5730
    0.1044     -2.5600
    0.1033     -2.5470
    0.1004     -2.5340
    0.0955     -2.5210
    0.0890     -2.5080
    0.0814     -2.4950
    0.0738     -2.4820
    0.0677     -2.4690
    0.0644     -2.4560
    0.0651     -2.4430
    0.0707     -2.4300
    0.0818     -2.4170
    0.0985     -2.4040
    0.1201     -2.3910
    0.1446     -2.3780
    0.1687     -2.3650
    0.1886     -2.3520
    0.2011     -2.3390
    0.2049     -2.3260
    0.2009     -2.3130
    0.1921     -2.3000
    0.1819     -2.2870
    0.1729     -2.2740
    0.1661     -2.2610
    0.1610     -2.2480
    0.1571     -2.2350
    0.1544     -2.2220
    0.1538     -2.2090
    0.1559     -2.1960
    0.1603     -2.1830
    0.1655     -2.1700
    0.1695     -2.1570
    0.1713     -2.1440
    0.1712     -2.1310
    0.1711     -2.1180
    0.1737     -2.1050
    0.1817     -2.0920
    0.1976     -2.0790
    0.2215     -2.0660
    0.2511     -2.0530
    0.2818     -2.0400
    0.3080     -2.0270
    0.3260     -2.0140
    0.3354     -2.0010
    0.3385     -1.9880
    0.3385     -1.9750
    0.3374     -1.9620
    0.3350     -1.9490
    0.3299     -1.9360
    0.3208     -1.9230
    0.3074     -1.9100
    0.2905     -1.8970
    0.2720     -1.8840
    0.2538     -1.8710
    0.2369     -1.8580
    0.2216     -1.8450
    0.2079     -1.8320
    0.1961     -1.8190
    0.1874     -1.8060
    0.1829     -1.7930
    0.1826     -1.7800
    0.1846     -1.7670
    0.1863     -1.7540
    0.1855     -1.7410
    0.1819     -1.7280
    0.1763     -1.7150
    0.1695     -1.7020
    0.1619     -1.6890
    0.1531     -1.6760
    0.1425     -1.6630
    0.1301     -1.6500
    0.1174     -1.6370
    0.1070     -1.6240
    0.1015     -1.6110
    0.1021     -1.5980
    0.1079     -1.5850
    0.1162     -1.5720
    0.1235     -1.5590
    0.1272     -1.5460
    0.1261     -1.5330
    0.1210     -1.5200
    0.1137     -1.5070
    0.1059     -1.4940
    0.0985     -1.4810
    0.0912     -1.4680
    0.0832     -1.4550
    0.0739     -1.4420
    0.0634     -1.4290
    0.0526     -1.4160
    0.0426     -1.4030
    0.0345     -1.3900
    0.0286     -1.3770
    0.0248     -1.3640
    0.0231     -1.3510
    0.0237     -1.3380
    0.0269     -1.3250
    0.0328     -1.3120
    0.0400     -1.2990
    0.0467     -1.2860
    0.0506     -1.2730
    0.0508     -1.2600
    0.0475     -1.2470
    0.0421     -1.2340
    0.0361     -1.2210
    0.0308     -1.2080
    0.0271     -1.1950
    0.0258     -1.1820
    0.0274     -1.1690
    0.0320     -1.1560
    0.0388     -1.1430
    0.0459     -1.1300
    0.0514     -1.1170
    0.0534     -1.1040
    0.0509     -1.0910
    0.0445     -1.0780
    0.0356     -1.0650
    0.0268     -1.0520
    0.0200     -1.0390
    0.0164     -1.0260
    0.0158     -1.0130
    0.0175     -1.0000
    0.0207     -0.9870
    0.0245     -0.9740
    0.0283     -0.9610
    0.0308     -0.9480
    0.0311     -0.9350
    0.0290     -0.9220
    0.0255     -0.9090
    0.0224     -0.8960
    0.0216     -0.8830
    0.0243     -0.8700
    0.0296     -0.8570
    0.0356     -0.8440
    0.0399     -0.8310
    0.0409     -0.8180
    0.0386     -0.8050
    0.0345     -0.7920
    0.0304     -0.7790
    0.0274     -0.7660
    0.0257     -0.7530
    0.0248     -0.7400
    0.0245     -0.7270
    0.0253     -0.7140
    0.0281     -0.7010
    0.0337     -0.6880
    0.0416     -0.6750
    0.0503     -0.6620
    0.0575     -0.6490
    0.0617     -0.6360
    0.0621     -0.6230
    0.0599     -0.6100
    0.0569     -0.5970
    0.0558     -0.5840
    0.0584     -0.5710
    0.0653     -0.5580
    0.0757     -0.5450
    0.0871     -0.5320
    0.0967     -0.5190
    0.1021     -0.5060
    0.1018     -0.4930
    0.0954     -0.4800
    0.0840     -0.4670
    0.0696     -0.4540
    0.0553     -0.4410
    0.0441     -0.4280
    0.0382     -0.4150
    0.0381     -0.4020
    0.0421     -0.3890
    0.0469     -0.3760
    0.0492     -0.3630
    0.0477     -0.3500
    0.0437     -0.3370
    0.0411     -0.3240
    0.0437     -0.3110
    0.0532     -0.2980
    0.0683     -0.2850
    0.0852     -0.2720
    0.1004     -0.2590
    0.1130     -0.2460
    0.1251     -0.2330
    0.1390     -0.2200
    0.1547     -0.2070
    0.1693     -0.1940
    0.1794     -0.1810
    0.1836     -0.1680
    0.1829     -0.1550
    0.1795     -0.1420
    0.1749     -0.1290
    0.1690     -0.1160
    0.1612     -0.1030
    0.1506     -0.0900
    0.1369     -0.0770
    0.1203     -0.0640
    0.1016     -0.0510
    0.0821     -0.0380
    0.0635     -0.0250
    0.0468     -0.0120
    0.0328      0.0010
    0.0218      0.0140
    0.0137      0.0270
    0.0084      0.0400
    0.0061      0.0530
    0.0065      0.0660
    0.0098      0.0790
    0.0158      0.0920
    0.0240      0.1050
    0.0334      0.1180
    0.0434      0.1310
    0.0536      0.1440
    0.0643      0.1570
    0.0755      0.1700
    0.0862      0.1830
    0.0950      0.1960
    0.1014      0.2090
    0.1066      0.2220
    0.1139      0.2350
    0.1268      0.2480
    0.1470      0.2610
    0.1735      0.2740
    0.2038      0.2870
    0.2347      0.3000
    0.2634      0.3130
    0.2874      0.3260
    0.3032      0.3390
    0.3076      0.3520
    0.2982      0.3650
    0.2759      0.3780
    0.2445      0.3910
    0.2099      0.4040
    0.1780      0.4170
    0.1525      0.4300
    0.1341      0.4430
    0.1206      0.4560
    0.1090      0.4690
    0.0976      0.4820
    0.0878      0.4950
    0.0824      0.5080
    0.0839      0.5210
    0.0919      0.5340
    0.1038      0.5470
    0.1161      0.5600
    0.1260      0.5730
    0.1318      0.5860
    0.1324      0.5990
    0.1277      0.6120
    0.1187      0.6250
    0.1079      0.6380
    0.0979      0.6510
    0.0898      0.6640
    0.0832      0.6770
    0.0767      0.6900
    0.0696      0.7030
    0.0622      0.7160
    0.0562      0.7290
    0.0538      0.7420
    0.0581      0.7550
    0.0725      0.7680
    0.0996      0.7810
    0.1390      0.7940
    0.1856      0.8070
    0.2299      0.8200
    0.2618      0.8330
    0.2741      0.8460
    0.2663      0.8590
    0.2451      0.8720
    0.2211      0.8850
    0.2035      0.8980
    0.1953      0.9110
    0.1938      0.9240
    0.1940      0.9370
    0.1924      0.9500
    0.1888      0.9630
    0.1841      0.9760
    0.1782      0.9890
    0.1693      1.0020
    0.1551      1.0150
    0.1355      1.0280
    0.1123      1.0410
    0.0898      1.0540
    0.0728      1.0670
    0.0658      1.0800
    0.0710      1.0930
    0.0886      1.1060
    0.1163      1.1190
    0.1514      1.1320
    0.1907      1.1450
    0.2313      1.1580
    0.2696      1.1710
    0.3008      1.1840
    0.3199      1.1970
    0.3229      1.2100
    0.3082      1.2230
    0.2783      1.2360
    0.2398      1.2490
    0.2015      1.2620
    0.1716      1.2750
    0.1547      1.2880
    0.1499      1.3010
    0.1533      1.3140
    0.1606      1.3270
    0.1700      1.3400
    0.1832      1.3530
    0.2034      1.3660
    0.2323      1.3790
    0.2676      1.3920
    0.3027      1.4050
    0.3280      1.4180
    0.3351      1.4310
    0.3200      1.4440
    0.2857      1.4570
    0.2407      1.4700
    0.1952      1.4830
    0.1577      1.4960
    0.1326      1.5090
    0.1197      1.5220
    0.1158      1.5350
    0.1173      1.5480
    0.1222      1.5610
    0.1312      1.5740
    0.1463      1.5870
    0.1693      1.6000
    0.2004      1.6130
    0.2380      1.6260
    0.2782      1.6390
    0.3150      1.6520
    0.3412      1.6650
    0.3504      1.6780
    0.3409      1.6910
    0.3162      1.7040
    0.2832      1.7170
    0.2485      1.7300
    0.2154      1.7430
    0.1843      1.7560
    0.1548      1.7690
    0.1282      1.7820
    0.1082      1.7950
    0.0992      1.8080
    0.1044      1.8210
    0.1233      1.8340
    0.1507      1.8470
    0.1787      1.8600
    0.1996      1.8730
    0.2086      1.8860
    0.2047      1.8990
    0.1901      1.9120
    0.1692      1.9250
    0.1487      1.9380
    0.1363      1.9510
    0.1392      1.9640
    0.1607      1.9770
    0.1975      1.9900
