    0.2727     -8.0000
    0.5135     -7.9800
    0.8173     -7.9600
    0.9710     -7.9400
    0.8457     -7.9200
    0.5409     -7.9000
    0.2687     -7.8800
    0.1677     -7.8600
    0.2931     -7.8400
    0.6786     -7.8200
    1.2792     -7.8000
    1.8769     -7.7800
    2.1768     -7.7600
    2.0569     -7.7400
    1.6657     -7.7200
    1.2880     -7.7000
    1.1783     -7.6800
    1.4252     -7.6600
    1.8765     -7.6400
    2.2747     -7.6200
    2.5053     -7.6000
    2.6072     -7.5800
    2.5516     -7.5600
    2.2277     -7.5400
    1.6949     -7.5200
    1.2056     -7.5000
    0.9077     -7.4800
    0.7188     -7.4600
    0.5334     -7.4400
    0.4116     -7.4200
    0.5515     -7.4000
    1.1333     -7.3800
    2.0746     -7.3600
    2.8748     -7.3400
    2.9438     -7.3200
    2.2267     -7.3000
    1.2783     -7.2800
    0.6956     -7.2600
    0.7235     -7.2400
    1.2840     -7.2200
    2.0322     -7.2000
    2.4543     -7.1800
    2.2359     -7.1600
    1.5520     -7.1400
    0.8573     -7.1200
    0.4727     -7.1000
    0.4319     -7.0800
    0.5778     -7.0600
    0.7216     -7.0400
    0.8138     -7.0200
    1.0039     -7.0000
    1.4614     -6.9800
    2.1487     -6.9600
    2.8298     -6.9400
    3.2311     -6.9200
    3.1629     -6.9000
    2.6551     -6.8800
    2.0212     -6.8600
    1.6035     -6.8400
    1.4668     -6.8200
    1.5055     -6.8000
    1.7597     -6.7800
    2.4381     -6.7600
    3.6379     -6.7400
    5.1106     -6.7200
    6.3739     -6.7000
    7.1647     -6.6800
    7.6217     -6.6600
    7.7796     -6.6400
    7.2449     -6.6200
    5.8106     -6.6000
    4.0019     -6.5800
    2.5766     -6.5600
    1.7907     -6.5400
    1.3952     -6.5200
    1.0869     -6.5000
    0.7960     -6.4800
    0.6537     -6.4600
    0.7986     -6.4400
    1.2552     -6.4200
    1.9496     -6.4000
    2.7086     -6.3800
    3.2262     -6.3600
    3.2346     -6.3400
    2.7936     -6.3200
    2.2370     -6.3000
    1.8171     -6.2800
    1.5570     -6.2600
    1.4255     -6.2400
    1.4792     -6.2200
    1.7254     -6.2000
    1.9544     -6.1800
    1.9172     -6.1600
    1.6525     -6.1400
    1.4529     -6.1200
    1.5100     -6.1000
    1.7617     -6.0800
    2.0945     -6.0600
    2.4533     -6.0400
    2.6741     -6.0200
    2.5029     -6.0000
    1.9163     -5.9800
    1.2010     -5.9600
    0.6840     -5.9400
    0.5492     -5.9200
    0.8651     -5.9000
    1.6133     -5.8800
    2.6681     -5.8600
    3.8618     -5.8400
    5.0987     -5.8200
    6.3364     -5.8000
    7.4758     -5.7800
    8.2824     -5.7600
    8.4343     -5.7400
    7.8269     -5.7200
    6.8092     -5.7000
    5.8518     -5.6800
    5.0661     -5.6600
    4.2800     -5.6400
    3.4429     -5.6200
    2.7394     -5.6000
    2.3903     -5.5800
    2.4749     -5.5600
    2.8584     -5.5400
    3.2020     -5.5200
    3.1567     -5.5000
    2.6616     -5.4800
    2.0194     -5.4600
    1.6465     -5.4400
    1.8112     -5.4200
    2.5711     -5.4000
    3.7818     -5.3800
    5.1184     -5.3600
    6.2341     -5.3400
    6.9168     -5.3200
    7.0261     -5.3000
    6.4872     -5.2800
    5.4739     -5.2600
    4.3764     -5.2400
    3.5328     -5.2200
    3.0958     -5.2000
    3.0434     -5.1800
    3.2059     -5.1600
    3.3589     -5.1400
    3.3579     -5.1200
    3.2338     -5.1000
    3.2442     -5.0800
    3.7777     -5.0600
    5.0205     -5.0400
    6.7106     -5.0200
    8.3558     -5.0000
    9.5944     -4.9800
   10.2315     -4.9600
   10.2281     -4.9400
    9.8572     -4.9200
    9.5777     -4.9000
    9.6314     -4.8800
    9.9378     -4.8600
   10.3034     -4.8400
   10.5975     -4.8200
   10.8496     -4.8000
   11.2285     -4.7800
   11.8463     -4.7600
   12.5672     -4.7400
   13.0437     -4.7200
   13.0920     -4.7000
   13.0272     -4.6800
   13.3008     -4.6600
   13.8141     -4.6400
   14.0316     -4.6200
   13.8278     -4.6000
   13.6970     -4.5800
   13.9875     -4.5600
   14.5465     -4.5400
   15.1681     -4.5200
   15.7770     -4.5000
   16.2434     -4.4800
   16.4374     -4.4600
   16.4189     -4.4400
   16.4127     -4.4200
   16.5920     -4.4000
   16.9780     -4.3800
   17.5406     -4.3600
   18.1990     -4.3400
   18.7978     -4.3200
   19.4078     -4.3000
   20.4325     -4.2800
   21.9442     -4.2600
   23.2898     -4.2400
   23.9477     -4.2200
   24.3338     -4.2000
   25.2212     -4.1800
   26.8066     -4.1600
   28.7334     -4.1400
   30.5925     -4.1200
   32.1014     -4.1000
   33.1575     -4.0800
   33.8692     -4.0600
   34.2892     -4.0400
   34.2461     -4.0200
   33.6264     -4.0000
   32.5416     -3.9800
   31.1601     -3.9600
   29.6182     -3.9400
   28.1065     -3.9200
   26.9763     -3.9000
   26.5200     -3.8800
   26.4566     -3.8600
   26.1140     -3.8400
   25.3672     -3.8200
   24.7986     -3.8000
   24.8144     -3.7800
   25.3360     -3.7600
   26.4985     -3.7400
   28.7639     -3.7200
   31.8765     -3.7000
   34.4278     -3.6800
   35.1589     -3.6600
   34.2457     -3.6400
   32.7003     -3.6200
   31.1655     -3.6000
   29.9929     -3.5800
   29.7564     -3.5600
   30.9106     -3.5400
   33.2460     -3.5200
   35.8937     -3.5000
   37.6805     -3.4800
   37.7610     -3.4600
   36.3283     -3.4400
   34.7991     -3.4200
   35.0048     -3.4000
   37.4119     -3.3800
   40.0976     -3.3600
   40.5318     -3.3400
   38.3536     -3.3200
   35.2424     -3.3000
   32.5618     -3.2800
   30.6751     -3.2600
   29.9335     -3.2400
   30.8551     -3.2200
   33.7302     -3.2000
   38.4239     -3.1800
   43.8824     -3.1600
   48.2685     -3.1400
   50.4758     -3.1200
   50.9262     -3.1000
   50.5025     -3.0800
   49.8158     -3.0600
   49.8076     -3.0400
   51.6006     -3.0200
   54.9551     -3.0000
   57.8667     -2.9800
   58.6796     -2.9600
   58.0298     -2.9400
   57.9658     -2.9200
   59.9667     -2.9000
   64.3116     -2.8800
   70.0083     -2.8600
   74.8287     -2.8400
   77.0204     -2.8200
   77.3735     -2.8000
   78.1071     -2.7800
   79.8654     -2.7600
   81.2729     -2.7400
   81.0034     -2.7200
   79.2591     -2.7000
   77.7598     -2.6800
   78.4349     -2.6600
   81.1733     -2.6400
   82.9560     -2.6200
   80.3588     -2.6000
   73.0420     -2.5800
   63.9042     -2.5600
   55.9654     -2.5400
   50.2104     -2.5200
   46.3127     -2.5000
   43.8617     -2.4800
   42.4141     -2.4600
   41.6407     -2.4400
   41.9367     -2.4200
   44.4520     -2.4000
   50.6034     -2.3800
   60.9156     -2.3600
   73.0804     -2.3400
   81.9452     -2.3200
   83.1428     -2.3000
   76.5892     -2.2800
   66.0683     -2.2600
   56.2642     -2.2400
   50.0924     -2.2200
   47.6858     -2.2000
   47.3837     -2.1800
   47.6076     -2.1600
   47.9532     -2.1400
   49.0778     -2.1200
   51.7606     -2.1000
   55.8608     -2.0800
   60.4049     -2.0600
   64.8284     -2.0400
   69.2099     -2.0200
   73.0410     -2.0000
   75.2053     -1.9800
   75.5359     -1.9600
   75.2538     -1.9400
   75.7525     -1.9200
   77.4535     -1.9000
   79.4929     -1.8800
   80.1039     -1.8600
   77.6790     -1.8400
   72.3532     -1.8200
   66.8816     -1.8000
   64.9331     -1.7800
   67.8848     -1.7600
   73.9542     -1.7400
   80.3755     -1.7200
   85.7466     -1.7000
   90.5048     -1.6800
   95.4844     -1.6600
  100.1948     -1.6400
  102.9666     -1.6200
  102.6650     -1.6000
   99.6057     -1.5800
   94.5912     -1.5600
   87.4598     -1.5400
   77.5187     -1.5200
   65.4689     -1.5000
   53.4615     -1.4800
   42.9401     -1.4600
   33.8914     -1.4400
   26.4516     -1.4200
   21.5814     -1.4000
   19.4711     -1.3800
   18.5689     -1.3600
   17.0409     -1.3400
   14.5254     -1.3200
   12.0157     -1.3000
   10.5228     -1.2800
   10.1645     -1.2600
   10.2789     -1.2400
   10.1271     -1.2200
    9.4864     -1.2000
    8.7585     -1.1800
    8.5588     -1.1600
    9.1464     -1.1400
   10.3072     -1.1200
   11.6627     -1.1000
   12.7633     -1.0800
   13.0209     -1.0600
   12.1450     -1.0400
   10.7545     -1.0200
    9.9327     -1.0000
    9.9349     -0.9800
    9.9513     -0.9600
    9.3542     -0.9400
    8.4600     -0.9200
    7.8144     -0.9000
    7.4385     -0.8800
    7.0255     -0.8600
    6.3736     -0.8400
    5.5721     -0.8200
    5.0079     -0.8000
    5.0399     -0.7800
    5.6732     -0.7600
    6.7066     -0.7400
    7.8909     -0.7200
    8.7869     -0.7000
    8.9662     -0.6800
    8.5823     -0.6600
    8.3426     -0.6400
    8.7551     -0.6200
    9.6499     -0.6000
   10.4108     -0.5800
   10.4186     -0.5600
    9.3761     -0.5400
    7.5395     -0.5200
    5.5977     -0.5000
    4.1288     -0.4800
    3.2413     -0.4600
    2.7630     -0.4400
    2.5452     -0.4200
    2.4742     -0.4000
    2.4296     -0.3800
    2.4326     -0.3600
    2.7016     -0.3400
    3.4367     -0.3200
    4.6323     -0.3000
    6.0807     -0.2800
    7.4429     -0.2600
    8.3975     -0.2400
    8.8702     -0.2200
    9.0588     -0.2000
    9.2016     -0.1800
    9.3504     -0.1600
    9.2698     -0.1400
    8.6431     -0.1200
    7.5654     -0.1000
    6.6474     -0.0800
    6.4151     -0.0600
    6.7715     -0.0400
    7.1808     -0.0200
    7.2368      0.0000
    6.9348      0.0200
    6.4738      0.0400
    5.9759      0.0600
    5.4607      0.0800
    4.9601      0.1000
    4.5374      0.1200
    4.2147      0.1400
    3.9495      0.1600
    3.6751      0.1800
    3.3244      0.2000
    2.8852      0.2200
    2.5012      0.2400
    2.3985      0.2600
    2.6106      0.2800
    2.8572      0.3000
    2.8060      0.3200
    2.4523      0.3400
    2.1273      0.3600
    2.0937      0.3800
    2.2771      0.4000
    2.4720      0.4200
    2.6592      0.4400
    2.9732      0.4600
    3.4434      0.4800
    3.9606      0.5000
    4.4808      0.5200
    5.0913      0.5400
    5.8334      0.5600
    6.5563      0.5800
    7.0380      0.6000
    7.2091      0.6200
    7.1539      0.6400
    6.9573      0.6600
    6.6460      0.6800
    6.2098      0.7000
    5.6208      0.7200
    4.8957      0.7400
    4.2365      0.7600
    4.0307      0.7800
    4.4680      0.8000
    5.1778      0.8200
    5.5000      0.8400
    5.1332      0.8600
    4.3344      0.8800
    3.5430      0.9000
    3.0414      0.9200
    2.9467      0.9400
    3.2440      0.9600
    3.7207      0.9800
    4.0608      1.0000
    4.1407      1.0200
    4.0784      1.0400
    3.9401      1.0600
    3.6706      1.0800
    3.3459      1.1000
    3.1910      1.1200
    3.2962      1.1400
    3.5168      1.1600
    3.7107      1.1800
    3.9412      1.2000
    4.3190      1.2200
    4.7338      1.2400
    4.9219      1.2600
    4.7578      1.2800
    4.3420      1.3000
    3.8572      1.3200
    3.4501      1.3400
    3.1995      1.3600
    3.1128      1.3800
    3.1772      1.4000
    3.4020      1.4200
    3.7480      1.4400
    4.0728      1.4600
    4.2739      1.4800
    4.4705      1.5000
    4.8742      1.5200
    5.4443      1.5400
    5.8850      1.5600
    6.0216      1.5800
    5.9398      1.6000
    5.7575      1.6200
    5.4926      1.6400
    5.1498      1.6600
    4.8033      1.6800
    4.5706      1.7000
    4.4617      1.7200
    4.2634      1.7400
    3.7313      1.7600
    2.9485      1.7800
    2.3457      1.8000
    2.2755      1.8200
    2.6264      1.8400
    2.9424      1.8600
    2.9135      1.8800
    2.6543      1.9000
    2.5074      1.9200
    2.6885      1.9400
    3.1434      1.9600
    3.6220      1.9800
    3.8224      2.0000
