    0.0059     -8.0000
    0.0047     -7.9800
    0.0030     -7.9600
    0.0027     -7.9400
    0.0046     -7.9200
    0.0083     -7.9000
    0.0119     -7.8800
    0.0136     -7.8600
    0.0138     -7.8400
    0.0143     -7.8200
    0.0148     -7.8000
    0.0133     -7.7800
    0.0092     -7.7600
    0.0048     -7.7400
    0.0024     -7.7200
    0.0027     -7.7000
    0.0059     -7.6800
    0.0120     -7.6600
    0.0198     -7.6400
    0.0267     -7.6200
    0.0299     -7.6000
    0.0296     -7.5800
    0.0308     -7.5600
    0.0383     -7.5400
    0.0508     -7.5200
    0.0604     -7.5000
    0.0614     -7.4800
    0.0550     -7.4600
    0.0471     -7.4400
    0.0426     -7.4200
    0.0429     -7.4000
    0.0482     -7.3800
    0.0575     -7.3600
    0.0656     -7.3400
    0.0669     -7.3200
    0.0640     -7.3000
    0.0639     -7.2800
    0.0715     -7.2600
    0.0923     -7.2400
    0.1317     -7.2200
    0.1792     -7.2000
    0.2099     -7.1800
    0.2130     -7.1600
    0.2034     -7.1400
    0.1963     -7.1200
    0.1918     -7.1000
    0.1856     -7.0800
    0.1772     -7.0600
    0.1687     -7.0400
    0.1653     -7.0200
    0.1697     -7.0000
    0.1733     -6.9800
    0.1633     -6.9600
    0.1382     -6.9400
    0.1072     -6.9200
    0.0768     -6.9000
    0.0490     -6.8800
    0.0268     -6.8600
    0.0136     -6.8400
    0.0096     -6.8200
    0.0128     -6.8000
    0.0204     -6.7800
    0.0296     -6.7600
    0.0380     -6.7400
    0.0442     -6.7200
    0.0479     -6.7000
    0.0513     -6.6800
    0.0647     -6.6600
    0.1169     -6.6400
    0.2518     -6.6200
    0.4831     -6.6000
    0.7306     -6.5800
    0.8446     -6.5600
    0.7462     -6.5400
    0.5135     -6.5200
    0.2910     -6.5000
    0.1578     -6.4800
    0.1068     -6.4600
    0.1007     -6.4400
    0.1099     -6.4200
    0.1162     -6.4000
    0.1102     -6.3800
    0.0931     -6.3600
    0.0732     -6.3400
    0.0581     -6.3200
    0.0504     -6.3000
    0.0499     -6.2800
    0.0551     -6.2600
    0.0628     -6.2400
    0.0698     -6.2200
    0.0771     -6.2000
    0.0889     -6.1800
    0.1067     -6.1600
    0.1246     -6.1400
    0.1331     -6.1200
    0.1267     -6.1000
    0.1108     -6.0800
    0.0998     -6.0600
    0.1039     -6.0400
    0.1202     -6.0200
    0.1360     -6.0000
    0.1414     -5.9800
    0.1372     -5.9600
    0.1326     -5.9400
    0.1357     -5.9200
    0.1492     -5.9000
    0.1754     -5.8800
    0.2221     -5.8600
    0.2935     -5.8400
    0.3723     -5.8200
    0.4226     -5.8000
    0.4209     -5.7800
    0.3755     -5.7600
    0.3141     -5.7400
    0.2609     -5.7200
    0.2262     -5.7000
    0.2068     -5.6800
    0.1930     -5.6600
    0.1780     -5.6400
    0.1608     -5.6200
    0.1434     -5.6000
    0.1274     -5.5800
    0.1153     -5.5600
    0.1147     -5.5400
    0.1335     -5.5200
    0.1735     -5.5000
    0.2272     -5.4800
    0.2808     -5.4600
    0.3213     -5.4400
    0.3440     -5.4200
    0.3554     -5.4000
    0.3610     -5.3800
    0.3564     -5.3600
    0.3347     -5.3400
    0.3036     -5.3200
    0.2872     -5.3000
    0.3057     -5.2800
    0.3523     -5.2600
    0.3936     -5.2400
    0.4006     -5.2200
    0.3785     -5.2000
    0.3549     -5.1800
    0.3446     -5.1600
    0.3405     -5.1400
    0.3321     -5.1200
    0.3165     -5.1000
    0.2986     -5.0800
    0.2872     -5.0600
    0.2888     -5.0400
    0.3040     -5.0200
    0.3279     -5.0000
    0.3510     -4.9800
    0.3628     -4.9600
    0.3605     -4.9400
    0.3494     -4.9200
    0.3335     -4.9000
    0.3121     -4.8800
    0.2923     -4.8600
    0.2895     -4.8400
    0.3100     -4.8200
    0.3395     -4.8000
    0.3571     -4.7800
    0.3565     -4.7600
    0.3500     -4.7400
    0.3532     -4.7200
    0.3695     -4.7000
    0.3889     -4.6800
    0.3951     -4.6600
    0.3726     -4.6400
    0.3237     -4.6200
    0.2737     -4.6000
    0.2481     -4.5800
    0.2461     -4.5600
    0.2458     -4.5400
    0.2290     -4.5200
    0.1979     -4.5000
    0.1687     -4.4800
    0.1539     -4.4600
    0.1560     -4.4400
    0.1747     -4.4200
    0.2049     -4.4000
    0.2324     -4.3800
    0.2468     -4.3600
    0.2542     -4.3400
    0.2661     -4.3200
    0.2841     -4.3000
    0.3033     -4.2800
    0.3224     -4.2600
    0.3407     -4.2400
    0.3490     -4.2200
    0.3388     -4.2000
    0.3174     -4.1800
    0.3026     -4.1600
    0.3049     -4.1400
    0.3213     -4.1200
    0.3417     -4.1000
    0.3566     -4.0800
    0.3666     -4.0600
    0.3865     -4.0400
    0.4295     -4.0200
    0.4913     -4.0000
    0.5590     -3.9800
    0.6237     -3.9600
    0.6767     -3.9400
    0.7082     -3.9200
    0.7152     -3.9000
    0.6984     -3.8800
    0.6550     -3.8600
    0.5875     -3.8400
    0.5113     -3.8200
    0.4425     -3.8000
    0.3909     -3.7800
    0.3686     -3.7600
    0.3861     -3.7400
    0.4372     -3.7200
    0.5000     -3.7000
    0.5515     -3.6800
    0.5794     -3.6600
    0.5902     -3.6400
    0.6043     -3.6200
    0.6345     -3.6000
    0.6758     -3.5800
    0.7180     -3.5600
    0.7594     -3.5400
    0.8073     -3.5200
    0.8682     -3.5000
    0.9299     -3.4800
    0.9598     -3.4600
    0.9324     -3.4400
    0.8556     -3.4200
    0.7643     -3.4000
    0.6990     -3.3800
    0.6830     -3.3600
    0.7110     -3.3400
    0.7623     -3.3200
    0.8225     -3.3000
    0.8875     -3.2800
    0.9570     -3.2600
    1.0285     -3.2400
    1.0910     -3.2200
    1.1292     -3.2000
    1.1457     -3.1800
    1.1592     -3.1600
    1.1668     -3.1400
    1.1324     -3.1200
    1.0326     -3.1000
    0.8955     -3.0800
    0.7787     -3.0600
    0.7231     -3.0400
    0.7340     -3.0200
    0.7881     -3.0000
    0.8482     -2.9800
    0.8773     -2.9600
    0.8548     -2.9400
    0.7887     -2.9200
    0.7089     -2.9000
    0.6413     -2.8800
    0.6006     -2.8600
    0.6017     -2.8400
    0.6548     -2.8200
    0.7423     -2.8000
    0.8194     -2.7800
    0.8484     -2.7600
    0.8268     -2.7400
    0.7855     -2.7200
    0.7651     -2.7000
    0.7849     -2.6800
    0.8266     -2.6600
    0.8544     -2.6400
    0.8553     -2.6200
    0.8499     -2.6000
    0.8647     -2.5800
    0.9050     -2.5600
    0.9531     -2.5400
    0.9843     -2.5200
    0.9921     -2.5000
    0.9953     -2.4800
    1.0136     -2.4600
    1.0424     -2.4400
    1.0594     -2.4200
    1.0520     -2.4000
    1.0268     -2.3800
    0.9974     -2.3600
    0.9700     -2.3400
    0.9432     -2.3200
    0.9155     -2.3000
    0.8907     -2.2800
    0.8732     -2.2600
    0.8641     -2.2400
    0.8681     -2.2200
    0.8931     -2.2000
    0.9336     -2.1800
    0.9658     -2.1600
    0.9609     -2.1400
    0.9047     -2.1200
    0.8123     -2.1000
    0.7244     -2.0800
    0.6803     -2.0600
    0.6863     -2.0400
    0.7132     -2.0200
    0.7279     -2.0000
    0.7230     -1.9800
    0.7183     -1.9600
    0.7366     -1.9400
    0.7779     -1.9200
    0.8215     -1.9000
    0.8543     -1.8800
    0.8842     -1.8600
    0.9233     -1.8400
    0.9650     -1.8200
    0.9857     -1.8000
    0.9656     -1.7800
    0.9097     -1.7600
    0.8503     -1.7400
    0.8308     -1.7200
    0.8803     -1.7000
    1.0035     -1.6800
    1.2013     -1.6600
    1.4876     -1.6400
    1.8540     -1.6200
    2.2327     -1.6000
    2.5335     -1.5800
    2.7259     -1.5600
    2.8819     -1.5400
    3.1454     -1.5200
    3.6168     -1.5000
    4.1949     -1.4800
    4.5598     -1.4600
    4.4362     -1.4400
    3.9110     -1.4200
    3.3657     -1.4000
    3.0761     -1.3800
    3.0210     -1.3600
    3.0459     -1.3400
    3.0063     -1.3200
    2.7928     -1.3000
    2.4130     -1.2800
    2.0126     -1.2600
    1.7144     -1.2400
    1.5083     -1.2200
    1.3283     -1.2000
    1.1326     -1.1800
    0.9001     -1.1600
    0.6423     -1.1400
    0.4167     -1.1200
    0.2730     -1.1000
    0.2011     -1.0800
    0.1574     -1.0600
    0.1183     -1.0400
    0.0955     -1.0200
    0.1244     -1.0000
    0.2470     -0.9800
    0.4825     -0.9600
    0.7966     -0.9400
    1.1072     -0.9200
    1.3267     -0.9000
    1.4026     -0.8800
    1.3346     -0.8600
    1.1638     -0.8400
    0.9476     -0.8200
    0.7427     -0.8000
    0.5843     -0.7800
    0.4712     -0.7600
    0.3904     -0.7400
    0.3493     -0.7200
    0.3602     -0.7000
    0.4073     -0.6800
    0.4456     -0.6600
    0.4347     -0.6400
    0.3756     -0.6200
    0.3070     -0.6000
    0.2625     -0.5800
    0.2390     -0.5600
    0.2124     -0.5400
    0.1732     -0.5200
    0.1375     -0.5000
    0.1233     -0.4800
    0.1263     -0.4600
    0.1269     -0.4400
    0.1164     -0.4200
    0.1067     -0.4000
    0.1162     -0.3800
    0.1591     -0.3600
    0.2442     -0.3400
    0.3608     -0.3200
    0.4700     -0.3000
    0.5371     -0.2800
    0.5639     -0.2600
    0.5726     -0.2400
    0.5729     -0.2200
    0.5659     -0.2000
    0.5641     -0.1800
    0.5807     -0.1600
    0.6092     -0.1400
    0.6297     -0.1200
    0.6281     -0.1000
    0.6005     -0.0800
    0.5507     -0.0600
    0.4925     -0.0400
    0.4459     -0.0200
    0.4216      0.0000
    0.4142      0.0200
    0.4100      0.0400
    0.4036      0.0600
    0.4121      0.0800
    0.4692      0.1000
    0.5855      0.1200
    0.7153      0.1400
    0.7921      0.1600
    0.7951      0.1800
    0.7492      0.2000
    0.6796      0.2200
    0.6069      0.2400
    0.5544      0.2600
    0.5163      0.2800
    0.4541      0.3000
    0.3593      0.3200
    0.2837      0.3400
    0.2809      0.3600
    0.3404      0.3800
    0.3967      0.4000
    0.3966      0.4200
    0.3404      0.4400
    0.2645      0.4600
    0.2002      0.4800
    0.1545      0.5000
    0.1172      0.5200
    0.0802      0.5400
    0.0495      0.5600
    0.0412      0.5800
    0.0738      0.6000
    0.1584      0.6200
    0.2820      0.6400
    0.3993      0.6600
    0.4571      0.6800
    0.4364      0.7000
    0.3644      0.7200
    0.2863      0.7400
    0.2270      0.7600
    0.1836      0.7800
    0.1496      0.8000
    0.1325      0.8200
    0.1412      0.8400
    0.1709      0.8600
    0.2059      0.8800
    0.2278      0.9000
    0.2233      0.9200
    0.1939      0.9400
    0.1548      0.9600
    0.1193      0.9800
    0.0923      1.0000
    0.0771      1.0200
    0.0763      1.0400
    0.0846      1.0600
    0.0910      1.0800
    0.0902      1.1000
    0.0852      1.1200
    0.0831      1.1400
    0.0877      1.1600
    0.0957      1.1800
    0.1056      1.2000
    0.1246      1.2200
    0.1568      1.2400
    0.1893      1.2600
    0.2017      1.2800
    0.1847      1.3000
    0.1457      1.3200
    0.1019      1.3400
    0.0715      1.3600
    0.0649      1.3800
    0.0805      1.4000
    0.1083      1.4200
    0.1380      1.4400
    0.1632      1.4600
    0.1827      1.4800
    0.1975      1.5000
    0.2066      1.5200
    0.2075      1.5400
    0.2032      1.5600
    0.1990      1.5800
    0.1936      1.6000
    0.1767      1.6200
    0.1433      1.6400
    0.1040      1.6600
    0.0757      1.6800
    0.0628      1.7000
    0.0563      1.7200
    0.0506      1.7400
    0.0507      1.7600
    0.0640      1.7800
    0.0915      1.8000
    0.1265      1.8200
    0.1590      1.8400
    0.1797      1.8600
    0.1824      1.8800
    0.1681      1.9000
    0.1496      1.9200
    0.1438      1.9400
    0.1543      1.9600
    0.1650      1.9800
    0.1577      2.0000
