    0.5837     -8.0000
    0.4354     -7.9800
    0.2878     -7.9600
    0.2994     -7.9400
    0.5423     -7.9200
    0.9350     -7.9000
    1.2523     -7.8800
    1.3315     -7.8600
    1.2789     -7.8400
    1.3001     -7.8200
    1.3570     -7.8000
    1.2237     -7.7800
    0.8523     -7.7600
    0.4454     -7.7400
    0.2002     -7.7200
    0.1702     -7.7000
    0.3363     -7.6800
    0.6484     -7.6600
    0.9890     -7.6400
    1.2067     -7.6200
    1.2463     -7.6000
    1.2345     -7.5800
    1.4051     -7.5600
    1.8690     -7.5400
    2.4254     -7.5200
    2.6941     -7.5000
    2.5014     -7.4800
    2.0650     -7.4600
    1.7422     -7.4400
    1.6669     -7.4200
    1.7040     -7.4000
    1.7185     -7.3800
    1.7195     -7.3600
    1.6965     -7.3400
    1.5786     -7.3200
    1.4252     -7.3000
    1.3998     -7.2800
    1.5542     -7.2600
    1.8448     -7.2400
    2.2632     -7.2200
    2.7633     -7.2000
    3.2216     -7.1800
    3.6269     -7.1600
    4.0553     -7.1400
    4.3583     -7.1200
    4.2562     -7.1000
    3.7910     -7.0800
    3.3297     -7.0600
    3.1704     -7.0400
    3.3651     -7.0200
    3.7733     -7.0000
    4.1432     -6.9800
    4.2750     -6.9600
    4.1634     -6.9400
    3.8705     -6.9200
    3.3489     -6.9000
    2.5830     -6.8800
    1.7708     -6.8600
    1.2219     -6.8400
    1.1853     -6.8200
    1.7480     -6.8000
    2.7424     -6.7800
    3.7613     -6.7600
    4.3996     -6.7400
    4.5477     -6.7200
    4.4068     -6.7000
    4.2503     -6.6800
    4.2634     -6.6600
    4.6016     -6.6400
    5.4957     -6.6200
    7.0702     -6.6000
    8.8651     -6.5800
    9.8869     -6.5600
    9.6111     -6.5400
    8.6352     -6.5200
    7.9664     -6.5000
    8.1164     -6.4800
    9.1238     -6.4600
   10.8013     -6.4400
   12.5626     -6.4200
   13.5310     -6.4000
   13.2521     -6.3800
   12.0712     -6.3600
   10.7012     -6.3400
    9.6693     -6.3200
    9.1798     -6.3000
    9.2575     -6.2800
    9.8223     -6.2600
   10.6708     -6.2400
   11.7285     -6.2200
   13.3519     -6.2000
   15.8352     -6.1800
   18.4997     -6.1600
   19.8648     -6.1400
   18.9499     -6.1200
   16.1910     -6.1000
   13.2005     -6.0800
   11.6804     -6.0600
   12.2630     -6.0400
   14.2633     -6.0200
   16.4157     -6.0000
   17.7376     -5.9800
   18.0701     -5.9600
   18.1557     -5.9400
   18.8627     -5.9200
   20.0460     -5.9000
   20.7466     -5.8800
   20.7822     -5.8600
   21.2226     -5.8400
   22.9091     -5.8200
   25.3863     -5.8000
   27.5744     -5.7800
   28.8430     -5.7600
   29.3906     -5.7400
   29.9013     -5.7200
   30.6483     -5.7000
   31.0362     -5.6800
   30.3956     -5.6600
   28.9397     -5.6400
   27.4387     -5.6200
   26.0098     -5.6000
   23.9751     -5.5800
   21.3162     -5.5600
   19.2898     -5.5400
   19.0103     -5.5200
   20.4175     -5.5000
   22.8737     -5.4800
   25.6862     -5.4600
   27.9301     -5.4400
   28.7391     -5.4200
   28.0606     -5.4000
   26.5561     -5.3800
   24.7397     -5.3600
   22.8414     -5.3400
   21.4373     -5.3200
   21.4260     -5.3000
   22.9635     -5.2800
   24.7002     -5.2600
   24.6712     -5.2400
   22.2286     -5.2200
   18.6800     -5.2000
   15.8215     -5.1800
   14.4727     -5.1600
   14.5864     -5.1400
   15.8720     -5.1200
   17.8732     -5.1000
   20.0475     -5.0800
   22.1088     -5.0600
   24.0972     -5.0400
   26.1687     -5.0200
   28.2863     -5.0000
   29.9843     -4.9800
   30.7404     -4.9600
   30.5937     -4.9400
   29.9980     -4.9200
   29.1831     -4.9000
   28.0658     -4.8800
   26.7456     -4.8600
   25.6918     -4.8400
   25.4337     -4.8200
   26.2386     -4.8000
   27.8416     -4.7800
   29.5505     -4.7600
   31.0381     -4.7400
   32.6666     -4.7200
   34.5296     -4.7000
   35.7626     -4.6800
   35.2135     -4.6600
   32.5108     -4.6400
   28.7315     -4.6200
   25.9506     -4.6000
   25.4269     -4.5800
   26.3602     -4.5600
   26.7255     -4.5400
   25.2051     -4.5200
   22.4494     -4.5000
   20.3052     -4.4800
   19.8660     -4.4600
   21.1041     -4.4400
   23.8485     -4.4200
   27.5274     -4.4000
   30.5931     -4.3800
   31.9364     -4.3600
   32.2997     -4.3400
   33.0522     -4.3200
   34.4920     -4.3000
   36.3298     -4.2800
   38.6412     -4.2600
   41.1833     -4.2400
   42.7090     -4.2200
   42.2729     -4.2000
   40.6904     -4.1800
   39.6634     -4.1600
   40.0540     -4.1400
   41.6984     -4.1200
   44.0472     -4.1000
   46.3967     -4.0800
   48.2025     -4.0600
   49.5423     -4.0400
   50.7506     -4.0200
   51.6188     -4.0000
   51.7386     -3.9800
   51.4696     -3.9600
   51.6132     -3.9400
   52.3391     -3.9200
   53.1033     -3.9000
   53.0886     -3.8800
   51.3644     -3.8600
   47.5135     -3.8400
   42.3770     -3.8200
   37.6745     -3.8000
   35.0205     -3.7800
   35.2072     -3.7600
   37.7597     -3.7400
   41.2124     -3.7200
   44.0923     -3.7000
   45.3925     -3.6800
   44.4480     -3.6600
   41.3952     -3.6400
   37.6242     -3.6200
   34.8273     -3.6000
   33.6980     -3.5800
   33.8981     -3.5600
   34.7490     -3.5400
   35.6613     -3.5200
   36.3065     -3.5000
   36.6118     -3.4800
   36.3863     -3.4600
   34.9928     -3.4400
   31.9896     -3.4200
   28.2968     -3.4000
   26.0513     -3.3800
   26.7275     -3.3600
   29.6671     -3.3400
   33.0471     -3.3200
   35.9610     -3.3000
   38.6888     -3.2800
   41.3499     -3.2600
   43.3858     -3.2400
   44.2980     -3.2200
   44.2859     -3.2000
   44.1104     -3.1800
   44.3000     -3.1600
   44.3537     -3.1400
   43.1477     -3.1200
   40.4273     -3.1000
   37.3487     -3.0800
   35.3250     -3.0600
   34.9062     -3.0400
   35.7985     -3.0200
   37.2405     -3.0000
   38.1941     -2.9800
   37.7576     -2.9600
   35.8302     -2.9400
   33.3059     -2.9200
   31.3205     -2.9000
   30.2759     -2.8800
   29.8802     -2.8600
   29.9618     -2.8400
   30.6299     -2.8200
   31.7400     -2.8000
   32.8968     -2.7800
   33.9638     -2.7600
   35.1987     -2.7400
   37.0980     -2.7200
   40.0226     -2.7000
   43.4128     -2.6800
   45.7318     -2.6600
   45.8943     -2.6400
   44.3710     -2.6200
   42.4940     -2.6000
   41.3416     -2.5800
   41.4447     -2.5600
   42.6193     -2.5400
   43.9832     -2.5200
   44.8295     -2.5000
   45.2380     -2.4800
   45.5547     -2.4600
   45.9536     -2.4400
   46.4666     -2.4200
   46.6251     -2.4000
   45.3826     -2.3800
   42.1899     -2.3600
   37.9392     -2.3400
   34.3816     -2.3200
   32.8461     -2.3000
   33.6855     -2.2800
   36.4884     -2.2600
   40.3530     -2.2400
   43.9591     -2.2200
   45.8684     -2.2000
   45.3736     -2.1800
   43.1311     -2.1600
   40.5611     -2.1400
   38.6124     -2.1200
   37.5788     -2.1000
   37.9172     -2.0800
   40.4062     -2.0600
   45.1497     -2.0400
   50.6449     -2.0200
   54.4734     -2.0000
   55.5784     -1.9800
   55.4515     -1.9600
   56.0621     -1.9400
   57.2154     -1.9200
   57.3020     -1.9000
   55.7959     -1.8800
   53.5399     -1.8600
   51.2667     -1.8400
   48.8584     -1.8200
   45.7208     -1.8000
   41.4926     -1.7800
   36.4869     -1.7600
   31.6294     -1.7400
   28.0868     -1.7200
   26.6508     -1.7000
   27.0773     -1.6800
   28.0423     -1.6600
   27.9867     -1.6400
   26.1816     -1.6200
   23.0601     -1.6000
   19.6735     -1.5800
   16.9211     -1.5600
   15.1484     -1.5400
   14.3000     -1.5200
   14.2460     -1.5000
   14.6828     -1.4800
   14.8924     -1.4600
   14.2064     -1.4400
   12.7856     -1.4200
   11.4724     -1.4000
   10.8481     -1.3800
   10.8118     -1.3600
   10.9826     -1.3400
   11.0446     -1.3200
   10.8018     -1.3000
   10.3543     -1.2800
   10.0838     -1.2600
   10.1589     -1.2400
   10.2620     -1.2200
    9.8910     -1.2000
    8.6883     -1.1800
    6.6567     -1.1600
    4.3460     -1.1400
    2.5529     -1.1200
    1.6592     -1.1000
    1.4477     -1.0800
    1.4813     -1.0600
    1.4747     -1.0400
    1.4263     -1.0200
    1.5636     -1.0000
    2.1285     -0.9800
    3.1769     -0.9600
    4.5575     -0.9400
    5.9907     -0.9200
    7.1351     -0.9000
    7.6967     -0.8800
    7.6114     -0.8600
    7.0947     -0.8400
    6.4823     -0.8200
    6.0608     -0.8000
    5.9449     -0.7800
    6.0512     -0.7600
    6.3296     -0.7400
    6.9208     -0.7200
    7.8535     -0.7000
    8.7167     -0.6800
    8.8383     -0.6600
    7.8341     -0.6400
    6.0295     -0.6200
    4.2592     -0.6000
    3.1375     -0.5800
    2.6120     -0.5600
    2.2573     -0.5400
    1.8395     -0.5200
    1.4830     -0.5000
    1.3718     -0.4800
    1.4597     -0.4600
    1.5644     -0.4400
    1.6506     -0.4200
    1.8388     -0.4000
    2.1541     -0.3800
    2.5252     -0.3600
    3.0386     -0.3400
    3.8430     -0.3200
    4.7855     -0.3000
    5.4946     -0.2800
    5.8059     -0.2600
    5.8392     -0.2400
    5.7665     -0.2200
    5.7400     -0.2000
    5.9231     -0.1800
    6.4094     -0.1600
    7.1955     -0.1400
    8.2775     -0.1200
    9.6140     -0.1000
   10.9334     -0.0800
   11.7661     -0.0600
   11.8093     -0.0400
   11.1573     -0.0200
   10.1203      0.0000
    8.9152      0.0200
    7.5851      0.0400
    6.1726      0.0600
    4.9106      0.0800
    4.1818      0.1000
    4.1867      0.1200
    4.6614      0.1400
    5.0826      0.1600
    5.1369      0.1800
    4.8576      0.2000
    4.4481      0.2200
    4.1433      0.2400
    4.0572      0.2600
    4.0055      0.2800
    3.6913      0.3000
    3.1936      0.3200
    3.0486      0.3400
    3.6782      0.3600
    4.8307      0.3800
    5.7346      0.4000
    5.8368      0.4200
    5.2558      0.4400
    4.4727      0.4600
    3.7951      0.4800
    3.2040      0.5000
    2.5438      0.5200
    1.7785      0.5400
    1.1077      0.5600
    0.8896      0.5800
    1.5203      0.6000
    3.2831      0.6200
    6.0097      0.6400
    8.8272      0.6600
   10.5428      0.6800
   10.5184      0.7000
    9.1612      0.7200
    7.4786      0.7400
    6.1399      0.7600
    5.1335      0.7800
    4.3112      0.8000
    3.8068      0.8200
    3.7653      0.8400
    4.0720      0.8600
    4.4761      0.8800
    4.7182      0.9000
    4.5914      0.9200
    4.1196      0.9400
    3.5548      0.9600
    3.0620      0.9800
    2.6301      1.0000
    2.3348      1.0200
    2.3717      1.0400
    2.7777      1.0600
    3.3301      1.0800
    3.6906      1.1000
    3.6156      1.1200
    3.1892      1.1400
    2.7728      1.1600
    2.6329      1.1800
    2.8209      1.2000
    3.3251      1.2200
    4.0226      1.2400
    4.6068      1.2600
    4.7866      1.2800
    4.4731      1.3000
    3.7711      1.3200
    2.9689      1.3400
    2.5110      1.3600
    2.7421      1.3800
    3.5719      1.4000
    4.5333      1.4200
    5.2490      1.4400
    5.7209      1.4600
    6.1659      1.4800
    6.6681      1.5000
    7.0056      1.5200
    6.8955      1.5400
    6.3700      1.5600
    5.7093      1.5800
    5.0638      1.6000
    4.3511      1.6200
    3.5436      1.6400
    2.9032      1.6600
    2.7412      1.6800
    2.9614      1.7000
    3.0977      1.7200
    2.8795      1.7400
    2.5375      1.7600
    2.4788      1.7800
    2.8633      1.8000
    3.5716      1.8200
    4.3970      1.8400
    5.1053      1.8600
    5.4033      1.8800
    5.1341      1.9000
    4.5734      1.9200
    4.2564      1.9400
    4.3623      1.9600
    4.4865      1.9800
    4.1777      2.0000
