    0.0000     -8.0000
    0.0000     -7.9810
    0.0000     -7.9620
    0.0000     -7.9430
    0.0000     -7.9240
    0.0000     -7.9050
    0.0000     -7.8860
    0.0000     -7.8670
    0.0000     -7.8480
    0.0000     -7.8290
    0.0000     -7.8100
    0.0000     -7.7910
    0.0000     -7.7720
    0.0000     -7.7530
    0.0000     -7.7340
    0.0000     -7.7150
    0.0000     -7.6960
    0.0000     -7.6770
    0.0000     -7.6580
    0.0000     -7.6390
    0.0000     -7.6200
    0.0000     -7.6010
    0.0000     -7.5820
    0.0000     -7.5630
    0.0000     -7.5440
    0.0000     -7.5250
    0.0000     -7.5060
    0.0000     -7.4870
    0.0000     -7.4680
    0.0000     -7.4490
    0.0000     -7.4300
    0.0000     -7.4110
    0.0000     -7.3920
    0.0000     -7.3730
    0.0000     -7.3540
    0.0000     -7.3350
    0.0000     -7.3160
    0.0000     -7.2970
    0.0000     -7.2780
    0.0002     -7.2590
    0.0012     -7.2400
    0.0054     -7.2210
    0.0193     -7.2020
    0.0553     -7.1830
    0.1311     -7.1640
    0.2616     -7.1450
    0.4356     -7.1260
    0.5922     -7.1070
    0.6505     -7.0880
    0.6030     -7.0690
    0.5533     -7.0500
    0.6127     -7.0310
    0.7745     -7.0120
    0.9270     -6.9930
    0.9619     -6.9740
    0.8431     -6.9550
    0.6172     -6.9360
    0.3983     -6.9170
    0.3196     -6.8980
    0.4623     -6.8790
    0.7868     -6.8600
    1.1073     -6.8410
    1.2120     -6.8220
    1.0740     -6.8030
    0.8706     -6.7840
    0.7483     -6.7650
    0.6710     -6.7460
    0.5426     -6.7270
    0.3770     -6.7080
    0.2892     -6.6890
    0.3835     -6.6700
    0.6826     -6.6510
    1.1057     -6.6320
    1.4755     -6.6130
    1.5941     -6.5940
    1.3884     -6.5750
    0.9979     -6.5560
    0.6617     -6.5370
    0.5082     -6.5180
    0.4943     -6.4990
    0.5202     -6.4800
    0.5401     -6.4610
    0.5750     -6.4420
    0.6636     -6.4230
    0.8082     -6.4040
    0.9856     -6.3850
    1.2128     -6.3660
    1.5300     -6.3470
    1.8818     -6.3280
    2.0980     -6.3090
    2.0547     -6.2900
    1.8153     -6.2710
    1.5885     -6.2520
    1.5675     -6.2330
    1.7791     -6.2140
    2.0681     -6.1950
    2.2861     -6.1760
    2.4808     -6.1570
    2.8151     -6.1380
    3.3432     -6.1190
    4.0435     -6.1000
    5.1161     -6.0810
    6.9770     -6.0620
    9.6784     -6.0430
   12.5109     -6.0240
   14.5764     -6.0050
   15.7536     -5.9860
   16.7551     -5.9670
   18.2733     -5.9480
   20.5455     -5.9290
   23.6681     -5.9100
   27.6074     -5.8910
   31.7869     -5.8720
   35.2826     -5.8530
   37.6885     -5.8340
   39.5271     -5.8150
   41.5568     -5.7960
   43.6595     -5.7770
   44.6345     -5.7580
   43.4263     -5.7390
   40.6121     -5.7200
   38.3172     -5.7010
   38.3642     -5.6820
   40.6341     -5.6630
   43.4395     -5.6440
   45.2894     -5.6250
   46.0211     -5.6060
   46.4526     -5.5870
   47.2381     -5.5680
   48.0171     -5.5490
   47.8167     -5.5300
   46.4307     -5.5110
   44.8717     -5.4920
   44.0687     -5.4730
   43.6512     -5.4540
   42.5195     -5.4350
   40.2650     -5.4160
   37.5701     -5.3970
   35.4083     -5.3780
   34.2542     -5.3590
   33.9444     -5.3400
   33.9025     -5.3210
   33.6443     -5.3020
   33.4354     -5.2830
   34.2618     -5.2640
   36.8231     -5.2450
   40.5964     -5.2260
   44.0972     -5.2070
   46.2478     -5.1880
   47.3062     -5.1690
   48.1227     -5.1500
   48.9384     -5.1310
   49.4793     -5.1120
   49.6116     -5.0930
   49.3201     -5.0740
   48.6874     -5.0550
   48.1664     -5.0360
   48.0687     -5.0170
   47.7411     -4.9980
   46.1680     -4.9790
   43.4383     -4.9600
   40.9078     -4.9410
   39.8433     -4.9220
   40.2540     -4.9030
   41.0345     -4.8840
   40.9871     -4.8650
   39.6900     -4.8460
   37.7363     -4.8270
   36.2913     -4.8080
   36.1131     -4.7890
   36.9082     -4.7700
   37.8722     -4.7510
   38.7563     -4.7320
   40.0730     -4.7130
   42.3241     -4.6940
   45.2516     -4.6750
   47.8245     -4.6560
   49.1019     -4.6370
   49.3869     -4.6180
   50.3437     -4.5990
   53.6000     -4.5800
   59.1774     -4.5610
   65.3701     -4.5420
   70.1547     -4.5230
   72.7238     -4.5040
   73.7764     -4.4850
   74.5527     -4.4660
   75.7932     -4.4470
   77.4647     -4.4280
   78.8922     -4.4090
   78.8734     -4.3900
   76.1349     -4.3710
   70.2957     -4.3520
   62.5946     -4.3330
   55.4110     -4.3140
   50.8066     -4.2950
   49.5102     -4.2760
   50.8915     -4.2570
   53.2984     -4.2380
   54.6860     -4.2190
   53.7660     -4.2000
   50.9274     -4.1810
   47.8019     -4.1620
   45.7967     -4.1430
   45.3121     -4.1240
   46.1282     -4.1050
   47.7143     -4.0860
   49.2578     -4.0670
   50.3268     -4.0480
   51.6009     -4.0290
   54.2340     -4.0100
   58.2989     -3.9910
   62.1988     -3.9720
   63.8189     -3.9530
   62.4199     -3.9340
   59.4156     -3.9150
   56.9683     -3.8960
   55.9815     -3.8770
   55.9881     -3.8580
   56.3877     -3.8390
   56.8441     -3.8200
   57.0690     -3.8010
   57.0971     -3.7820
   57.2878     -3.7630
   57.6150     -3.7440
   57.5397     -3.7250
   56.8451     -3.7060
   56.1655     -3.6870
   56.5509     -3.6680
   58.6405     -3.6490
   62.1353     -3.6300
   65.8760     -3.6110
   68.4839     -3.5920
   69.1424     -3.5730
   67.9254     -3.5540
   65.5026     -3.5350
   62.6490     -3.5160
   59.8928     -3.4970
   57.3875     -3.4780
   55.2376     -3.4590
   53.9928     -3.4400
   54.3865     -3.4210
   56.4245     -3.4020
   59.1815     -3.3830
   61.6035     -3.3640
   63.1306     -3.3450
   63.7706     -3.3260
   64.0999     -3.3070
   64.8436     -3.2880
   65.9240     -3.2690
   66.2341     -3.2500
   64.8368     -3.2310
   62.2300     -3.2120
   60.0247     -3.1930
   59.4376     -3.1740
   60.4961     -3.1550
   62.7757     -3.1360
   66.3032     -3.1170
   71.1235     -3.0980
   76.3044     -3.0790
   80.1574     -3.0600
   81.4477     -3.0410
   79.9859     -3.0220
   76.2257     -3.0030
   70.7379     -2.9840
   64.2416     -2.9650
   57.7972     -2.9460
   52.2936     -2.9270
   47.5730     -2.9080
   42.5366     -2.8890
   36.3820     -2.8700
   29.4840     -2.8510
   22.9788     -2.8320
   17.8534     -2.8130
   14.3892     -2.7940
   11.9768     -2.7750
    9.5887     -2.7560
    6.8257     -2.7370
    4.2681     -2.7180
    2.6642     -2.6990
    2.1249     -2.6800
    2.1508     -2.6610
    2.1505     -2.6420
    1.8483     -2.6230
    1.3299     -2.6040
    0.8573     -2.5850
    0.6954     -2.5660
    1.0245     -2.5470
    1.8733     -2.5280
    3.0913     -2.5090
    4.4656     -2.4900
    5.8605     -2.4710
    7.1105     -2.4520
    7.8386     -2.4330
    7.6506     -2.4140
    6.5693     -2.3950
    5.1254     -2.3760
    3.9396     -2.3570
    3.2317     -2.3380
    2.8005     -2.3190
    2.4581     -2.3000
    2.2782     -2.2810
    2.3516     -2.2620
    2.5367     -2.2430
    2.5710     -2.2240
    2.3101     -2.2050
    1.8479     -2.1860
    1.4722     -2.1670
    1.4145     -2.1480
    1.5972     -2.1290
    1.7160     -2.1100
    1.5891     -2.0910
    1.3240     -2.0720
    1.1554     -2.0530
    1.2289     -2.0340
    1.5179     -2.0150
    1.8733     -1.9960
    2.2225     -1.9770
    2.7217     -1.9580
    3.5293     -1.9390
    4.4801     -1.9200
    5.2705     -1.9010
    5.8860     -1.8820
    6.4738     -1.8630
    6.8742     -1.8440
    6.6988     -1.8250
    5.8452     -1.8060
    4.6115     -1.7870
    3.3757     -1.7680
    2.4231     -1.7490
    1.9651     -1.7300
    2.0572     -1.7110
    2.5158     -1.6920
    3.0293     -1.6730
    3.3408     -1.6540
    3.3451     -1.6350
    3.1177     -1.6160
    2.8472     -1.5970
    2.6308     -1.5780
    2.3488     -1.5590
    1.8465     -1.5400
    1.1897     -1.5210
    0.6191     -1.5020
    0.3124     -1.4830
    0.2894     -1.4640
    0.4787     -1.4450
    0.7866     -1.4260
    1.1640     -1.4070
    1.6632     -1.3880
    2.3651     -1.3690
    3.2457     -1.3500
    4.1739     -1.3310
    4.9234     -1.3120
    5.1524     -1.2930
    4.7074     -1.2740
    4.0395     -1.2550
    3.9198     -1.2360
    4.6097     -1.2170
    5.5808     -1.1980
    6.0686     -1.1790
    5.6940     -1.1600
    4.6136     -1.1410
    3.3061     -1.1220
    2.2257     -1.1030
    1.5762     -1.0840
    1.3725     -1.0650
    1.5688     -1.0460
    2.0184     -1.0270
    2.4321     -1.0080
    2.5567     -0.9890
    2.4220     -0.9700
    2.3306     -0.9510
    2.5496     -0.9320
    3.0097     -0.9130
    3.3527     -0.8940
    3.3531     -0.8750
    3.2060     -0.8560
    3.2039     -0.8370
    3.2562     -0.8180
    3.0530     -0.7990
    2.6149     -0.7800
    2.3345     -0.7610
    2.5063     -0.7420
    3.0352     -0.7230
    3.5565     -0.7040
    3.7770     -0.6850
    3.7563     -0.6660
    3.7977     -0.6470
    4.0637     -0.6280
    4.4463     -0.6090
    4.7522     -0.5900
    4.8220     -0.5710
    4.5633     -0.5520
    4.1187     -0.5330
    3.9603     -0.5140
    4.5012     -0.4950
    5.5134     -0.4760
    6.1923     -0.4570
    5.9912     -0.4380
    5.2432     -0.4190
    4.7934     -0.4000
    5.0990     -0.3810
    5.7977     -0.3620
    6.1526     -0.3430
    5.8760     -0.3240
    5.3872     -0.3050
    5.2201     -0.2860
    5.3539     -0.2670
    5.3079     -0.2480
    4.8840     -0.2290
    4.5938     -0.2100
    5.1269     -0.1910
    6.4832     -0.1720
    7.8636     -0.1530
    8.3987     -0.1340
    7.8265     -0.1150
    6.5288     -0.0960
    5.1586     -0.0770
    4.2725     -0.0580
    4.1199     -0.0390
    4.6556     -0.0200
    5.6837     -0.0010
    6.8706      0.0180
    7.7596      0.0370
    8.1002      0.0560
    8.0695      0.0750
    7.9278      0.0940
    7.6421      0.1130
    7.0689      0.1320
    6.3481      0.1510
    5.8390      0.1700
    5.6554      0.1890
    5.4870      0.2080
    4.9581      0.2270
    4.0488      0.2460
    3.1366      0.2650
    2.6447      0.2840
    2.6738      0.3030
    3.0312      0.3220
    3.5495      0.3410
    4.2249      0.3600
    5.0657      0.3790
    5.9742      0.3980
    6.7932      0.4170
    7.2930      0.4360
    7.1473      0.4550
    6.2181      0.4740
    4.8537      0.4930
    3.6444      0.5120
    2.9972      0.5310
    3.1122      0.5500
    4.0277      0.5690
    5.3792      0.5880
    6.4078      0.6070
    6.5578      0.6260
    5.9591      0.6450
    5.2120      0.6640
    4.8516      0.6830
    4.9968      0.7020
    5.2900      0.7210
    5.1824      0.7400
    4.4214      0.7590
    3.2453      0.7780
    2.1268      0.7970
    1.4473      0.8160
    1.3472      0.8350
    1.6793      0.8540
    2.0823      0.8730
    2.2503      0.8920
    2.2255      0.9110
    2.3490      0.9300
    2.8316      0.9490
    3.4531      0.9680
    3.8121      0.9870
    3.7916      1.0060
    3.6094      1.0250
    3.4855      1.0440
    3.4730      1.0630
    3.5705      1.0820
    3.7846      1.1010
    4.0570      1.1200
    4.2508      1.1390
    4.2466      1.1580
    4.0381      1.1770
    3.7477      1.1960
    3.5106      1.2150
    3.3520      1.2340
    3.2778      1.2530
    3.3786      1.2720
    3.6398      1.2910
    3.7722      1.3100
    3.4791      1.3290
    2.8511      1.3480
    2.3339      1.3670
    2.3478      1.3860
    3.0440      1.4050
    4.2895      1.4240
    5.6944      1.4430
    6.7303      1.4620
    7.0231      1.4810
    6.6338      1.5000
    6.0052      1.5190
    5.4992      1.5380
    5.0459      1.5570
    4.4202      1.5760
    3.6915      1.5950
    3.1106      1.6140
    2.7326      1.6330
    2.4576      1.6520
    2.2871      1.6710
    2.2978      1.6900
    2.5004      1.7090
    2.8411      1.7280
    3.1936      1.7470
    3.3408      1.7660
    3.1768      1.7850
    2.9394      1.8040
    3.0401      1.8230
    3.5953      1.8420
    4.2508      1.8610
    4.5606      1.8800
    4.4379      1.8990
    4.1216      1.9180
    3.8361      1.9370
    3.6675      1.9560
    3.6311      1.9750
    3.6286      1.9940
