    0.5323     -7.9930
    0.3578     -7.9735
    0.2537     -7.9540
    0.3452     -7.9345
    0.6550     -7.9150
    1.0529     -7.8955
    1.3092     -7.8760
    1.3259     -7.8565
    1.2646     -7.8370
    1.3013     -7.8175
    1.3462     -7.7980
    1.1849     -7.7785
    0.8077     -7.7590
    0.4166     -7.7395
    0.1817     -7.7200
    0.1368     -7.7005
    0.2543     -7.6810
    0.4842     -7.6615
    0.7301     -7.6420
    0.8963     -7.6225
    0.9967     -7.6030
    1.1390     -7.5835
    1.3893     -7.5640
    1.7195     -7.5445
    2.0476     -7.5250
    2.2562     -7.5055
    2.2512     -7.4860
    2.0923     -7.4665
    1.9830     -7.4470
    2.0369     -7.4275
    2.1646     -7.4080
    2.4082     -7.3885
    3.4054     -7.3690
    6.2082     -7.3495
   11.1993     -7.3300
   17.0864     -7.3105
   21.3435     -7.2910
   21.9155     -7.2715
   18.5613     -7.2520
   12.9351     -7.2325
    7.5205     -7.2130
    4.0291     -7.1935
    2.5847     -7.1740
    2.3168     -7.1545
    2.3737     -7.1350
    2.3523     -7.1155
    2.2020     -7.0960
    2.0691     -7.0765
    2.1808     -7.0570
    2.5962     -7.0375
    2.9958     -7.0180
    2.9050     -6.9985
    2.2184     -6.9790
    1.3487     -6.9595
    0.8028     -6.9400
    0.7613     -6.9205
    1.0393     -6.9010
    1.2817     -6.8815
    1.2418     -6.8620
    1.0110     -6.8425
    0.9868     -6.8230
    1.5787     -6.8035
    2.8453     -6.7840
    4.3089     -6.7645
    5.2667     -6.7450
    5.4039     -6.7255
    4.9144     -6.7060
    4.0935     -6.6865
    3.1930     -6.6670
    2.5119     -6.6475
    2.1979     -6.6280
    2.0942     -6.6085
    2.0344     -6.5890
    2.1471     -6.5695
    2.7650     -6.5500
    4.0957     -6.5305
    5.9706     -6.5110
    7.9550     -6.4915
    9.7690     -6.4720
   11.4186     -6.4525
   12.7674     -6.4330
   13.2858     -6.4135
   12.5873     -6.3940
   11.0775     -6.3745
    9.6799     -6.3550
    8.9261     -6.3355
    8.6374     -6.3160
    8.5056     -6.2965
    8.6524     -6.2770
    9.3951     -6.2575
   10.7576     -6.2380
   12.6382     -6.2185
   15.0879     -6.1990
   17.7954     -6.1795
   19.6603     -6.1600
   19.5906     -6.1405
   17.5522     -6.1210
   14.5012     -6.1015
   11.7512     -6.0820
   10.5500     -6.0625
   11.4601     -6.0430
   13.8272     -6.0235
   16.2484     -6.0040
   17.5899     -5.9845
   17.6095     -5.9650
   17.0915     -5.9455
   17.2884     -5.9260
   18.5500     -5.9065
   19.7081     -5.8870
   19.6236     -5.8675
   18.8805     -5.8480
   18.9823     -5.8285
   20.4666     -5.8090
   22.6668     -5.7895
   24.7437     -5.7700
   26.3788     -5.7505
   27.7475     -5.7310
   28.9897     -5.7115
   29.7666     -5.6920
   29.5454     -5.6725
   28.2828     -5.6530
   26.6510     -5.6335
   25.3964     -5.6140
   24.4715     -5.5945
   23.3338     -5.5750
   22.1450     -5.5555
   21.7387     -5.5360
   22.2942     -5.5165
   23.1644     -5.4970
   24.1696     -5.4775
   25.8386     -5.4580
   28.0393     -5.4385
   29.5099     -5.4190
   29.2583     -5.3995
   27.5162     -5.3800
   25.0865     -5.3605
   22.8293     -5.3410
   21.7827     -5.3215
   22.5600     -5.3020
   24.4143     -5.2825
   25.5033     -5.2630
   24.3931     -5.2435
   21.3192     -5.2240
   17.7536     -5.2045
   14.9011     -5.1850
   13.1411     -5.1655
   12.5366     -5.1460
   13.0832     -5.1265
   14.5918     -5.1070
   16.7471     -5.0875
   19.2792     -5.0680
   21.9833     -5.0485
   24.6460     -5.0290
   27.0308     -5.0095
   28.8467     -4.9900
   29.8228     -4.9705
   29.9896     -4.9510
   29.6781     -4.9315
   29.1503     -4.9120
   28.4493     -4.8925
   27.5862     -4.8730
   26.6800     -4.8535
   25.9575     -4.8340
   25.7663     -4.8145
   26.4166     -4.7950
   27.7711     -4.7755
   29.2874     -4.7560
   30.7736     -4.7365
   32.6216     -4.7170
   34.8555     -4.6975
   36.4454     -4.6780
   35.9547     -4.6585
   32.8490     -4.6390
   28.4271     -4.6195
   25.1968     -4.6000
   24.6662     -4.5805
   25.9487     -4.5610
   26.7695     -4.5415
   25.5702     -4.5220
   22.7943     -4.5025
   20.2885     -4.4830
   19.3899     -4.4635
   20.1197     -4.4440
   22.2088     -4.4245
   25.4925     -4.4050
   28.9705     -4.3855
   31.1163     -4.3660
   31.7117     -4.3465
   32.0963     -4.3270
   33.3151     -4.3075
   35.2297     -4.2880
   37.5206     -4.2685
   40.1365     -4.2490
   42.3847     -4.2295
   42.9548     -4.2100
   41.5797     -4.1905
   39.6675     -4.1710
   38.7750     -4.1515
   39.3727     -4.1320
   41.1961     -4.1125
   43.7171     -4.0930
   46.1808     -4.0735
   48.0432     -4.0540
   49.4762     -4.0345
   50.8928     -4.0150
   52.0884     -3.9955
   52.5625     -3.9760
   52.5189     -3.9565
   52.6778     -3.9370
   53.2538     -3.9175
   53.7555     -3.8980
   53.4074     -3.8785
   51.4406     -3.8590
   47.7236     -3.8395
   43.4897     -3.8200
   40.9554     -3.8005
   41.8690     -3.7810
   45.9931     -3.7615
   50.8112     -3.7420
   53.5015     -3.7225
   53.3671     -3.7030
   51.5321     -3.6835
   48.7726     -3.6640
   44.9801     -3.6445
   40.4065     -3.6250
   36.1888     -3.6055
   33.5870     -3.5860
   33.1469     -3.5665
   34.3977     -3.5470
   36.2087     -3.5275
   37.5602     -3.5080
   37.9541     -3.4885
   37.2678     -3.4690
   35.5010     -3.4495
   32.6952     -3.4300
   29.1868     -3.4105
   26.0181     -3.3910
   24.7251     -3.3715
   26.2462     -3.3520
   29.9687     -3.3325
   34.0898     -3.3130
   37.0908     -3.2935
   38.7159     -3.2740
   39.5722     -3.2545
   40.2906     -3.2350
   41.1939     -3.2155
   42.3586     -3.1960
   43.7202     -3.1765
   45.0533     -3.1570
   45.7624     -3.1375
   44.9343     -3.1180
   42.1968     -3.0985
   38.5327     -3.0790
   35.6751     -3.0595
   34.6725     -3.0400
   35.3401     -3.0205
   36.7571     -3.0010
   37.9101     -2.9815
   38.1472     -2.9620
   37.3397     -2.9425
   35.7281     -2.9230
   33.7878     -2.9035
   32.0853     -2.8840
   30.8980     -2.8645
   30.0411     -2.8450
   29.2906     -2.8255
   28.8789     -2.8060
   29.3268     -2.7865
   30.7467     -2.7670
   32.5767     -2.7475
   34.3092     -2.7280
   36.3337     -2.7085
   39.3985     -2.6890
   43.1540     -2.6695
   46.0328     -2.6500
   46.7932     -2.6305
   45.5776     -2.6110
   43.4773     -2.5915
   41.7162     -2.5720
   41.1464     -2.5525
   41.7940     -2.5330
   42.8631     -2.5135
   43.5665     -2.4940
   43.8608     -2.4745
   44.2696     -2.4550
   45.2042     -2.4355
   46.4544     -2.4160
   47.1197     -2.3965
   46.1178     -2.3770
   43.0570     -2.3575
   38.7543     -2.3380
   34.8532     -2.3185
   32.8436     -2.2990
   33.2461     -2.2795
   35.4544     -2.2600
   38.3130     -2.2405
   40.8104     -2.2210
   42.1910     -2.2015
   42.0153     -2.1820
   40.6469     -2.1625
   39.2491     -2.1430
   38.8263     -2.1235
   39.3559     -2.1040
   40.0580     -2.0845
   40.6229     -2.0650
   41.9935     -2.0455
   45.3953     -2.0260
   50.4253     -2.0065
   54.7909     -1.9870
   56.6501     -1.9675
   56.5683     -1.9480
   56.0997     -1.9285
   55.4429     -1.9090
   53.9521     -1.8895
   51.7768     -1.8700
   49.5598     -1.8505
   47.4663     -1.8310
   45.3504     -1.8115
   43.0826     -1.7920
   40.3934     -1.7725
   36.9760     -1.7530
   32.9146     -1.7335
   28.8887     -1.7140
   25.8637     -1.6945
   24.4010     -1.6750
   24.1992     -1.6555
   24.2620     -1.6360
   23.4874     -1.6165
   21.3221     -1.5970
   18.0767     -1.5775
   14.6263     -1.5580
   11.7469     -1.5385
    9.6935     -1.5190
    8.3899     -1.4995
    7.7776     -1.4800
    7.6883     -1.4605
    7.6507     -1.4410
    7.2566     -1.4215
    6.6314     -1.4020
    6.2687     -1.3825
    6.4991     -1.3630
    7.3297     -1.3435
    8.6090     -1.3240
   10.0222     -1.3045
   11.0995     -1.2850
   11.5547     -1.2655
   11.5179     -1.2460
   11.4564     -1.2265
   12.0882     -1.2070
   14.0075     -1.1875
   16.8631     -1.1680
   19.0918     -1.1485
   19.1113     -1.1290
   16.9200     -1.1095
   14.0827     -1.0900
   12.0913     -1.0705
   11.1147     -1.0510
   10.3470     -1.0315
    9.2159     -1.0120
    7.9586     -0.9925
    7.1339     -0.9730
    6.9385     -0.9535
    6.9929     -0.9340
    6.6630     -0.9145
    5.7304     -0.8950
    4.6375     -0.8755
    3.8557     -0.8560
    3.3216     -0.8365
    2.7441     -0.8170
    2.1785     -0.7975
    2.1007     -0.7780
    3.0019     -0.7585
    4.8904     -0.7390
    7.1425     -0.7195
    8.9379     -0.7000
    9.8994     -0.6805
   10.2805     -0.6610
   10.5539     -0.6415
   10.8199     -0.6220
   10.6085     -0.6025
    9.3720     -0.5830
    7.2099     -0.5635
    4.9086     -0.5440
    3.2027     -0.5245
    2.2228     -0.5050
    1.6751     -0.4855
    1.2894     -0.4660
    1.0245     -0.4465
    0.9952     -0.4270
    1.2791     -0.4075
    1.7429     -0.3880
    2.0478     -0.3685
    1.9307     -0.3490
    1.5023     -0.3295
    1.2134     -0.3100
    1.5317     -0.2905
    2.5816     -0.2710
    3.9418     -0.2515
    4.8820     -0.2320
    5.0426     -0.2125
    4.7981     -0.1930
    4.7329     -0.1735
    4.9549     -0.1540
    5.2162     -0.1345
    5.4634     -0.1150
    5.8599     -0.0955
    6.4377     -0.0760
    7.1310     -0.0565
    7.9371     -0.0370
    8.6401     -0.0175
    8.7212      0.0020
    7.9380      0.0215
    6.6425      0.0410
    5.3343      0.0605
    4.2544      0.0800
    3.4264      0.0995
    2.8160      0.1190
    2.4443      0.1385
    2.3719      0.1580
    2.5265      0.1775
    2.6588      0.1970
    2.5577      0.2165
    2.2392      0.2360
    1.9493      0.2555
    2.0396      0.2750
    2.7186      0.2945
    3.8511      0.3140
    5.0417      0.3335
    5.8256      0.3530
    5.8120      0.3725
    4.9633      0.3920
    3.7531      0.4115
    2.7526      0.4310
    2.1183      0.4505
    1.7111      0.4700
    1.5197      0.4895
    1.6617      0.5090
    2.0812      0.5285
    2.5365      0.5480
    2.9003      0.5675
    3.3226      0.5870
    4.0671      0.6065
    5.2113      0.6260
    6.5048      0.6455
    7.5651      0.6650
    8.1657      0.6845
    8.2312      0.7040
    7.7199      0.7235
    6.7515      0.7430
    5.7013      0.7625
    4.9509      0.7820
    4.6468      0.8015
    4.7425      0.8210
    5.0574      0.8405
    5.2491      0.8600
    4.9707      0.8795
    4.2101      0.8990
    3.3454      0.9185
    2.7324      0.9380
    2.3883      0.9575
    2.1768      0.9770
    2.1025      0.9965
    2.3528      1.0160
    3.1991      1.0355
    4.6935      1.0550
    6.2149      1.0745
    6.6563      1.0940
    5.5331      1.1135
    3.6365      1.1330
    2.2223      1.1525
    1.8411      1.1720
    2.1440      1.1915
    2.5141      1.2110
    2.6813      1.2305
    2.7836      1.2500
    3.0063      1.2695
    3.3494      1.2890
    3.6878      1.3085
    3.8725      1.3280
    3.8173      1.3475
    3.6010      1.3670
    3.4343      1.3865
    3.4780      1.4060
    3.7415      1.4255
    4.2032      1.4450
    4.9466      1.4645
    6.0520      1.4840
    7.3868      1.5035
    8.5304      1.5230
    8.8723      1.5425
    7.9855      1.5620
    6.0794      1.5815
    3.9273      1.6010
    2.2601      1.6205
    1.3693      1.6400
    1.2243      1.6595
    1.6806      1.6790
    2.5071      1.6985
    3.4189      1.7180
    4.1783      1.7375
    4.5868      1.7570
    4.5100      1.7765
    4.1188      1.7960
    3.9006      1.8155
    4.1791      1.8350
    4.8148      1.8545
    5.4636      1.8740
    5.8469      1.8935
    5.7925      1.9130
    5.3510      1.9325
    4.8105      1.9520
    4.3561      1.9715
    3.8662      1.9910
