    0.0000     -8.0000
    0.0000     -7.9800
    0.0000     -7.9600
    0.0000     -7.9400
    0.0000     -7.9200
    0.0000     -7.9000
    0.0000     -7.8800
    0.0000     -7.8600
    0.0000     -7.8400
    0.0000     -7.8200
    0.0000     -7.8000
    0.0000     -7.7800
    0.0001     -7.7600
    0.0003     -7.7400
    0.0009     -7.7200
    0.0027     -7.7000
    0.0070     -7.6800
    0.0208     -7.6600
    0.0769     -7.6400
    0.3063     -7.6200
    1.0742     -7.6000
    3.0103     -7.5800
    6.5458     -7.5600
   11.0801     -7.5400
   14.9630     -7.5200
   16.8678     -7.5000
   16.7725     -7.4800
   15.0923     -7.4600
   11.8724     -7.4400
    7.6411     -7.4200
    3.8080     -7.4000
    1.4235     -7.3800
    0.3941     -7.3600
    0.0829     -7.3400
    0.0180     -7.3200
    0.0093     -7.3000
    0.0079     -7.2800
    0.0060     -7.2600
    0.0044     -7.2400
    0.0038     -7.2200
    0.0034     -7.2000
    0.0026     -7.1800
    0.0015     -7.1600
    0.0006     -7.1400
    0.0002     -7.1200
    0.0000     -7.1000
    0.0000     -7.0800
    0.0000     -7.0600
    0.0000     -7.0400
    0.0000     -7.0200
    0.0000     -7.0000
    0.0000     -6.9800
    0.0000     -6.9600
    0.0000     -6.9400
    0.0000     -6.9200
    0.0000     -6.9000
    0.0000     -6.8800
    0.0000     -6.8600
    0.0000     -6.8400
    0.0000     -6.8200
    0.0000     -6.8000
    0.0000     -6.7800
    0.0000     -6.7600
    0.0000     -6.7400
    0.0000     -6.7200
    0.0000     -6.7000
    0.0000     -6.6800
    0.0000     -6.6600
    0.0000     -6.6400
    0.0000     -6.6200
    0.0000     -6.6000
    0.0000     -6.5800
    0.0000     -6.5600
    0.0000     -6.5400
    0.0000     -6.5200
    0.0000     -6.5000
    0.0000     -6.4800
    0.0000     -6.4600
    0.0000     -6.4400
    0.0000     -6.4200
    0.0000     -6.4000
    0.0000     -6.3800
    0.0000     -6.3600
    0.0000     -6.3400
    0.0000     -6.3200
    0.0000     -6.3000
    0.0000     -6.2800
    0.0000     -6.2600
    0.0000     -6.2400
    0.0000     -6.2200
    0.0000     -6.2000
    0.0000     -6.1800
    0.0000     -6.1600
    0.0000     -6.1400
    0.0000     -6.1200
    0.0000     -6.1000
    0.0000     -6.0800
    0.0000     -6.0600
    0.0000     -6.0400
    0.0000     -6.0200
    0.0000     -6.0000
    0.0000     -5.9800
    0.0000     -5.9600
    0.0000     -5.9400
    0.0000     -5.9200
    0.0000     -5.9000
    0.0000     -5.8800
    0.0000     -5.8600
    0.0000     -5.8400
    0.0000     -5.8200
    0.0000     -5.8000
    0.0000     -5.7800
    0.0000     -5.7600
    0.0000     -5.7400
    0.0000     -5.7200
    0.0000     -5.7000
    0.0000     -5.6800
    0.0000     -5.6600
    0.0000     -5.6400
    0.0000     -5.6200
    0.0000     -5.6000
    0.0000     -5.5800
    0.0000     -5.5600
    0.0000     -5.5400
    0.0000     -5.5200
    0.0000     -5.5000
    0.0000     -5.4800
    0.0000     -5.4600
    0.0000     -5.4400
    0.0000     -5.4200
    0.0000     -5.4000
    0.0000     -5.3800
    0.0000     -5.3600
    0.0000     -5.3400
    0.0000     -5.3200
    0.0000     -5.3000
    0.0000     -5.2800
    0.0000     -5.2600
    0.0000     -5.2400
    0.0000     -5.2200
    0.0000     -5.2000
    0.0000     -5.1800
    0.0000     -5.1600
    0.0000     -5.1400
    0.0000     -5.1200
    0.0000     -5.1000
    0.0000     -5.0800
    0.0000     -5.0600
    0.0000     -5.0400
    0.0000     -5.0200
    0.0000     -5.0000
    0.0000     -4.9800
    0.0000     -4.9600
    0.0000     -4.9400
    0.0000     -4.9200
    0.0000     -4.9000
    0.0000     -4.8800
    0.0000     -4.8600
    0.0000     -4.8400
    0.0000     -4.8200
    0.0000     -4.8000
    0.0000     -4.7800
    0.0000     -4.7600
    0.0000     -4.7400
    0.0000     -4.7200
    0.0000     -4.7000
    0.0000     -4.6800
    0.0000     -4.6600
    0.0000     -4.6400
    0.0000     -4.6200
    0.0000     -4.6000
    0.0000     -4.5800
    0.0000     -4.5600
    0.0000     -4.5400
    0.0000     -4.5200
    0.0000     -4.5000
    0.0000     -4.4800
    0.0000     -4.4600
    0.0000     -4.4400
    0.0000     -4.4200
    0.0000     -4.4000
    0.0001     -4.3800
    0.0002     -4.3600
    0.0003     -4.3400
    0.0004     -4.3200
    0.0006     -4.3000
    0.0009     -4.2800
    0.0016     -4.2600
    0.0024     -4.2400
    0.0032     -4.2200
    0.0041     -4.2000
    0.0056     -4.1800
    0.0088     -4.1600
    0.0152     -4.1400
    0.0265     -4.1200
    0.0470     -4.1000
    0.0936     -4.0800
    0.2329     -4.0600
    0.6807     -4.0400
    1.9316     -4.0200
    4.6311     -4.0000
    8.8169     -3.9800
   13.0095     -3.9600
   14.7177     -3.9400
   12.6812     -3.9200
    8.2817     -3.9000
    4.0921     -3.8800
    1.5406     -3.8600
    0.4584     -3.8400
    0.1247     -3.8200
    0.0464     -3.8000
    0.0313     -3.7800
    0.0282     -3.7600
    0.0266     -3.7400
    0.0243     -3.7200
    0.0211     -3.7000
    0.0179     -3.6800
    0.0156     -3.6600
    0.0145     -3.6400
    0.0140     -3.6200
    0.0131     -3.6000
    0.0114     -3.5800
    0.0095     -3.5600
    0.0082     -3.5400
    0.0081     -3.5200
    0.0091     -3.5000
    0.0101     -3.4800
    0.0102     -3.4600
    0.0093     -3.4400
    0.0078     -3.4200
    0.0060     -3.4000
    0.0041     -3.3800
    0.0023     -3.3600
    0.0010     -3.3400
    0.0004     -3.3200
    0.0001     -3.3000
    0.0000     -3.2800
    0.0000     -3.2600
    0.0000     -3.2400
    0.0000     -3.2200
    0.0001     -3.2000
    0.0001     -3.1800
    0.0002     -3.1600
    0.0002     -3.1400
    0.0001     -3.1200
    0.0001     -3.1000
    0.0000     -3.0800
    0.0000     -3.0600
    0.0000     -3.0400
    0.0000     -3.0200
    0.0000     -3.0000
    0.0000     -2.9800
    0.0000     -2.9600
    0.0000     -2.9400
    0.0000     -2.9200
    0.0000     -2.9000
    0.0000     -2.8800
    0.0000     -2.8600
    0.0000     -2.8400
    0.0000     -2.8200
    0.0000     -2.8000
    0.0000     -2.7800
    0.0000     -2.7600
    0.0000     -2.7400
    0.0000     -2.7200
    0.0000     -2.7000
    0.0000     -2.6800
    0.0000     -2.6600
    0.0000     -2.6400
    0.0000     -2.6200
    0.0000     -2.6000
    0.0000     -2.5800
    0.0000     -2.5600
    0.0000     -2.5400
    0.0000     -2.5200
    0.0000     -2.5000
    0.0000     -2.4800
    0.0000     -2.4600
    0.0000     -2.4400
    0.0000     -2.4200
    0.0000     -2.4000
    0.0000     -2.3800
    0.0000     -2.3600
    0.0000     -2.3400
    0.0000     -2.3200
    0.0000     -2.3000
    0.0000     -2.2800
    0.0000     -2.2600
    0.0000     -2.2400
    0.0000     -2.2200
    0.0000     -2.2000
    0.0000     -2.1800
    0.0000     -2.1600
    0.0000     -2.1400
    0.0000     -2.1200
    0.0000     -2.1000
    0.0000     -2.0800
    0.0000     -2.0600
    0.0000     -2.0400
    0.0000     -2.0200
    0.0000     -2.0000
    0.0000     -1.9800
    0.0000     -1.9600
    0.0000     -1.9400
    0.0000     -1.9200
    0.0000     -1.9000
    0.0000     -1.8800
    0.0000     -1.8600
    0.0000     -1.8400
    0.0000     -1.8200
    0.0000     -1.8000
    0.0000     -1.7800
    0.0000     -1.7600
    0.0000     -1.7400
    0.0000     -1.7200
    0.0000     -1.7000
    0.0000     -1.6800
    0.0000     -1.6600
    0.0000     -1.6400
    0.0000     -1.6200
    0.0000     -1.6000
    0.0000     -1.5800
    0.0000     -1.5600
    0.0000     -1.5400
    0.0000     -1.5200
    0.0000     -1.5000
    0.0000     -1.4800
    0.0000     -1.4600
    0.0000     -1.4400
    0.0000     -1.4200
    0.0000     -1.4000
    0.0000     -1.3800
    0.0000     -1.3600
    0.0000     -1.3400
    0.0000     -1.3200
    0.0000     -1.3000
    0.0000     -1.2800
    0.0000     -1.2600
    0.0000     -1.2400
    0.0000     -1.2200
    0.0000     -1.2000
    0.0000     -1.1800
    0.0000     -1.1600
    0.0000     -1.1400
    0.0000     -1.1200
    0.0000     -1.1000
    0.0000     -1.0800
    0.0000     -1.0600
    0.0001     -1.0400
    0.0001     -1.0200
    0.0003     -1.0000
    0.0003     -0.9800
    0.0003     -0.9600
    0.0002     -0.9400
    0.0001     -0.9200
    0.0000     -0.9000
    0.0000     -0.8800
    0.0000     -0.8600
    0.0000     -0.8400
    0.0000     -0.8200
    0.0000     -0.8000
    0.0001     -0.7800
    0.0002     -0.7600
    0.0003     -0.7400
    0.0004     -0.7200
    0.0003     -0.7000
    0.0002     -0.6800
    0.0001     -0.6600
    0.0000     -0.6400
    0.0000     -0.6200
    0.0000     -0.6000
    0.0000     -0.5800
    0.0000     -0.5600
    0.0000     -0.5400
    0.0000     -0.5200
    0.0000     -0.5000
    0.0000     -0.4800
    0.0000     -0.4600
    0.0000     -0.4400
    0.0000     -0.4200
    0.0000     -0.4000
    0.0000     -0.3800
    0.0000     -0.3600
    0.0000     -0.3400
    0.0000     -0.3200
    0.0000     -0.3000
    0.0000     -0.2800
    0.0000     -0.2600
    0.0000     -0.2400
    0.0000     -0.2200
    0.0000     -0.2000
    0.0000     -0.1800
    0.0000     -0.1600
    0.0000     -0.1400
    0.0000     -0.1200
    0.0000     -0.1000
    0.0000     -0.0800
    0.0000     -0.0600
    0.0000     -0.0400
    0.0000     -0.0200
    0.0000      0.0000
    0.0000      0.0200
    0.0000      0.0400
    0.0000      0.0600
    0.0000      0.0800
    0.0000      0.1000
    0.0000      0.1200
    0.0000      0.1400
    0.0000      0.1600
    0.0000      0.1800
    0.0000      0.2000
    0.0000      0.2200
    0.0000      0.2400
    0.0001      0.2600
    0.0002      0.2800
    0.0003      0.3000
    0.0004      0.3200
    0.0003      0.3400
    0.0002      0.3600
    0.0003      0.3800
    0.0006      0.4000
    0.0013      0.4200
    0.0020      0.4400
    0.0022      0.4600
    0.0019      0.4800
    0.0011      0.5000
    0.0005      0.5200
    0.0002      0.5400
    0.0001      0.5600
    0.0001      0.5800
    0.0002      0.6000
    0.0005      0.6200
    0.0009      0.6400
    0.0011      0.6600
    0.0011      0.6800
    0.0011      0.7000
    0.0015      0.7200
    0.0025      0.7400
    0.0034      0.7600
    0.0036      0.7800
    0.0029      0.8000
    0.0018      0.8200
    0.0008      0.8400
    0.0004      0.8600
    0.0003      0.8800
    0.0006      0.9000
    0.0011      0.9200
    0.0014      0.9400
    0.0013      0.9600
    0.0009      0.9800
    0.0004      1.0000
    0.0002      1.0200
    0.0000      1.0400
    0.0000      1.0600
    0.0000      1.0800
    0.0001      1.1000
    0.0002      1.1200
    0.0005      1.1400
    0.0009      1.1600
    0.0012      1.1800
    0.0011      1.2000
    0.0008      1.2200
    0.0004      1.2400
    0.0002      1.2600
    0.0001      1.2800
    0.0000      1.3000
    0.0000      1.3200
    0.0000      1.3400
    0.0000      1.3600
    0.0001      1.3800
    0.0003      1.4000
    0.0006      1.4200
    0.0009      1.4400
    0.0011      1.4600
    0.0009      1.4800
    0.0005      1.5000
    0.0002      1.5200
    0.0001      1.5400
    0.0000      1.5600
    0.0000      1.5800
    0.0000      1.6000
    0.0000      1.6200
    0.0001      1.6400
    0.0001      1.6600
    0.0002      1.6800
    0.0003      1.7000
    0.0003      1.7200
    0.0003      1.7400
    0.0002      1.7600
    0.0002      1.7800
    0.0004      1.8000
    0.0006      1.8200
    0.0007      1.8400
    0.0006      1.8600
    0.0004      1.8800
    0.0002      1.9000
    0.0001      1.9200
    0.0001      1.9400
    0.0002      1.9600
    0.0006      1.9800
    0.0010      2.0000
