    3.1272     -7.9800
    2.4762     -7.9440
    0.8321     -7.9080
    0.2050     -7.8720
    0.2275     -7.8360
    0.3455     -7.8000
    0.4151     -7.7640
    0.2625     -7.7280
    0.0748     -7.6920
    0.0317     -7.6560
    0.0403     -7.6200
    0.0359     -7.5840
    0.0700     -7.5480
    0.1482     -7.5120
    0.1678     -7.4760
    0.1244     -7.4400
    0.1235     -7.4040
    0.1040     -7.3680
    0.0470     -7.3320
    0.0304     -7.2960
    0.0765     -7.2600
    0.0984     -7.2240
    0.0673     -7.1880
    0.0558     -7.1520
    0.0429     -7.1160
    0.0296     -7.0800
    0.0447     -7.0440
    0.0624     -7.0080
    0.0436     -6.9720
    0.0145     -6.9360
    0.0064     -6.9000
    0.0110     -6.8640
    0.0141     -6.8280
    0.0152     -6.7920
    0.0259     -6.7560
    0.0407     -6.7200
    0.0381     -6.6840
    0.0208     -6.6480
    0.0147     -6.6120
    0.0142     -6.5760
    0.0125     -6.5400
    0.0199     -6.5040
    0.0331     -6.4680
    0.0365     -6.4320
    0.0236     -6.3960
    0.0177     -6.3600
    0.0213     -6.3240
    0.0185     -6.2880
    0.0175     -6.2520
    0.0273     -6.2160
    0.0308     -6.1800
    0.0237     -6.1440
    0.0198     -6.1080
    0.0168     -6.0720
    0.0169     -6.0360
    0.0169     -6.0000
    0.0132     -5.9640
    0.0123     -5.9280
    0.0110     -5.8920
    0.0084     -5.8560
    0.0100     -5.8200
    0.0100     -5.7840
    0.0052     -5.7480
    0.0040     -5.7120
    0.0078     -5.6760
    0.0127     -5.6400
    0.0116     -5.6040
    0.0065     -5.5680
    0.0049     -5.5320
    0.0058     -5.4960
    0.0069     -5.4600
    0.0096     -5.4240
    0.0143     -5.3880
    0.0173     -5.3520
    0.0135     -5.3160
    0.0085     -5.2800
    0.0087     -5.2440
    0.0099     -5.2080
    0.0085     -5.1720
    0.0056     -5.1360
    0.0050     -5.1000
    0.0059     -5.0640
    0.0061     -5.0280
    0.0053     -4.9920
    0.0054     -4.9560
    0.0055     -4.9200
    0.0053     -4.8840
    0.0048     -4.8480
    0.0037     -4.8120
    0.0029     -4.7760
    0.0020     -4.7400
    0.0011     -4.7040
    0.0020     -4.6680
    0.0048     -4.6320
    0.0084     -4.5960
    0.0118     -4.5600
    0.0125     -4.5240
    0.0111     -4.4880
    0.0063     -4.4520
    0.0017     -4.4160
    0.0004     -4.3800
    0.0006     -4.3440
    0.0008     -4.3080
    0.0008     -4.2720
    0.0007     -4.2360
    0.0003     -4.2000
    0.0002     -4.1640
    0.0005     -4.1280
    0.0016     -4.0920
    0.0045     -4.0560
    0.0059     -4.0200
    0.0038     -3.9840
    0.0014     -3.9480
    0.0005     -3.9120
    0.0007     -3.8760
    0.0010     -3.8400
    0.0016     -3.8040
    0.0044     -3.7680
    0.0078     -3.7320
    0.0073     -3.6960
    0.0060     -3.6600
    0.0075     -3.6240
    0.0096     -3.5880
    0.0080     -3.5520
    0.0074     -3.5160
    0.0102     -3.4800
    0.0114     -3.4440
    0.0099     -3.4080
    0.0071     -3.3720
    0.0071     -3.3360
    0.0073     -3.3000
    0.0074     -3.2640
    0.0090     -3.2280
    0.0084     -3.1920
    0.0055     -3.1560
    0.0040     -3.1200
    0.0059     -3.0840
    0.0072     -3.0480
    0.0065     -3.0120
    0.0076     -2.9760
    0.0093     -2.9400
    0.0074     -2.9040
    0.0039     -2.8680
    0.0011     -2.8320
    0.0001     -2.7960
    0.0000     -2.7600
    0.0001     -2.7240
    0.0007     -2.6880
    0.0020     -2.6520
    0.0029     -2.6160
    0.0025     -2.5800
    0.0013     -2.5440
    0.0013     -2.5080
    0.0038     -2.4720
    0.0064     -2.4360
    0.0060     -2.4000
    0.0048     -2.3640
    0.0046     -2.3280
    0.0033     -2.2920
    0.0012     -2.2560
    0.0002     -2.2200
    0.0000     -2.1840
    0.0001     -2.1480
    0.0005     -2.1120
    0.0017     -2.0760
    0.0024     -2.0400
    0.0018     -2.0040
    0.0014     -1.9680
    0.0011     -1.9320
    0.0005     -1.8960
    0.0003     -1.8600
    0.0005     -1.8240
    0.0006     -1.7880
    0.0003     -1.7520
    0.0001     -1.7160
    0.0007     -1.6800
    0.0019     -1.6440
    0.0019     -1.6080
    0.0015     -1.5720
    0.0028     -1.5360
    0.0037     -1.5000
    0.0023     -1.4640
    0.0006     -1.4280
    0.0002     -1.3920
    0.0008     -1.3560
    0.0029     -1.3200
    0.0051     -1.2840
    0.0048     -1.2480
    0.0034     -1.2120
    0.0026     -1.1760
    0.0023     -1.1400
    0.0033     -1.1040
    0.0043     -1.0680
    0.0064     -1.0320
    0.0110     -0.9960
    0.0138     -0.9600
    0.0128     -0.9240
    0.0107     -0.8880
    0.0096     -0.8520
    0.0102     -0.8160
    0.0144     -0.7800
    0.0231     -0.7440
    0.0262     -0.7080
    0.0276     -0.6720
    0.0305     -0.6360
    0.0242     -0.6000
    0.0176     -0.5640
    0.0185     -0.5280
    0.0189     -0.4920
    0.0164     -0.4560
    0.0117     -0.4200
    0.0090     -0.3840
    0.0089     -0.3480
    0.0144     -0.3120
    0.0247     -0.2760
    0.0309     -0.2400
    0.0290     -0.2040
    0.0232     -0.1680
    0.0187     -0.1320
    0.0163     -0.0960
    0.0142     -0.0600
    0.0136     -0.0240
    0.0129      0.0120
    0.0136      0.0480
    0.0188      0.0840
    0.0216      0.1200
    0.0175      0.1560
    0.0130      0.1920
    0.0097      0.2280
    0.0079      0.2640
    0.0067      0.3000
    0.0050      0.3360
    0.0029      0.3720
    0.0018      0.4080
    0.0050      0.4440
    0.0141      0.4800
    0.0263      0.5160
    0.0300      0.5520
    0.0224      0.5880
    0.0180      0.6240
    0.0179      0.6600
    0.0152      0.6960
    0.0122      0.7320
    0.0112      0.7680
    0.0094      0.8040
    0.0082      0.8400
    0.0086      0.8760
    0.0071      0.9120
    0.0046      0.9480
    0.0049      0.9840
    0.0099      1.0200
    0.0157      1.0560
    0.0136      1.0920
    0.0098      1.1280
    0.0091      1.1640
    0.0060      1.2000
    0.0021      1.2360
    0.0009      1.2720
    0.0009      1.3080
    0.0013      1.3440
    0.0025      1.3800
    0.0060      1.4160
    0.0086      1.4520
    0.0068      1.4880
    0.0054      1.5240
    0.0078      1.5600
    0.0130      1.5960
    0.0172      1.6320
    0.0125      1.6680
    0.0055      1.7040
    0.0057      1.7400
    0.0098      1.7760
    0.0104      1.8120
    0.0106      1.8480
    0.0113      1.8840
    0.0077      1.9200
    0.0042      1.9560
    0.0051      1.9920
