    0.0000     -7.9930
    0.0000     -7.9735
    0.0000     -7.9540
    0.0000     -7.9345
    0.0000     -7.9150
    0.0000     -7.8955
    0.0000     -7.8760
    0.0000     -7.8565
    0.0000     -7.8370
    0.0000     -7.8175
    0.0000     -7.7980
    0.0000     -7.7785
    0.0000     -7.7590
    0.0000     -7.7395
    0.0000     -7.7200
    0.0000     -7.7005
    0.0000     -7.6810
    0.0001     -7.6615
    0.0005     -7.6420
    0.0032     -7.6225
    0.0142     -7.6030
    0.0491     -7.5835
    0.1323     -7.5640
    0.2849     -7.5445
    0.5096     -7.5250
    0.7980     -7.5055
    1.1587     -7.4860
    1.6147     -7.4665
    2.1237     -7.4470
    2.4891     -7.4275
    2.4447     -7.4080
    1.9237     -7.3885
    1.1794     -7.3690
    0.5539     -7.3495
    0.1972     -7.3300
    0.0529     -7.3105
    0.0106     -7.2910
    0.0016     -7.2715
    0.0002     -7.2520
    0.0000     -7.2325
    0.0000     -7.2130
    0.0000     -7.1935
    0.0000     -7.1740
    0.0000     -7.1545
    0.0000     -7.1350
    0.0000     -7.1155
    0.0002     -7.0960
    0.0009     -7.0765
    0.0038     -7.0570
    0.0129     -7.0375
    0.0338     -7.0180
    0.0693     -6.9985
    0.1114     -6.9790
    0.1431     -6.9595
    0.1555     -6.9400
    0.1592     -6.9205
    0.1667     -6.9010
    0.1717     -6.8815
    0.1573     -6.8620
    0.1225     -6.8425
    0.0885     -6.8230
    0.0794     -6.8035
    0.0988     -6.7840
    0.1241     -6.7645
    0.1299     -6.7450
    0.1137     -6.7255
    0.0914     -6.7060
    0.0783     -6.6865
    0.1082     -6.6670
    0.3282     -6.6475
    1.1612     -6.6280
    3.3262     -6.6085
    7.2180     -6.5890
   11.7253     -6.5695
   14.2022     -6.5500
   12.7995     -6.5305
    8.5741     -6.5110
    4.2725     -6.4915
    1.5946     -6.4720
    0.4613     -6.4525
    0.1204     -6.4330
    0.0426     -6.4135
    0.0272     -6.3940
    0.0283     -6.3745
    0.0385     -6.3550
    0.0520     -6.3355
    0.0613     -6.3160
    0.0613     -6.2965
    0.0530     -6.2770
    0.0419     -6.2575
    0.0343     -6.2380
    0.0313     -6.2185
    0.0303     -6.1990
    0.0292     -6.1795
    0.0291     -6.1600
    0.0315     -6.1405
    0.0362     -6.1210
    0.0412     -6.1015
    0.0448     -6.0820
    0.0473     -6.0625
    0.0508     -6.0430
    0.0563     -6.0235
    0.0644     -6.0040
    0.0757     -5.9845
    0.0907     -5.9650
    0.1084     -5.9455
    0.1248     -5.9260
    0.1353     -5.9065
    0.1386     -5.8870
    0.1390     -5.8675
    0.1412     -5.8480
    0.1453     -5.8285
    0.1476     -5.8090
    0.1458     -5.7895
    0.1416     -5.7700
    0.1385     -5.7505
    0.1380     -5.7310
    0.1383     -5.7115
    0.1378     -5.6920
    0.1377     -5.6725
    0.1407     -5.6530
    0.1464     -5.6335
    0.1507     -5.6140
    0.1506     -5.5945
    0.1459     -5.5750
    0.1367     -5.5555
    0.1248     -5.5360
    0.1143     -5.5165
    0.1089     -5.4970
    0.1070     -5.4775
    0.1033     -5.4580
    0.0958     -5.4385
    0.0876     -5.4190
    0.0817     -5.3995
    0.0760     -5.3800
    0.0681     -5.3605
    0.0594     -5.3410
    0.0541     -5.3215
    0.0552     -5.3020
    0.0627     -5.2825
    0.0733     -5.2630
    0.0821     -5.2435
    0.0857     -5.2240
    0.0854     -5.2045
    0.0845     -5.1850
    0.0846     -5.1655
    0.0848     -5.1460
    0.0842     -5.1265
    0.0835     -5.1070
    0.0822     -5.0875
    0.0781     -5.0680
    0.0698     -5.0485
    0.0587     -5.0290
    0.0478     -5.0095
    0.0391     -4.9900
    0.0328     -4.9705
    0.0287     -4.9510
    0.0266     -4.9315
    0.0264     -4.9120
    0.0293     -4.8925
    0.0363     -4.8730
    0.0472     -4.8535
    0.0589     -4.8340
    0.0678     -4.8145
    0.0709     -4.7950
    0.0667     -4.7755
    0.0563     -4.7560
    0.0438     -4.7365
    0.0335     -4.7170
    0.0278     -4.6975
    0.0265     -4.6780
    0.0284     -4.6585
    0.0310     -4.6390
    0.0317     -4.6195
    0.0293     -4.6000
    0.0244     -4.5805
    0.0188     -4.5610
    0.0144     -4.5415
    0.0123     -4.5220
    0.0126     -4.5025
    0.0149     -4.4830
    0.0181     -4.4635
    0.0217     -4.4440
    0.0250     -4.4245
    0.0271     -4.4050
    0.0273     -4.3855
    0.0259     -4.3660
    0.0249     -4.3465
    0.0265     -4.3270
    0.0312     -4.3075
    0.0378     -4.2880
    0.0438     -4.2685
    0.0465     -4.2490
    0.0458     -4.2295
    0.0441     -4.2100
    0.0434     -4.1905
    0.0438     -4.1710
    0.0442     -4.1515
    0.0437     -4.1320
    0.0424     -4.1125
    0.0406     -4.0930
    0.0394     -4.0735
    0.0393     -4.0540
    0.0397     -4.0345
    0.0396     -4.0150
    0.0389     -3.9955
    0.0384     -3.9760
    0.0388     -3.9565
    0.0392     -3.9370
    0.0383     -3.9175
    0.0361     -3.8980
    0.0340     -3.8785
    0.0336     -3.8590
    0.0362     -3.8395
    0.0421     -3.8200
    0.0507     -3.8005
    0.0601     -3.7810
    0.0667     -3.7615
    0.0681     -3.7420
    0.0651     -3.7225
    0.0608     -3.7030
    0.0562     -3.6835
    0.0499     -3.6640
    0.0412     -3.6445
    0.0318     -3.6250
    0.0240     -3.6055
    0.0183     -3.5860
    0.0141     -3.5665
    0.0112     -3.5470
    0.0103     -3.5275
    0.0116     -3.5080
    0.0140     -3.4885
    0.0156     -3.4690
    0.0152     -3.4495
    0.0129     -3.4300
    0.0103     -3.4105
    0.0094     -3.3910
    0.0108     -3.3715
    0.0134     -3.3520
    0.0158     -3.3325
    0.0179     -3.3130
    0.0200     -3.2935
    0.0222     -3.2740
    0.0234     -3.2545
    0.0221     -3.2350
    0.0184     -3.2155
    0.0142     -3.1960
    0.0113     -3.1765
    0.0101     -3.1570
    0.0095     -3.1375
    0.0090     -3.1180
    0.0097     -3.0985
    0.0128     -3.0790
    0.0176     -3.0595
    0.0211     -3.0400
    0.0214     -3.0205
    0.0191     -3.0010
    0.0162     -2.9815
    0.0134     -2.9620
    0.0108     -2.9425
    0.0095     -2.9230
    0.0117     -2.9035
    0.0176     -2.8840
    0.0243     -2.8645
    0.0266     -2.8450
    0.0233     -2.8255
    0.0178     -2.8060
    0.0140     -2.7865
    0.0122     -2.7670
    0.0113     -2.7475
    0.0105     -2.7280
    0.0095     -2.7085
    0.0078     -2.6890
    0.0057     -2.6695
    0.0042     -2.6500
    0.0044     -2.6305
    0.0059     -2.6110
    0.0075     -2.5915
    0.0088     -2.5720
    0.0110     -2.5525
    0.0158     -2.5330
    0.0233     -2.5135
    0.0315     -2.4940
    0.0368     -2.4745
    0.0362     -2.4550
    0.0298     -2.4355
    0.0222     -2.4160
    0.0181     -2.3965
    0.0185     -2.3770
    0.0209     -2.3575
    0.0221     -2.3380
    0.0199     -2.3185
    0.0147     -2.2990
    0.0095     -2.2795
    0.0070     -2.2600
    0.0079     -2.2405
    0.0105     -2.2210
    0.0124     -2.2015
    0.0124     -2.1820
    0.0114     -2.1625
    0.0112     -2.1430
    0.0127     -2.1235
    0.0148     -2.1040
    0.0170     -2.0845
    0.0195     -2.0650
    0.0221     -2.0455
    0.0239     -2.0260
    0.0254     -2.0065
    0.0291     -1.9870
    0.0360     -1.9675
    0.0438     -1.9480
    0.0481     -1.9285
    0.0459     -1.9090
    0.0387     -1.8895
    0.0319     -1.8700
    0.0306     -1.8505
    0.0355     -1.8310
    0.0439     -1.8115
    0.0513     -1.7920
    0.0553     -1.7725
    0.0575     -1.7530
    0.0590     -1.7335
    0.0563     -1.7140
    0.0461     -1.6945
    0.0317     -1.6750
    0.0200     -1.6555
    0.0156     -1.6360
    0.0195     -1.6165
    0.0284     -1.5970
    0.0374     -1.5775
    0.0455     -1.5580
    0.0578     -1.5385
    0.0784     -1.5190
    0.1046     -1.4995
    0.1290     -1.4800
    0.1443     -1.4605
    0.1474     -1.4410
    0.1408     -1.4215
    0.1272     -1.4020
    0.1095     -1.3825
    0.0989     -1.3630
    0.1101     -1.3435
    0.1401     -1.3240
    0.1655     -1.3045
    0.1713     -1.2850
    0.1733     -1.2655
    0.1950     -1.2460
    0.2303     -1.2265
    0.2481     -1.2070
    0.2387     -1.1875
    0.2343     -1.1680
    0.2728     -1.1485
    0.3522     -1.1290
    0.4356     -1.1095
    0.5033     -1.0900
    0.5810     -1.0705
    0.6968     -1.0510
    0.8262     -1.0315
    0.9010     -1.0120
    0.8747     -0.9925
    0.7803     -0.9730
    0.7182     -0.9535
    0.7552     -0.9340
    0.8389     -0.9145
    0.8516     -0.8950
    0.7438     -0.8755
    0.5769     -0.8560
    0.4372     -0.8365
    0.3454     -0.8170
    0.2661     -0.7975
    0.1780     -0.7780
    0.0994     -0.7585
    0.0526     -0.7390
    0.0398     -0.7195
    0.0527     -0.7000
    0.0805     -0.6805
    0.1065     -0.6610
    0.1148     -0.6415
    0.1064     -0.6220
    0.0983     -0.6025
    0.1028     -0.5830
    0.1229     -0.5635
    0.1637     -0.5440
    0.2293     -0.5245
    0.3036     -0.5050
    0.3504     -0.4855
    0.3412     -0.4660
    0.2812     -0.4465
    0.2071     -0.4270
    0.1546     -0.4075
    0.1298     -0.3880
    0.1157     -0.3685
    0.1012     -0.3490
    0.0918     -0.3295
    0.0933     -0.3100
    0.1006     -0.2905
    0.1021     -0.2710
    0.0915     -0.2515
    0.0721     -0.2320
    0.0529     -0.2125
    0.0400     -0.1930
    0.0343     -0.1735
    0.0346     -0.1540
    0.0421     -0.1345
    0.0575     -0.1150
    0.0769     -0.0955
    0.0903     -0.0760
    0.0893     -0.0565
    0.0760     -0.0370
    0.0628     -0.0175
    0.0609      0.0020
    0.0693      0.0215
    0.0786      0.0410
    0.0843      0.0605
    0.0872      0.0800
    0.0873      0.0995
    0.0827      0.1190
    0.0775      0.1385
    0.0834      0.1580
    0.1064      0.1775
    0.1360      0.1970
    0.1526      0.2165
    0.1484      0.2360
    0.1309      0.2555
    0.1085      0.2750
    0.0843      0.2945
    0.0620      0.3140
    0.0482      0.3335
    0.0465      0.3530
    0.0522      0.3725
    0.0562      0.3920
    0.0547      0.4115
    0.0531      0.4310
    0.0573      0.4505
    0.0645      0.4700
    0.0675      0.4895
    0.0651      0.5090
    0.0636      0.5285
    0.0659      0.5480
    0.0665      0.5675
    0.0601      0.5870
    0.0486      0.6065
    0.0381      0.6260
    0.0332      0.6455
    0.0345      0.6650
    0.0380      0.6845
    0.0389      0.7040
    0.0360      0.7235
    0.0324      0.7430
    0.0298      0.7625
    0.0275      0.7820
    0.0264      0.8015
    0.0298      0.8210
    0.0377      0.8405
    0.0457      0.8600
    0.0498      0.8795
    0.0495      0.8990
    0.0461      0.9185
    0.0404      0.9380
    0.0329      0.9575
    0.0254      0.9770
    0.0210      0.9965
    0.0226      1.0160
    0.0289      1.0355
    0.0355      1.0550
    0.0386      1.0745
    0.0374      1.0940
    0.0343      1.1135
    0.0319      1.1330
    0.0324      1.1525
    0.0356      1.1720
    0.0389      1.1915
    0.0402      1.2110
    0.0388      1.2305
    0.0353      1.2500
    0.0315      1.2695
    0.0299      1.2890
    0.0307      1.3085
    0.0325      1.3280
    0.0328      1.3475
    0.0301      1.3670
    0.0254      1.3865
    0.0219      1.4060
    0.0235      1.4255
    0.0302      1.4450
    0.0381      1.4645
    0.0419      1.4840
    0.0393      1.5035
    0.0321      1.5230
    0.0252      1.5425
    0.0240      1.5620
    0.0318      1.5815
    0.0466      1.6010
    0.0614      1.6205
    0.0690      1.6400
    0.0673      1.6595
    0.0607      1.6790
    0.0559      1.6985
    0.0543      1.7180
    0.0519      1.7375
    0.0463      1.7570
    0.0418      1.7765
    0.0426      1.7960
    0.0461      1.8155
    0.0476      1.8350
    0.0490      1.8545
    0.0566      1.8740
    0.0696      1.8935
    0.0788      1.9130
    0.0762      1.9325
    0.0636      1.9520
    0.0489      1.9715
    0.0380      1.9910
