    0.0166     -8.0000
    0.0117     -7.9800
    0.0083     -7.9600
    0.0100     -7.9400
    0.0187     -7.9200
    0.0319     -7.9000
    0.0417     -7.8800
    0.0412     -7.8600
    0.0324     -7.8400
    0.0244     -7.8200
    0.0250     -7.8000
    0.0345     -7.7800
    0.0452     -7.7600
    0.0464     -7.7400
    0.0359     -7.7200
    0.0226     -7.7000
    0.0166     -7.6800
    0.0216     -7.6600
    0.0369     -7.6400
    0.0579     -7.6200
    0.0762     -7.6000
    0.0849     -7.5800
    0.0871     -7.5600
    0.0951     -7.5400
    0.1195     -7.5200
    0.1583     -7.5000
    0.1939     -7.4800
    0.2062     -7.4600
    0.1979     -7.4400
    0.1946     -7.4200
    0.2050     -7.4000
    0.2011     -7.3800
    0.1615     -7.3600
    0.1098     -7.3400
    0.0914     -7.3200
    0.1311     -7.3000
    0.2166     -7.2800
    0.3027     -7.2600
    0.3422     -7.2400
    0.3337     -7.2200
    0.3304     -7.2000
    0.3716     -7.1800
    0.4228     -7.1600
    0.4146     -7.1400
    0.3318     -7.1200
    0.2335     -7.1000
    0.1810     -7.0800
    0.1750     -7.0600
    0.1749     -7.0400
    0.1546     -7.0200
    0.1207     -7.0000
    0.0928     -6.9800
    0.0815     -6.9600
    0.0845     -6.9400
    0.0949     -6.9200
    0.1100     -6.9000
    0.1298     -6.8800
    0.1477     -6.8600
    0.1489     -6.8400
    0.1244     -6.8200
    0.0846     -6.8000
    0.0508     -6.7800
    0.0355     -6.7600
    0.0359     -6.7400
    0.0419     -6.7200
    0.0461     -6.7000
    0.0480     -6.6800
    0.0503     -6.6600
    0.0551     -6.6400
    0.0635     -6.6200
    0.0745     -6.6000
    0.0833     -6.5800
    0.0880     -6.5600
    0.0926     -6.5400
    0.0972     -6.5200
    0.0922     -6.5000
    0.0747     -6.4800
    0.0580     -6.4600
    0.0539     -6.4400
    0.0586     -6.4200
    0.0602     -6.4000
    0.0564     -6.3800
    0.0555     -6.3600
    0.0626     -6.3400
    0.0720     -6.3200
    0.0765     -6.3000
    0.0783     -6.2800
    0.0826     -6.2600
    0.0894     -6.2400
    0.0950     -6.2200
    0.0959     -6.2000
    0.0898     -6.1800
    0.0787     -6.1600
    0.0735     -6.1400
    0.0830     -6.1200
    0.0994     -6.1000
    0.1039     -6.0800
    0.0886     -6.0600
    0.0674     -6.0400
    0.0585     -6.0200
    0.0651     -6.0000
    0.0754     -5.9800
    0.0835     -5.9600
    0.1008     -5.9400
    0.1391     -5.9200
    0.1900     -5.9000
    0.2359     -5.8800
    0.2731     -5.8600
    0.3154     -5.8400
    0.3917     -5.8200
    0.5315     -5.8000
    0.7136     -5.7800
    0.8402     -5.7600
    0.8152     -5.7400
    0.6492     -5.7200
    0.4475     -5.7000
    0.3027     -5.6800
    0.2315     -5.6600
    0.2037     -5.6400
    0.1922     -5.6200
    0.1819     -5.6000
    0.1597     -5.5800
    0.1207     -5.5600
    0.0781     -5.5400
    0.0541     -5.5200
    0.0634     -5.5000
    0.1066     -5.4800
    0.1749     -5.4600
    0.2543     -5.4400
    0.3232     -5.4200
    0.3563     -5.4000
    0.3478     -5.3800
    0.3177     -5.3600
    0.2813     -5.3400
    0.2363     -5.3200
    0.1881     -5.3000
    0.1590     -5.2800
    0.1635     -5.2600
    0.1912     -5.2400
    0.2155     -5.2200
    0.2123     -5.2000
    0.1802     -5.1800
    0.1417     -5.1600
    0.1212     -5.1400
    0.1285     -5.1200
    0.1618     -5.1000
    0.2176     -5.0800
    0.2894     -5.0600
    0.3573     -5.0400
    0.3978     -5.0200
    0.4118     -5.0000
    0.4209     -4.9800
    0.4319     -4.9600
    0.4301     -4.9400
    0.4099     -4.9200
    0.3849     -4.9000
    0.3702     -4.8800
    0.3735     -4.8600
    0.3971     -4.8400
    0.4373     -4.8200
    0.4834     -4.8000
    0.5207     -4.7800
    0.5364     -4.7600
    0.5272     -4.7400
    0.4990     -4.7200
    0.4591     -4.7000
    0.4133     -4.6800
    0.3696     -4.6600
    0.3436     -4.6400
    0.3562     -4.6200
    0.4161     -4.6000
    0.5009     -4.5800
    0.5668     -4.5600
    0.5846     -4.5400
    0.5719     -4.5200
    0.5796     -4.5000
    0.6367     -4.4800
    0.7176     -4.4600
    0.7761     -4.4400
    0.7932     -4.4200
    0.7760     -4.4000
    0.7325     -4.3800
    0.6693     -4.3600
    0.6057     -4.3400
    0.5736     -4.3200
    0.5891     -4.3000
    0.6250     -4.2800
    0.6309     -4.2600
    0.5864     -4.2400
    0.5161     -4.2200
    0.4555     -4.2000
    0.4216     -4.1800
    0.4144     -4.1600
    0.4260     -4.1400
    0.4437     -4.1200
    0.4530     -4.1000
    0.4472     -4.0800
    0.4299     -4.0600
    0.4100     -4.0400
    0.3973     -4.0200
    0.4013     -4.0000
    0.4252     -3.9800
    0.4623     -3.9600
    0.4983     -3.9400
    0.5179     -3.9200
    0.5176     -3.9000
    0.5064     -3.8800
    0.4925     -3.8600
    0.4784     -3.8400
    0.4692     -3.8200
    0.4702     -3.8000
    0.4745     -3.7800
    0.4660     -3.7600
    0.4385     -3.7400
    0.4029     -3.7200
    0.3749     -3.7000
    0.3596     -3.6800
    0.3511     -3.6600
    0.3439     -3.6400
    0.3395     -3.6200
    0.3412     -3.6000
    0.3455     -3.5800
    0.3431     -3.5600
    0.3273     -3.5400
    0.3005     -3.5200
    0.2718     -3.5000
    0.2493     -3.4800
    0.2345     -3.4600
    0.2239     -3.4400
    0.2149     -3.4200
    0.2092     -3.4000
    0.2092     -3.3800
    0.2147     -3.3600
    0.2264     -3.3400
    0.2466     -3.3200
    0.2748     -3.3000
    0.3042     -3.2800
    0.3267     -3.2600
    0.3388     -3.2400
    0.3448     -3.2200
    0.3542     -3.2000
    0.3746     -3.1800
    0.4029     -3.1600
    0.4257     -3.1400
    0.4324     -3.1200
    0.4221     -3.1000
    0.3982     -3.0800
    0.3667     -3.0600
    0.3406     -3.0400
    0.3342     -3.0200
    0.3520     -3.0000
    0.3852     -2.9800
    0.4208     -2.9600
    0.4476     -2.9400
    0.4571     -2.9200
    0.4451     -2.9000
    0.4169     -2.8800
    0.3860     -2.8600
    0.3630     -2.8400
    0.3489     -2.8200
    0.3415     -2.8000
    0.3436     -2.7800
    0.3585     -2.7600
    0.3814     -2.7400
    0.4002     -2.7200
    0.4070     -2.7000
    0.4061     -2.6800
    0.4074     -2.6600
    0.4133     -2.6400
    0.4155     -2.6200
    0.4029     -2.6000
    0.3717     -2.5800
    0.3284     -2.5600
    0.2858     -2.5400
    0.2535     -2.5200
    0.2319     -2.5000
    0.2187     -2.4800
    0.2156     -2.4600
    0.2256     -2.4400
    0.2463     -2.4200
    0.2690     -2.4000
    0.2829     -2.3800
    0.2838     -2.3600
    0.2768     -2.3400
    0.2714     -2.3200
    0.2736     -2.3000
    0.2838     -2.2800
    0.2969     -2.2600
    0.3030     -2.2400
    0.2945     -2.2200
    0.2741     -2.2000
    0.2533     -2.1800
    0.2411     -2.1600
    0.2384     -2.1400
    0.2410     -2.1200
    0.2433     -2.1000
    0.2405     -2.0800
    0.2317     -2.0600
    0.2226     -2.0400
    0.2203     -2.0200
    0.2269     -2.0000
    0.2369     -1.9800
    0.2407     -1.9600
    0.2312     -1.9400
    0.2095     -1.9200
    0.1840     -1.9000
    0.1631     -1.8800
    0.1489     -1.8600
    0.1387     -1.8400
    0.1310     -1.8200
    0.1273     -1.8000
    0.1268     -1.7800
    0.1257     -1.7600
    0.1214     -1.7400
    0.1149     -1.7200
    0.1077     -1.7000
    0.0986     -1.6800
    0.0864     -1.6600
    0.0752     -1.6400
    0.0716     -1.6200
    0.0761     -1.6000
    0.0803     -1.5800
    0.0744     -1.5600
    0.0580     -1.5400
    0.0403     -1.5200
    0.0317     -1.5000
    0.0362     -1.4800
    0.0496     -1.4600
    0.0665     -1.4400
    0.0875     -1.4200
    0.1181     -1.4000
    0.1555     -1.3800
    0.1842     -1.3600
    0.1913     -1.3400
    0.1790     -1.3200
    0.1588     -1.3000
    0.1386     -1.2800
    0.1183     -1.2600
    0.0942     -1.2400
    0.0672     -1.2200
    0.0453     -1.2000
    0.0366     -1.1800
    0.0444     -1.1600
    0.0700     -1.1400
    0.1157     -1.1200
    0.1797     -1.1000
    0.2519     -1.0800
    0.3170     -1.0600
    0.3648     -1.0400
    0.3983     -1.0200
    0.4244     -1.0000
    0.4369     -0.9800
    0.4202     -0.9600
    0.3704     -0.9400
    0.3018     -0.9200
    0.2352     -0.9000
    0.1835     -0.8800
    0.1483     -0.8600
    0.1301     -0.8400
    0.1318     -0.8200
    0.1472     -0.8000
    0.1605     -0.7800
    0.1719     -0.7600
    0.2078     -0.7400
    0.2871     -0.7200
    0.3827     -0.7000
    0.4387     -0.6800
    0.4284     -0.6600
    0.3775     -0.6400
    0.3341     -0.6200
    0.3293     -0.6000
    0.3551     -0.5800
    0.3763     -0.5600
    0.3762     -0.5400
    0.3736     -0.5200
    0.3833     -0.5000
    0.3942     -0.4800
    0.3983     -0.4600
    0.4019     -0.4400
    0.4071     -0.4200
    0.4134     -0.4000
    0.4271     -0.3800
    0.4507     -0.3600
    0.4800     -0.3400
    0.5116     -0.3200
    0.5343     -0.3000
    0.5332     -0.2800
    0.5117     -0.2600
    0.4914     -0.2400
    0.4850     -0.2200
    0.4834     -0.2000
    0.4663     -0.1800
    0.4200     -0.1600
    0.3545     -0.1400
    0.3097     -0.1200
    0.3370     -0.1000
    0.4659     -0.0800
    0.6798     -0.0600
    0.9072     -0.0400
    1.0545     -0.0200
    1.0826      0.0000
    1.0341      0.0200
    0.9710      0.0400
    0.9182      0.0600
    0.8785      0.0800
    0.8638      0.1000
    0.8869      0.1200
    0.9319      0.1400
    0.9701      0.1600
    1.0008      0.1800
    1.0258      0.2000
    0.9999      0.2200
    0.8865      0.2400
    0.7426      0.2600
    0.6666      0.2800
    0.6864      0.3000
    0.7585      0.3200
    0.8309      0.3400
    0.8563      0.3600
    0.7979      0.3800
    0.6744      0.4000
    0.5676      0.4200
    0.5502      0.4400
    0.6209      0.4600
    0.7327      0.4800
    0.8587      0.5000
    1.0002      0.5200
    1.1471      0.5400
    1.2625      0.5600
    1.3075      0.5800
    1.2614      0.6000
    1.1293      0.6200
    0.9550      0.6400
    0.8194      0.6600
    0.8007      0.6800
    0.9024      0.7000
    1.0168      0.7200
    1.0166      0.7400
    0.8920      0.7600
    0.7436      0.7800
    0.6486      0.8000
    0.5912      0.8200
    0.5227      0.8400
    0.4478      0.8600
    0.4226      0.8800
    0.4765      0.9000
    0.5732      0.9200
    0.6565      0.9400
    0.6952      0.9600
    0.6843      0.9800
    0.6408      1.0000
    0.5979      1.0200
    0.5794      1.0400
    0.5849      1.0600
    0.6102      1.0800
    0.6625      1.1000
    0.7312      1.1200
    0.7595      1.1400
    0.6918      1.1600
    0.5527      1.1800
    0.4356      1.2000
    0.4184      1.2200
    0.5094      1.2400
    0.6452      1.2600
    0.7310      1.2800
    0.7178      1.3000
    0.6392      1.3200
    0.5600      1.3400
    0.5101      1.3600
    0.4790      1.3800
    0.4540      1.4000
    0.4439      1.4200
    0.4593      1.4400
    0.4857      1.4600
    0.4998      1.4800
    0.5108      1.5000
    0.5561      1.5200
    0.6429      1.5400
    0.7241      1.5600
    0.7599      1.5800
    0.7604      1.6000
    0.7439      1.6200
    0.7094      1.6400
    0.6681      1.6600
    0.6438      1.6800
    0.6248      1.7000
    0.5656      1.7200
    0.4515      1.7400
    0.3256      1.7600
    0.2431      1.7800
    0.2268      1.8000
    0.2725      1.8200
    0.3672      1.8400
    0.4897      1.8600
    0.6087      1.8800
    0.6942      1.9000
    0.7274      1.9200
    0.7055      1.9400
    0.6458      1.9600
    0.5766      1.9800
    0.5264      2.0000
