    0.5969     -8.0000
    0.2495     -7.9875
    0.0923     -7.9750
    0.0302     -7.9625
    0.0087     -7.9500
    0.0022     -7.9375
    0.0005     -7.9250
    0.0001     -7.9125
    0.0000     -7.9000
    0.0000     -7.8875
    0.0000     -7.8750
    0.0000     -7.8625
    0.0000     -7.8500
    0.0000     -7.8375
    0.0000     -7.8250
    0.0000     -7.8125
    0.0000     -7.8000
    0.0000     -7.7875
    0.0000     -7.7750
    0.0000     -7.7625
    0.0000     -7.7500
    0.0000     -7.7375
    0.0000     -7.7250
    0.0000     -7.7125
    0.0000     -7.7000
    0.0000     -7.6875
    0.0000     -7.6750
    0.0000     -7.6625
    0.0000     -7.6500
    0.0000     -7.6375
    0.0000     -7.6250
    0.0000     -7.6125
    0.0000     -7.6000
    0.0000     -7.5875
    0.0000     -7.5750
    0.0000     -7.5625
    0.0000     -7.5500
    0.0000     -7.5375
    0.0000     -7.5250
    0.0000     -7.5125
    0.0000     -7.5000
    0.0000     -7.4875
    0.0000     -7.4750
    0.0000     -7.4625
    0.0000     -7.4500
    0.0000     -7.4375
    0.0000     -7.4250
    0.0000     -7.4125
    0.0000     -7.4000
    0.0000     -7.3875
    0.0000     -7.3750
    0.0000     -7.3625
    0.0000     -7.3500
    0.0000     -7.3375
    0.0000     -7.3250
    0.0000     -7.3125
    0.0000     -7.3000
    0.0000     -7.2875
    0.0000     -7.2750
    0.0000     -7.2625
    0.0001     -7.2500
    0.0002     -7.2375
    0.0007     -7.2250
    0.0019     -7.2125
    0.0052     -7.2000
    0.0123     -7.1875
    0.0268     -7.1750
    0.0532     -7.1625
    0.0972     -7.1500
    0.1641     -7.1375
    0.2565     -7.1250
    0.3697     -7.1125
    0.4890     -7.1000
    0.5902     -7.0875
    0.6493     -7.0750
    0.6560     -7.0625
    0.6243     -7.0500
    0.5885     -7.0375
    0.5862     -7.0250
    0.6378     -7.0125
    0.7354     -7.0000
    0.8485     -6.9875
    0.9393     -6.9750
    0.9768     -6.9625
    0.9458     -6.9500
    0.8481     -6.9375
    0.7029     -6.9250
    0.5431     -6.9125
    0.4096     -6.9000
    0.3418     -6.8875
    0.3678     -6.8750
    0.4948     -6.8625
    0.7004     -6.8500
    0.9320     -6.8375
    1.1204     -6.8250
    1.2081     -6.8125
    1.1790     -6.8000
    1.0665     -6.7875
    0.9305     -6.7750
    0.8207     -6.7625
    0.7496     -6.7500
    0.6956     -6.7375
    0.6273     -6.7250
    0.5310     -6.7125
    0.4204     -6.7000
    0.3286     -6.6875
    0.2920     -6.6750
    0.3371     -6.6625
    0.4738     -6.6500
    0.6927     -6.6375
    0.9644     -6.6250
    1.2403     -6.6125
    1.4602     -6.6000
    1.5677     -6.5875
    1.5304     -6.5750
    1.3571     -6.5625
    1.0993     -6.5500
    0.8332     -6.5375
    0.6292     -6.5250
    0.5250     -6.5125
    0.5149     -6.5000
    0.5584     -6.4875
    0.6017     -6.4750
    0.6040     -6.4625
    0.5560     -6.4500
    0.4832     -6.4375
    0.4335     -6.4250
    0.4558     -6.4125
    0.5787     -6.4000
    0.7970     -6.3875
    1.0717     -6.3750
    1.3460     -6.3625
    1.5699     -6.3500
    1.7192     -6.3375
    1.7941     -6.3250
    1.8033     -6.3125
    1.7528     -6.3000
    1.6515     -6.2875
    1.5237     -6.2750
    1.4098     -6.2625
    1.3477     -6.2500
    1.3512     -6.2375
    1.4044     -6.2250
    1.4773     -6.2125
    1.5467     -6.2000
    1.6102     -6.1875
    1.6855     -6.1750
    1.8037     -6.1625
    2.0029     -6.1500
    2.3257     -6.1375
    2.8137     -6.1250
    3.4976     -6.1125
    4.3818     -6.1000
    5.4332     -6.0875
    6.5836     -6.0750
    7.7503     -6.0625
    8.8707     -6.0500
    9.9350     -6.0375
   10.9968     -6.0250
   12.1475     -6.0125
   13.4644     -6.0000
   14.9634     -5.9875
   16.5970     -5.9750
   18.3071     -5.9625
   20.0955     -5.9500
   22.0479     -5.9375
   24.2725     -5.9250
   26.7858     -5.9125
   29.4277     -5.9000
   31.8744     -5.8875
   33.7581     -5.8750
   34.8342     -5.8625
   35.1007     -5.8500
   34.7947     -5.8375
   34.2596     -5.8250
   33.7683     -5.8125
   33.4167     -5.8000
   33.1494     -5.7875
   32.8824     -5.7750
   32.6331     -5.7625
   32.5722     -5.7500
   32.9623     -5.7375
   34.0117     -5.7250
   35.7270     -5.7125
   37.8633     -5.7000
   40.0184     -5.6875
   41.8194     -5.6750
   43.0817     -5.6625
   43.8506     -5.6500
   44.3298     -5.6375
   44.7691     -5.6250
   45.3700     -5.6125
   46.2095     -5.6000
   47.1794     -5.5875
   47.9879     -5.5750
   48.2820     -5.5625
   47.8629     -5.5500
   46.8468     -5.5375
   45.6184     -5.5250
   44.5860     -5.5125
   43.9195     -5.5000
   43.4806     -5.4875
   42.9872     -5.4750
   42.2587     -5.4625
   41.3378     -5.4500
   40.4040     -5.4375
   39.5798     -5.4250
   38.8123     -5.4125
   37.9355     -5.4000
   36.8494     -5.3875
   35.6414     -5.3750
   34.5358     -5.3625
   33.7286     -5.3500
   33.2685     -5.3375
   33.0924     -5.3250
   33.1637     -5.3125
   33.5733     -5.3000
   34.5032     -5.2875
   36.0772     -5.2750
   38.2130     -5.2625
   40.5911     -5.2500
   42.7818     -5.2375
   44.4580     -5.2250
   45.5507     -5.2125
   46.2415     -5.2000
   46.8042     -5.1875
   47.4232     -5.1750
   48.1193     -5.1625
   48.8074     -5.1500
   49.3959     -5.1375
   49.8289     -5.1250
   50.0599     -5.1125
   50.0317     -5.1000
   49.7133     -5.0875
   49.1573     -5.0750
   48.4880     -5.0625
   47.8015     -5.0500
   47.0638     -5.0375
   46.1224     -5.0250
   44.8402     -5.0125
   43.2444     -5.0000
   41.5686     -4.9875
   40.1550     -4.9750
   39.2895     -4.9625
   39.0701     -4.9500
   39.3748     -4.9375
   39.9272     -4.9250
   40.4116     -4.9125
   40.5759     -4.9000
   40.2899     -4.8875
   39.5652     -4.8750
   38.5538     -4.8625
   37.5170     -4.8500
   36.7435     -4.8375
   36.4339     -4.8250
   36.6170     -4.8125
   37.1593     -4.8000
   37.8631     -4.7875
   38.5821     -4.7750
   39.2829     -4.7625
   40.0369     -4.7500
   40.9671     -4.7375
   42.1740     -4.7250
   43.6552     -4.7125
   45.2504     -4.7000
   46.6710     -4.6875
   47.6400     -4.6750
   48.0777     -4.6625
   48.2083     -4.6500
   48.5017     -4.6375
   49.4762     -4.6250
   51.4739     -4.6125
   54.5224     -4.6000
   58.3315     -4.5875
   62.4056     -4.5750
   66.2102     -4.5625
   69.3316     -4.5500
   71.5818     -4.5375
   73.0221     -4.5250
   73.8961     -4.5125
   74.5046     -4.5000
   75.0912     -4.4875
   75.7927     -4.4750
   76.6449     -4.4625
   77.5870     -4.4500
   78.4373     -4.4375
   78.8756     -4.4250
   78.4894     -4.4125
   76.8983     -4.4000
   73.9164     -4.3875
   69.6761     -4.3750
   64.6481     -4.3625
   59.5268     -4.3500
   55.0331     -4.3375
   51.7282     -4.3250
   49.9106     -4.3125
   49.5948     -4.3000
   50.5286     -4.2875
   52.2317     -4.2750
   54.0769     -4.2625
   55.4283     -4.2500
   55.8107     -4.2375
   55.0506     -4.2250
   53.3210     -4.2125
   51.0544     -4.2000
   48.7586     -4.1875
   46.8363     -4.1750
   45.5078     -4.1625
   44.8456     -4.1500
   44.8412     -4.1375
   45.4270     -4.1250
   46.4534     -4.1125
   47.6922     -4.1000
   48.9169     -4.0875
   50.0294     -4.0750
   51.1373     -4.0625
   52.5027     -4.0500
   54.3692     -4.0375
   56.7652     -4.0250
   59.4041     -4.0125
   61.7447     -4.0000
   63.1962     -3.9875
   63.3774     -3.9750
   62.3126     -3.9625
   60.4509     -3.9500
   58.4758     -3.9375
   56.9975     -3.9250
   56.3092     -3.9125
   56.3440     -3.9000
   56.8151     -3.8875
   57.4022     -3.8750
   57.8657     -3.8625
   58.0776     -3.8500
   58.0293     -3.8375
   57.8393     -3.8250
   57.7176     -3.8125
   57.8531     -3.8000
   58.2755     -3.7875
   58.8000     -3.7750
   59.1130     -3.7625
   58.9415     -3.7500
   58.2017     -3.7375
   57.0598     -3.7250
   55.9006     -3.7125
   55.2177     -3.7000
   55.4414     -3.6875
   56.7575     -3.6750
   59.0101     -3.6625
   61.7542     -3.6500
   64.4337     -3.6375
   66.5761     -3.6250
   67.9014     -3.6125
   68.3180     -3.6000
   67.8615     -3.5875
   66.6507     -3.5750
   64.8890     -3.5625
   62.8663     -3.5500
   60.9022     -3.5375
   59.2289     -3.5250
   57.8987     -3.5125
   56.8121     -3.5000
   55.8608     -3.4875
   55.0757     -3.4750
   54.6483     -3.4625
   54.8027     -3.4500
   55.6196     -3.4375
   56.9601     -3.4250
   58.5401     -3.4125
   60.0778     -3.4000
   61.3882     -3.3875
   62.3845     -3.3750
   63.0465     -3.3625
   63.4237     -3.3500
   63.6565     -3.3375
   63.9393     -3.3250
   64.3998     -3.3125
   64.9696     -3.3000
   65.3654     -3.2875
   65.2315     -3.2750
   64.3630     -3.2625
   62.8574     -3.2500
   61.0979     -3.2375
   59.5892     -3.2250
   58.7514     -3.2125
   58.7816     -3.2000
   59.6399     -3.1875
   61.1477     -3.1750
   63.1294     -3.1625
   65.4989     -3.1500
   68.2318     -3.1375
   71.2545     -3.1250
   74.3529     -3.1125
   77.1836     -3.1000
   79.3788     -3.0875
   80.6620     -3.0750
   80.8990     -3.0625
   80.0733     -3.0500
   78.2250     -3.0375
   75.4136     -3.0250
   71.7397     -3.0125
   67.4092     -3.0000
   62.7723     -2.9875
   58.2653     -2.9750
   54.2549     -2.9625
   50.8704     -2.9500
   47.9362     -2.9375
   45.0642     -2.9250
   41.8664     -2.9125
   38.1655     -2.9000
   34.0769     -2.8875
   29.9196     -2.8750
   26.0260     -2.8625
   22.5824     -2.8500
   19.5861     -2.8375
   16.9132     -2.8250
   14.4256     -2.8125
   12.0468     -2.8000
    9.7826     -2.7875
    7.7015     -2.7750
    5.9001     -2.7625
    4.4684     -2.7500
    3.4596     -2.7375
    2.8645     -2.7250
    2.6006     -2.7125
    2.5257     -2.7000
    2.4782     -2.6875
    2.3309     -2.6750
    2.0324     -2.6625
    1.6150     -2.6500
    1.1657     -2.6375
    0.7824     -2.6250
    0.5411     -2.6125
    0.4890     -2.6000
    0.6518     -2.5875
    1.0398     -2.5750
    1.6428     -2.5625
    2.4266     -2.5500
    3.3450     -2.5375
    4.3638     -2.5250
    5.4661     -2.5125
    6.6164     -2.5000
    7.7014     -2.4875
    8.5099     -2.4750
    8.8016     -2.4625
    8.4394     -2.4500
    7.4924     -2.4375
    6.2249     -2.4250
    4.9707     -2.4125
    3.9781     -2.4000
    3.3257     -2.3875
    2.9461     -2.3750
    2.7184     -2.3625
    2.5554     -2.3500
    2.4369     -2.3375
    2.3841     -2.3250
    2.4143     -2.3125
    2.5124     -2.3000
    2.6313     -2.2875
    2.7117     -2.2750
    2.7013     -2.2625
    2.5711     -2.2500
    2.3265     -2.2375
    2.0126     -2.2250
    1.7004     -2.2125
    1.4576     -2.2000
    1.3186     -2.1875
    1.2735     -2.1750
    1.2822     -2.1625
    1.3020     -2.1500
    1.3123     -2.1375
    1.3215     -2.1250
    1.3527     -2.1125
    1.4196     -2.1000
    1.5118     -2.0875
    1.6029     -2.0750
    1.6766     -2.0625
    1.7497     -2.0500
    1.8743     -2.0375
    2.1183     -2.0250
    2.5344     -2.0125
    3.1321     -2.0000
    3.8634     -1.9875
    4.6312     -1.9750
    5.3245     -1.9625
    5.8643     -1.9500
    6.2308     -1.9375
    6.4529     -1.9250
    6.5709     -1.9125
    6.6014     -1.9000
    6.5259     -1.8875
    6.3044     -1.8750
    5.9077     -1.8625
    5.3501     -1.8500
    4.7046     -1.8375
    4.0852     -1.8250
    3.5993     -1.8125
    3.3031     -1.8000
    3.1871     -1.7875
    3.1972     -1.7750
    3.2718     -1.7625
    3.3689     -1.7500
    3.4709     -1.7375
    3.5691     -1.7250
    3.6453     -1.7125
    3.6664     -1.7000
    3.5972     -1.6875
    3.4187     -1.6750
    3.1384     -1.6625
    2.7849     -1.6500
    2.3961     -1.6375
    2.0059     -1.6250
    1.6402     -1.6125
    1.3219     -1.6000
    1.0841     -1.5875
    0.9813     -1.5750
    1.0832     -1.5625
    1.4444     -1.5500
    2.0584     -1.5375
    2.8237     -1.5250
    3.5533     -1.5125
    4.0435     -1.5000
    4.1726     -1.4875
    3.9691     -1.4750
    3.6024     -1.4625
    3.2964     -1.4500
    3.2158     -1.4375
    3.3924     -1.4250
    3.7245     -1.4125
    4.0443     -1.4000
    4.2093     -1.3875
    4.1677     -1.3750
    3.9718     -1.3625
    3.7462     -1.3500
    3.6393     -1.3375
    3.7788     -1.3250
    4.2358     -1.3125
    4.9975     -1.3000
    5.9554     -1.2875
    6.9258     -1.2750
    7.7048     -1.2625
    8.1374     -1.2500
    8.1673     -1.2375
    7.8449     -1.2250
    7.2962     -1.2125
    6.6722     -1.2000
    6.1005     -1.1875
    5.6518     -1.1750
    5.3358     -1.1625
    5.1260     -1.1500
    5.0022     -1.1375
    4.9792     -1.1250
    5.0971     -1.1125
    5.3748     -1.1000
    5.7611     -1.0875
    6.1220     -1.0750
    6.2858     -1.0625
    6.1219     -1.0500
    5.6114     -1.0375
    4.8641     -1.0250
    4.0735     -1.0125
    3.4347     -1.0000
    3.0669     -0.9875
    2.9800     -0.9750
    3.0905     -0.9625
    3.2723     -0.9500
    3.4121     -0.9375
    3.4491     -0.9250
    3.3918     -0.9125
    3.3117     -0.9000
    3.3149     -0.8875
    3.4948     -0.8750
    3.8782     -0.8625
    4.3932     -0.8500
    4.8853     -0.8375
    5.1829     -0.8250
    5.1782     -0.8125
    4.8729     -0.8000
    4.3654     -0.7875
    3.7929     -0.7750
    3.2726     -0.7625
    2.8776     -0.7500
    2.6557     -0.7375
    2.6665     -0.7250
    2.9919     -0.7125
    3.6932     -0.7000
    4.7296     -0.6875
    5.9004     -0.6750
    6.8752     -0.6625
    7.3223     -0.6500
    7.0665     -0.6375
    6.1739     -0.6250
    4.9079     -0.6125
    3.5935     -0.6000
    2.4862     -0.5875
    1.7166     -0.5750
    1.3121     -0.5625
    1.2456     -0.5500
    1.4656     -0.5375
    1.8982     -0.5250
    2.4454     -0.5125
    3.0022     -0.5000
    3.4895     -0.4875
    3.8761     -0.4750
    4.1749     -0.4625
    4.4210     -0.4500
    4.6516     -0.4375
    4.8978     -0.4250
    5.1783     -0.4125
    5.4933     -0.4000
    5.8222     -0.3875
    6.1294     -0.3750
    6.3747     -0.3625
    6.5185     -0.3500
    6.5237     -0.3375
    6.3630     -0.3250
    6.0330     -0.3125
    5.5641     -0.3000
    5.0149     -0.2875
    4.4492     -0.2750
    3.9117     -0.2625
    3.4212     -0.2500
    2.9884     -0.2375
    2.6390     -0.2250
    2.4171     -0.2125
    2.3576     -0.2000
    2.4500     -0.1875
    2.6268     -0.1750
    2.7908     -0.1625
    2.8641     -0.1500
    2.8297     -0.1375
    2.7393     -0.1250
    2.6889     -0.1125
    2.7734     -0.1000
    3.0430     -0.0875
    3.4756     -0.0750
    3.9770     -0.0625
    4.4160     -0.0500
    4.6875     -0.0375
    4.7745     -0.0250
    4.7674     -0.0125
    4.8131      0.0000
    5.0212      0.0125
    5.3909      0.0250
    5.8133      0.0375
    6.1448      0.0500
    6.2934      0.0625
    6.2609      0.0750
    6.1210      0.0875
    5.9588      0.1000
    5.8114      0.1125
    5.6457      0.1250
    5.3836      0.1375
    4.9600      0.1500
    4.3776      0.1625
    3.7244      0.1750
    3.1441      0.1875
    2.7810      0.2000
    2.7294      0.2125
    3.0102      0.2250
    3.5735      0.2375
    4.3122      0.2500
    5.0765      0.2625
    5.6929      0.2750
    6.0005      0.2875
    5.9079      0.3000
    5.4447      0.3125
    4.7703      0.3250
    4.1225      0.3375
    3.7277      0.3500
    3.7175      0.3625
    4.0865      0.3750
    4.7025      0.3875
    5.3581      0.4000
    5.8427      0.4125
    6.0115      0.4250
    5.8287      0.4375
    5.3702      0.4500
    4.7883      0.4625
    4.2567      0.4750
    3.9189      0.4875
    3.8550      0.5000
    4.0654      0.5125
    4.4743      0.5250
    4.9565      0.5375
    5.3866      0.5500
    5.6894      0.5625
    5.8596      0.5750
    5.9408      0.5875
    5.9855      0.6000
    6.0241      0.6125
    6.0528      0.6250
    6.0368      0.6375
    5.9265      0.6500
    5.6902      0.6625
    5.3477      0.6750
    4.9758      0.6875
    4.6702      0.7000
    4.4872      0.7125
    4.4130      0.7250
    4.3823      0.7375
    4.3268      0.7500
    4.2073      0.7625
    4.0103      0.7750
    3.7268      0.7875
    3.3478      0.8000
    2.8790      0.8125
    2.3567      0.8250
    1.8418      0.8375
    1.3968      0.8500
    1.0661      0.8625
    0.8749      0.8750
    0.8415      0.8875
    0.9851      0.9000
    1.3152      0.9125
    1.8116      0.9250
    2.4127      0.9375
    3.0299      0.9500
    3.5791      0.9625
    4.0070      0.9750
    4.2934      0.9875
    4.4345      1.0000
    4.4306      1.0125
    4.2873      1.0250
    4.0273      1.0375
    3.6940      1.0500
    3.3447      1.0625
    3.0426      1.0750
    2.8522      1.0875
    2.8339      1.1000
    3.0250      1.1125
    3.4097      1.1250
    3.9017      1.1375
    4.3637      1.1500
    4.6598      1.1625
    4.7098      1.1750
    4.5111      1.1875
    4.1241      1.2000
    3.6437      1.2125
    3.1801      1.2250
    2.8474      1.2375
    2.7409      1.2500
    2.8983      1.2625
    3.2633      1.2750
    3.6880      1.2875
    3.9911      1.3000
    4.0445      1.3125
    3.8370      1.3250
    3.4756      1.3375
    3.1305      1.3500
    2.9629      1.3625
    3.0707      1.3750
    3.4617      1.3875
    4.0521      1.4000
    4.6913      1.4125
    5.2175      1.4250
    5.5261      1.4375
    5.6103      1.4500
    5.5440      1.4625
    5.4181      1.4750
    5.2783      1.4875
    5.1117      1.5000
    4.8871      1.5125
    4.6137      1.5250
    4.3651      1.5375
    4.2463      1.5500
    4.3261      1.5625
    4.5896      1.5750
    4.9427      1.5875
    5.2605      1.6000
    5.4366      1.6125
    5.4088      1.6250
    5.1620      1.6375
    4.7210      1.6500
    4.1419      1.6625
    3.4988      1.6750
    2.8705      1.6875
    2.3309      1.7000
    1.9413      1.7125
    1.7412      1.7250
    1.7370      1.7375
    1.8919      1.7500
    2.1279      1.7625
    2.3452      1.7750
    2.4602      1.7875
    2.4480      1.8000
    2.3606      1.8125
    2.3020      1.8250
    2.3633      1.8375
    2.5590      1.8500
    2.8120      1.8625
    3.0035      1.8750
    3.0568      1.8875
    2.9950      1.9000
    2.9322      1.9125
    3.0067      1.9250
    3.3057      1.9375
    3.8251      1.9500
    4.4784      1.9625
    5.1343      1.9750
    5.6541      1.9875
    5.9181      2.0000
