    0.2261     -7.9875
    0.3785     -7.9680
    0.5554     -7.9485
    0.6186     -7.9290
    0.5155     -7.9095
    0.3308     -7.8900
    0.2061     -7.8705
    0.2443     -7.8510
    0.4804     -7.8315
    0.8499     -7.8120
    1.1646     -7.7925
    1.2369     -7.7730
    1.0935     -7.7535
    0.9788     -7.7340
    1.0689     -7.7145
    1.2456     -7.6950
    1.2410     -7.6755
    0.9713     -7.6560
    0.6208     -7.6365
    0.4172     -7.6170
    0.4380     -7.5975
    0.6161     -7.5780
    0.8315     -7.5585
    1.0065     -7.5390
    1.1585     -7.5195
    1.3352     -7.5000
    1.5175     -7.4805
    1.6583     -7.4610
    1.7782     -7.4415
    1.9332     -7.4220
    2.1167     -7.4025
    2.2722     -7.3830
    2.3677     -7.3635
    2.3630     -7.3440
    2.1574     -7.3245
    1.7224     -7.3050
    1.2439     -7.2855
    0.9810     -7.2660
    1.0415     -7.2465
    1.4120     -7.2270
    2.0659     -7.2075
    2.8289     -7.1880
    3.2884     -7.1685
    3.1368     -7.1490
    2.5231     -7.1295
    1.8571     -7.1100
    1.3823     -7.0905
    1.0755     -7.0710
    0.8471     -7.0515
    0.6951     -7.0320
    0.6524     -7.0125
    0.6729     -6.9930
    0.6735     -6.9735
    0.7031     -6.9540
    1.0021     -6.9345
    1.7899     -6.9150
    2.9045     -6.8955
    3.7369     -6.8760
    3.7468     -6.8565
    3.0422     -6.8370
    2.2414     -6.8175
    1.8096     -6.7980
    1.7505     -6.7785
    1.9134     -6.7590
    2.3101     -6.7395
    2.9404     -6.7200
    3.4754     -6.7005
    3.4590     -6.6810
    2.8559     -6.6615
    2.1174     -6.6420
    1.6649     -6.6225
    1.5394     -6.6030
    1.5341     -6.5835
    1.4382     -6.5640
    1.1714     -6.5445
    0.8330     -6.5250
    0.6225     -6.5055
    0.7249     -6.4860
    1.3617     -6.4665
    2.8870     -6.4470
    5.5414     -6.4275
    8.8266     -6.4080
   11.3382     -6.3885
   11.8619     -6.3690
   10.6583     -6.3495
    9.0391     -6.3300
    7.8163     -6.3105
    6.8276     -6.2910
    5.7664     -6.2715
    4.7471     -6.2520
    3.9962     -6.2325
    3.4789     -6.2130
    2.9966     -6.1935
    2.4469     -6.1740
    1.9009     -6.1545
    1.4900     -6.1350
    1.2775     -6.1155
    1.2611     -6.0960
    1.4421     -6.0765
    1.7963     -6.0570
    2.1824     -6.0375
    2.3866     -6.0180
    2.3329     -5.9985
    2.1518     -5.9790
    1.9654     -5.9595
    1.7407     -5.9400
    1.4287     -5.9205
    1.1065     -5.9010
    0.9384     -5.8815
    1.0738     -5.8620
    1.5429     -5.8425
    2.1951     -5.8230
    2.7799     -5.8035
    3.0818     -5.7840
    3.0046     -5.7645
    2.6718     -5.7450
    2.4561     -5.7255
    2.7266     -5.7060
    3.4611     -5.6865
    4.1559     -5.6670
    4.2486     -5.6475
    3.6539     -5.6280
    2.7725     -5.6085
    2.0554     -5.5890
    1.7256     -5.5695
    1.7818     -5.5500
    2.0538     -5.5305
    2.2810     -5.5110
    2.2520     -5.4915
    1.9587     -5.4720
    1.6371     -5.4525
    1.5860     -5.4330
    1.9199     -5.4135
    2.5225     -5.3940
    3.2074     -5.3745
    3.8949     -5.3550
    4.5876     -5.3355
    5.1569     -5.3160
    5.3427     -5.2965
    5.1043     -5.2770
    4.7510     -5.2575
    4.5906     -5.2380
    4.6655     -5.2185
    4.8487     -5.1990
    4.9616     -5.1795
    4.8321     -5.1600
    4.4342     -5.1405
    3.9399     -5.1210
    3.5130     -5.1015
    3.1129     -5.0820
    2.6440     -5.0625
    2.2214     -5.0430
    2.1100     -5.0235
    2.4831     -5.0040
    3.3654     -4.9845
    4.6367     -4.9650
    5.9984     -4.9455
    7.1949     -4.9260
    8.3877     -4.9065
   10.0070     -4.8870
   11.9315     -4.8675
   13.0625     -4.8480
   12.2993     -4.8285
    9.9367     -4.8090
    7.5574     -4.7895
    6.5453     -4.7700
    7.1146     -4.7505
    8.6587     -4.7310
   10.5449     -4.7115
   12.4318     -4.6920
   14.1093     -4.6725
   15.3072     -4.6530
   15.7196     -4.6335
   15.3145     -4.6140
   14.5893     -4.5945
   14.1497     -4.5750
   13.9775     -4.5555
   13.5507     -4.5360
   12.7105     -4.5165
   11.9303     -4.4970
   11.6638     -4.4775
   11.8436     -4.4580
   12.1715     -4.4385
   12.5762     -4.4190
   13.1291     -4.3995
   13.7310     -4.3800
   14.2043     -4.3605
   14.5991     -4.3410
   15.1594     -4.3215
   16.1348     -4.3020
   17.8587     -4.2825
   20.6134     -4.2630
   23.9265     -4.2435
   26.4209     -4.2240
   27.1028     -4.2045
   26.6302     -4.1850
   26.6753     -4.1655
   28.2425     -4.1460
   30.9773     -4.1265
   33.5540     -4.1070
   34.5931     -4.0875
   33.8538     -4.0680
   32.4388     -4.0485
   31.6421     -4.0290
   32.0046     -4.0095
   33.2076     -3.9900
   34.2474     -3.9705
   33.9691     -3.9510
   32.0210     -3.9315
   29.3297     -3.9120
   27.3098     -3.8925
   26.5201     -3.8730
   26.3386     -3.8535
   25.8871     -3.8340
   24.9467     -3.8145
   24.0194     -3.7950
   23.6951     -3.7755
   24.1461     -3.7560
   25.3984     -3.7365
   27.6760     -3.7170
   31.0070     -3.6975
   34.7564     -3.6780
   37.8115     -3.6585
   39.1778     -3.6390
   38.5904     -3.6195
   36.7004     -3.6000
   34.5140     -3.5805
   32.6412     -3.5610
   31.2616     -3.5415
   30.7758     -3.5220
   32.0054     -3.5025
   35.2931     -3.4830
   39.5391     -3.4635
   42.4931     -3.4440
   42.2412     -3.4245
   38.9120     -3.4050
   35.1235     -3.3855
   33.9712     -3.3660
   36.1088     -3.3465
   39.3453     -3.3270
   41.1463     -3.3075
   40.7307     -3.2880
   38.6969     -3.2685
   35.8061     -3.2490
   32.8249     -3.2295
   30.7018     -3.2100
   30.2544     -3.1905
   32.1601     -3.1710
   36.8745     -3.1515
   43.5292     -3.1320
   49.6719     -3.1125
   53.3056     -3.0930
   54.4660     -3.0735
   54.2105     -3.0540
   53.3464     -3.0345
   52.7710     -3.0150
   53.6234     -2.9955
   56.0391     -2.9760
   58.5186     -2.9565
   59.3814     -2.9370
   58.6102     -2.9175
   57.9381     -2.8980
   59.3485     -2.8785
   63.4684     -2.8590
   69.0098     -2.8395
   73.7892     -2.8200
   76.6725     -2.8005
   78.4410     -2.7810
   80.5028     -2.7615
   83.0783     -2.7420
   84.8141     -2.7225
   83.9474     -2.7030
   80.2348     -2.6835
   75.9188     -2.6640
   73.9038     -2.6445
   74.7255     -2.6250
   76.1121     -2.6055
   75.4309     -2.5860
   71.7935     -2.5665
   66.1612     -2.5470
   60.2801     -2.5275
   55.3856     -2.5080
   51.5525     -2.4885
   48.2440     -2.4690
   45.2311     -2.4495
   42.9419     -2.4300
   42.2755     -2.4105
   44.3115     -2.3910
   50.1849     -2.3715
   60.3564     -2.3520
   72.8205     -2.3325
   82.7689     -2.3130
   85.7500     -2.2935
   81.1478     -2.2740
   72.0774     -2.2545
   62.6232     -2.2350
   55.4230     -2.2155
   50.9681     -2.1960
   48.4752     -2.1765
   47.2179     -2.1570
   46.9855     -2.1375
   47.7567     -2.1180
   49.6113     -2.0985
   52.7452     -2.0790
   57.1057     -2.0595
   62.2715     -2.0400
   67.7099     -2.0205
   72.6209     -2.0010
   75.8399     -1.9815
   76.6937     -1.9620
   75.7624     -1.9425
   74.4547     -1.9230
   74.0943     -1.9035
   75.1878     -1.8840
   77.0612     -1.8645
   78.2569     -1.8450
   77.4694     -1.8255
   74.4698     -1.8060
   70.7340     -1.7865
   68.8319     -1.7670
   70.3378     -1.7475
   74.4723     -1.7280
   79.1808     -1.7085
   83.3183     -1.6890
   87.5040     -1.6695
   92.7692     -1.6500
   98.6700     -1.6305
  103.2222     -1.6110
  104.5754     -1.5915
  102.2986     -1.5720
   97.0465     -1.5525
   89.4307     -1.5330
   79.7718     -1.5135
   68.8972     -1.4940
   58.2611     -1.4745
   48.7859     -1.4550
   40.1492     -1.4355
   31.7021     -1.4160
   23.8176     -1.3965
   17.8370     -1.3770
   14.6341     -1.3575
   13.6746     -1.3380
   13.6391     -1.3185
   13.4936     -1.2990
   12.8457     -1.2795
   11.8139     -1.2600
   10.7399     -1.2405
    9.7665     -1.2210
    8.7528     -1.2015
    7.7011     -1.1820
    6.9762     -1.1625
    6.9414     -1.1430
    7.5270     -1.1235
    8.1919     -1.1040
    8.3252     -1.0845
    7.7810     -1.0650
    6.9283     -1.0455
    6.1564     -1.0260
    5.5709     -1.0065
    5.2037     -0.9870
    5.2649     -0.9675
    5.9862     -0.9480
    7.2234     -0.9285
    8.4530     -0.9090
    9.2707     -0.8895
    9.6766     -0.8700
    9.7971     -0.8505
    9.5704     -0.8310
    8.9018     -0.8115
    7.9887     -0.7920
    7.2314     -0.7725
    6.8390     -0.7530
    6.7207     -0.7335
    6.7745     -0.7140
    7.0845     -0.6945
    7.7380     -0.6750
    8.6290     -0.6555
    9.5722     -0.6360
   10.4189     -0.6165
   11.0017     -0.5970
   11.2296     -0.5775
   11.2714     -0.5580
   11.3919     -0.5385
   11.6322     -0.5190
   11.8337     -0.4995
   11.8571     -0.4800
   11.6662     -0.4605
   11.3432     -0.4410
   11.0196     -0.4215
   10.6949     -0.4020
   10.2069     -0.3825
    9.4026     -0.3630
    8.3264     -0.3435
    7.3037     -0.3240
    6.7082     -0.3045
    6.5213     -0.2850
    6.2975     -0.2655
    5.6571     -0.2460
    4.6692     -0.2265
    3.7573     -0.2070
    3.4013     -0.1875
    3.9056     -0.1680
    5.2161     -0.1485
    6.8638     -0.1290
    8.2093     -0.1095
    8.8428     -0.0900
    8.7699     -0.0705
    8.3418     -0.0510
    8.1013     -0.0315
    8.4211     -0.0120
    9.0501      0.0075
    9.2845      0.0270
    8.7701      0.0465
    7.8271      0.0660
    6.8755      0.0855
    5.9075      0.1050
    4.7153      0.1245
    3.3608      0.1440
    2.1859      0.1635
    1.4832      0.1830
    1.2760      0.2025
    1.3454      0.2220
    1.4359      0.2415
    1.4774      0.2610
    1.6097      0.2805
    1.9865      0.3000
    2.5750      0.3195
    3.1482      0.3390
    3.4623      0.3585
    3.4446      0.3780
    3.1904      0.3975
    2.8273      0.4170
    2.5022      0.4365
    2.4504      0.4560
    2.8980      0.4755
    3.8370      0.4950
    4.9560      0.5145
    5.8494      0.5340
    6.3094      0.5535
    6.4220      0.5730
    6.4880      0.5925
    6.9376      0.6120
    8.0655      0.6315
    9.5289      0.6510
   10.3232      0.6705
    9.6600      0.6900
    7.7946      0.7095
    5.8031      0.7290
    4.6579      0.7485
    4.5285      0.7680
    4.7888      0.7875
    4.6531      0.8070
    3.8623      0.8265
    2.7756      0.8460
    1.9085      0.8655
    1.5056      0.8850
    1.4551      0.9045
    1.4575      0.9240
    1.2992      0.9435
    1.0307      0.9630
    0.8838      0.9825
    1.0643      1.0020
    1.6484      1.0215
    2.5461      1.0410
    3.4338      1.0605
    3.8746      1.0800
    3.7086      1.0995
    3.2469      1.1190
    2.9696      1.1385
    3.1402      1.1580
    3.7296      1.1775
    4.4979      1.1970
    5.0752      1.2165
    5.1787      1.2360
    4.8931      1.2555
    4.6004      1.2750
    4.5381      1.2945
    4.5899      1.3140
    4.5726      1.3335
    4.5135      1.3530
    4.5566      1.3725
    4.7162      1.3920
    4.8190      1.4115
    4.7756      1.4310
    4.9163      1.4505
    5.7907      1.4700
    7.3720      1.4895
    8.6443      1.5090
    8.4181      1.5285
    6.5880      1.5480
    4.2267      1.5675
    2.4818      1.5870
    1.7483      1.6065
    1.7885      1.6260
    2.1988      1.6455
    2.6449      1.6650
    2.8784      1.6845
    2.7959      1.7040
    2.5434      1.7235
    2.4101      1.7430
    2.5487      1.7625
    2.8556      1.7820
    3.0849      1.8015
    3.0259      1.8210
    2.6705      1.8405
    2.2737      1.8600
    2.1577      1.8795
    2.3970      1.8990
    2.7799      1.9185
    3.1388      1.9380
    3.5889      1.9575
    4.2700      1.9770
    4.9610      1.9965
