    0.0009     -7.9980
    0.0023     -7.9650
    0.0025     -7.9320
    0.0012     -7.8990
    0.0008     -7.8660
    0.0027     -7.8330
    0.0054     -7.8000
    0.0061     -7.7670
    0.0067     -7.7340
    0.0063     -7.7010
    0.0030     -7.6680
    0.0007     -7.6350
    0.0010     -7.6020
    0.0039     -7.5690
    0.0102     -7.5360
    0.0145     -7.5030
    0.0113     -7.4700
    0.0117     -7.4370
    0.0200     -7.4040
    0.0260     -7.3710
    0.0242     -7.3380
    0.0254     -7.3050
    0.2639     -7.2720
    2.3886     -7.2390
    9.3578     -7.2060
   15.4550     -7.1730
   10.7264     -7.1400
    3.1405     -7.1070
    0.4048     -7.0740
    0.0334     -7.0410
    0.0140     -7.0080
    0.0286     -6.9750
    0.0532     -6.9420
    0.0847     -6.9090
    0.0992     -6.8760
    0.0743     -6.8430
    0.0403     -6.8100
    0.0333     -6.7770
    0.0438     -6.7440
    0.0472     -6.7110
    0.0807     -6.6780
    0.1548     -6.6450
    0.1978     -6.6120
    0.2175     -6.5790
    0.2579     -6.5460
    0.2563     -6.5130
    0.3699     -6.4800
    0.6086     -6.4470
    0.8946     -6.4140
    1.4828     -6.3810
    2.1486     -6.3480
    2.1659     -6.3150
    1.5334     -6.2820
    1.1468     -6.2490
    0.9109     -6.2160
    0.6128     -6.1830
    0.4473     -6.1500
    0.3609     -6.1170
    0.3333     -6.0840
    0.3843     -6.0510
    0.3489     -6.0180
    0.2151     -5.9850
    0.0833     -5.9520
    0.0276     -5.9190
    0.0346     -5.8860
    0.0436     -5.8530
    0.0348     -5.8200
    0.0447     -5.7870
    0.0858     -5.7540
    0.0995     -5.7210
    0.0595     -5.6880
    0.0180     -5.6550
    0.0055     -5.6220
    0.0166     -5.5890
    0.0386     -5.5560
    0.0433     -5.5230
    0.0347     -5.4900
    0.0274     -5.4570
    0.0165     -5.4240
    0.0099     -5.3910
    0.0129     -5.3580
    0.0267     -5.3250
    0.0393     -5.2920
    0.0316     -5.2590
    0.0173     -5.2260
    0.0148     -5.1930
    0.0156     -5.1600
    0.0138     -5.1270
    0.0116     -5.0940
    0.0091     -5.0610
    0.0065     -5.0280
    0.0065     -4.9950
    0.0104     -4.9620
    0.0151     -4.9290
    0.0153     -4.8960
    0.0119     -4.8630
    0.0102     -4.8300
    0.0095     -4.7970
    0.0076     -4.7640
    0.0058     -4.7310
    0.0043     -4.6980
    0.0041     -4.6650
    0.0058     -4.6320
    0.0075     -4.5990
    0.0068     -4.5660
    0.0047     -4.5330
    0.0054     -4.5000
    0.0067     -4.4670
    0.0054     -4.4340
    0.0042     -4.4010
    0.0036     -4.3680
    0.0034     -4.3350
    0.0059     -4.3020
    0.0101     -4.2690
    0.0104     -4.2360
    0.0080     -4.2030
    0.0095     -4.1700
    0.0114     -4.1370
    0.0097     -4.1040
    0.0086     -4.0710
    0.0106     -4.0380
    0.0132     -4.0050
    0.0123     -3.9720
    0.0084     -3.9390
    0.0053     -3.9060
    0.0028     -3.8730
    0.0011     -3.8400
    0.0005     -3.8070
    0.0007     -3.7740
    0.0010     -3.7410
    0.0012     -3.7080
    0.0008     -3.6750
    0.0002     -3.6420
    0.0000     -3.6090
    0.0000     -3.5760
    0.0000     -3.5430
    0.0000     -3.5100
    0.0001     -3.4770
    0.0003     -3.4440
    0.0005     -3.4110
    0.0003     -3.3780
    0.0001     -3.3450
    0.0001     -3.3120
    0.0006     -3.2790
    0.0017     -3.2460
    0.0020     -3.2130
    0.0010     -3.1800
    0.0002     -3.1470
    0.0000     -3.1140
    0.0001     -3.0810
    0.0001     -3.0480
    0.0002     -3.0150
    0.0001     -2.9820
    0.0000     -2.9490
    0.0000     -2.9160
    0.0003     -2.8830
    0.0013     -2.8500
    0.0025     -2.8170
    0.0026     -2.7840
    0.0020     -2.7510
    0.0017     -2.7180
    0.0014     -2.6850
    0.0010     -2.6520
    0.0012     -2.6190
    0.0022     -2.5860
    0.0027     -2.5530
    0.0018     -2.5200
    0.0006     -2.4870
    0.0002     -2.4540
    0.0001     -2.4210
    0.0001     -2.3880
    0.0005     -2.3550
    0.0011     -2.3220
    0.0013     -2.2890
    0.0013     -2.2560
    0.0014     -2.2230
    0.0011     -2.1900
    0.0006     -2.1570
    0.0006     -2.1240
    0.0006     -2.0910
    0.0003     -2.0580
    0.0001     -2.0250
    0.0000     -1.9920
    0.0000     -1.9590
    0.0000     -1.9260
    0.0000     -1.8930
    0.0000     -1.8600
    0.0000     -1.8270
    0.0000     -1.7940
    0.0002     -1.7610
    0.0006     -1.7280
    0.0006     -1.6950
    0.0003     -1.6620
    0.0002     -1.6290
    0.0004     -1.5960
    0.0006     -1.5630
    0.0006     -1.5300
    0.0018     -1.4970
    0.0044     -1.4640
    0.0055     -1.4310
    0.0042     -1.3980
    0.0029     -1.3650
    0.0027     -1.3320
    0.0041     -1.2990
    0.0061     -1.2660
    0.0070     -1.2330
    0.0070     -1.2000
    0.0073     -1.1670
    0.0077     -1.1340
    0.0101     -1.1010
    0.0131     -1.0680
    0.0130     -1.0350
    0.0147     -1.0020
    0.0176     -0.9690
    0.0202     -0.9360
    0.0219     -0.9030
    0.0163     -0.8700
    0.0092     -0.8370
    0.0110     -0.8040
    0.0267     -0.7710
    0.0443     -0.7380
    0.0499     -0.7050
    0.0599     -0.6720
    0.0798     -0.6390
    0.0827     -0.6060
    0.0666     -0.5730
    0.0404     -0.5400
    0.0321     -0.5070
    0.0557     -0.4740
    0.0760     -0.4410
    0.0597     -0.4080
    0.0336     -0.3750
    0.0379     -0.3420
    0.0729     -0.3090
    0.1035     -0.2760
    0.1065     -0.2430
    0.1114     -0.2100
    0.1199     -0.1770
    0.1331     -0.1440
    0.1309     -0.1110
    0.1126     -0.0780
    0.1762     -0.0450
    0.2964     -0.0120
    0.3401      0.0210
    0.3659      0.0540
    0.3489      0.0870
    0.2542      0.1200
    0.2547      0.1530
    0.3569      0.1860
    0.5479      0.2190
    0.6867      0.2520
    0.5089      0.2850
    0.2404      0.3180
    0.1266      0.3510
    0.0869      0.3840
    0.0593      0.4170
    0.0583      0.4500
    0.0922      0.4830
    0.1310      0.5160
    0.1425      0.5490
    0.1107      0.5820
    0.0755      0.6150
    0.0919      0.6480
    0.1645      0.6810
    0.2539      0.7140
    0.2973      0.7470
    0.2366      0.7800
    0.1218      0.8130
    0.0759      0.8460
    0.0952      0.8790
    0.0910      0.9120
    0.1017      0.9450
    0.2002      0.9780
    0.2992      1.0110
    0.3074      1.0440
    0.3138      1.0770
    0.3890      1.1100
    0.4181      1.1430
    0.3985      1.1760
    0.3486      1.2090
    0.2986      1.2420
    0.2924      1.2750
    0.2902      1.3080
    0.2606      1.3410
    0.1707      1.3740
    0.0936      1.4070
    0.0529      1.4400
    0.0266      1.4730
    0.0233      1.5060
    0.0286      1.5390
    0.0413      1.5720
    0.0829      1.6050
    0.1349      1.6380
    0.1691      1.6710
    0.1806      1.7040
    0.1591      1.7370
    0.1167      1.7700
    0.1123      1.8030
    0.1789      1.8360
    0.2750      1.8690
    0.2588      1.9020
    0.1611      1.9350
    0.1189      1.9680
