    0.0000     -8.0000
    0.0000     -7.9800
    0.0000     -7.9600
    0.0000     -7.9400
    0.0000     -7.9200
    0.0000     -7.9000
    0.0000     -7.8800
    0.0000     -7.8600
    0.0000     -7.8400
    0.0000     -7.8200
    0.0000     -7.8000
    0.0000     -7.7800
    0.0000     -7.7600
    0.0000     -7.7400
    0.0000     -7.7200
    0.0000     -7.7000
    0.0000     -7.6800
    0.0000     -7.6600
    0.0000     -7.6400
    0.0000     -7.6200
    0.0000     -7.6000
    0.0000     -7.5800
    0.0000     -7.5600
    0.0000     -7.5400
    0.0000     -7.5200
    0.0000     -7.5000
    0.0000     -7.4800
    0.0000     -7.4600
    0.0000     -7.4400
    0.0000     -7.4200
    0.0000     -7.4000
    0.0000     -7.3800
    0.0000     -7.3600
    0.0000     -7.3400
    0.0000     -7.3200
    0.0000     -7.3000
    0.0000     -7.2800
    0.0000     -7.2600
    0.0000     -7.2400
    0.0000     -7.2200
    0.0002     -7.2000
    0.0023     -7.1800
    0.0190     -7.1600
    0.1211     -7.1400
    0.5824     -7.1200
    2.0853     -7.1000
    5.5018     -7.0800
   10.6324     -7.0600
   15.0053     -7.0400
   15.4577     -7.0200
   11.6778     -7.0000
    6.6244     -6.9800
    3.1106     -6.9600
    1.5952     -6.9400
    1.1426     -6.9200
    0.9341     -6.9000
    0.6845     -6.8800
    0.4437     -6.8600
    0.3646     -6.8400
    0.5411     -6.8200
    0.8974     -6.8000
    1.1869     -6.7800
    1.2034     -6.7600
    1.0108     -6.7400
    0.8275     -6.7200
    0.7221     -6.7000
    0.5980     -6.6800
    0.4236     -6.6600
    0.3114     -6.6400
    0.3938     -6.6200
    0.7075     -6.6000
    1.1542     -6.5800
    1.5166     -6.5600
    1.5695     -6.5400
    1.2720     -6.5200
    0.8429     -6.5000
    0.5692     -6.4800
    0.5404     -6.4600
    0.6089     -6.4400
    0.5933     -6.4200
    0.4901     -6.4000
    0.4709     -6.3800
    0.6892     -6.3600
    1.1061     -6.3400
    1.5192     -6.3200
    1.7645     -6.3000
    1.8161     -6.2800
    1.6944     -6.2600
    1.4645     -6.2400
    1.2977     -6.2200
    1.3223     -6.2000
    1.4590     -6.1800
    1.5595     -6.1600
    1.6458     -6.1400
    1.9151     -6.1200
    2.5684     -6.1000
    3.6930     -6.0800
    5.2300     -6.0600
    6.9870     -6.0400
    8.7430     -6.0200
   10.4520     -6.0000
   12.2959     -5.9800
   14.4316     -5.9600
   16.8523     -5.9400
   19.6414     -5.9200
   23.0714     -5.9000
   27.0987     -5.8800
   30.9130     -5.8600
   33.4339     -5.8400
   34.3630     -5.8200
   34.4389     -5.8000
   34.4597     -5.7800
   34.3616     -5.7600
   33.6522     -5.7400
   32.6243     -5.7200
   32.6427     -5.7000
   34.8216     -5.6800
   38.5328     -5.6600
   41.8919     -5.6400
   43.8209     -5.6200
   44.8083     -5.6000
   45.7102     -5.5800
   46.8083     -5.5600
   47.6985     -5.5400
   47.3972     -5.5200
   45.4058     -5.5000
   42.9182     -5.4800
   41.7516     -5.4600
   42.0822     -5.4400
   42.3885     -5.4200
   41.4266     -5.4000
   39.2667     -5.3800
   36.7025     -5.3600
   34.5964     -5.3400
   33.5086     -5.3200
   33.2287     -5.3000
   33.1256     -5.2800
   33.3726     -5.2600
   34.9858     -5.2400
   38.2844     -5.2200
   42.1219     -5.2000
   44.9789     -5.1800
   46.2914     -5.1600
   46.5055     -5.1400
   46.3660     -5.1200
   46.5774     -5.1000
   47.6180     -5.0800
   49.1394     -5.0600
   50.0650     -5.0400
   49.7700     -5.0200
   48.3860     -5.0000
   46.0185     -4.9800
   42.8447     -4.9600
   39.8058     -4.9400
   38.1820     -4.9200
   38.4031     -4.9000
   39.5728     -4.8800
   40.2637     -4.8600
   39.7575     -4.8400
   38.4807     -4.8200
   37.4937     -4.8000
   37.5663     -4.7800
   38.5168     -4.7600
   39.5110     -4.7400
   40.0176     -4.7200
   40.4655     -4.7000
   41.8447     -4.6800
   44.2644     -4.6600
   46.3519     -4.6400
   47.0204     -4.6200
   47.2545     -4.6000
   49.1609     -4.5800
   53.7652     -4.5600
   60.1122     -4.5400
   66.0692     -4.5200
   70.1309     -4.5000
   72.5897     -4.4800
   74.6919     -4.4600
   77.0440     -4.4400
   79.2504     -4.4200
   80.5684     -4.4000
   80.3029     -4.3800
   77.6229     -4.3600
   71.7326     -4.3400
   63.0823     -4.3200
   54.2282     -4.3000
   48.4911     -4.2800
   47.4543     -4.2600
   49.9383     -4.2400
   53.0780     -4.2200
   54.2806     -4.2000
   52.8064     -4.1800
   49.9476     -4.1600
   47.5453     -4.1400
   46.4850     -4.1200
   46.8150     -4.1000
   48.2860     -4.0800
   50.0340     -4.0600
   51.0680     -4.0400
   51.8774     -4.0200
   54.1450     -4.0000
   58.2486     -3.9800
   62.2369     -3.9600
   63.7339     -3.9400
   62.3108     -3.9200
   59.7890     -3.9000
   58.1978     -3.8800
   57.7399     -3.8600
   57.2798     -3.8400
   56.1962     -3.8200
   54.8642     -3.8000
   54.0779     -3.7800
   54.7054     -3.7600
   56.9332     -3.7400
   59.4677     -3.7200
   60.3876     -3.7000
   59.1012     -3.6800
   57.2056     -3.6600
   57.0286     -3.6400
   59.1436     -3.6200
   61.9924     -3.6000
   64.0092     -3.5800
   64.9062     -3.5600
   64.8709     -3.5400
   63.8887     -3.5200
   62.1110     -3.5000
   59.9848     -3.4800
   57.7981     -3.4600
   55.7248     -3.4400
   54.3951     -3.4200
   54.6722     -3.4000
   56.6601     -3.3800
   59.5123     -3.3600
   62.1690     -3.3400
   63.8822     -3.3200
   64.5789     -3.3000
   64.9873     -3.2800
   65.7369     -3.2600
   66.4062     -3.2400
   66.0469     -3.2200
   64.4815     -3.2000
   62.5714     -3.1800
   61.1747     -3.1600
   60.4947     -3.1400
   60.9235     -3.1200
   63.4993     -3.1000
   68.3902     -3.0800
   73.9084     -3.0600
   77.9960     -3.0400
   79.6031     -3.0200
   78.3350     -3.0000
   74.1877     -2.9800
   67.9569     -2.9600
   61.0644     -2.9400
   54.5964     -2.9200
   48.7130     -2.9000
   43.0452     -2.8800
   37.3574     -2.8600
   31.9048     -2.8400
   27.2171     -2.8200
   23.2220     -2.8000
   19.0867     -2.7800
   14.3989     -2.7600
    9.7850     -2.7400
    6.1221     -2.7200
    3.7388     -2.7000
    2.3939     -2.6800
    1.6391     -2.6600
    1.1355     -2.6400
    0.7980     -2.6200
    0.7418     -2.6000
    1.0459     -2.5800
    1.5398     -2.5600
    1.9505     -2.5400
    2.3692     -2.5200
    3.3691     -2.5000
    5.3337     -2.4800
    7.7073     -2.4600
    9.2400     -2.4400
    9.0786     -2.4200
    7.4553     -2.4000
    5.3874     -2.3800
    3.9146     -2.3600
    3.4314     -2.3400
    3.5142     -2.3200
    3.4283     -2.3000
    2.8211     -2.2800
    1.9320     -2.2600
    1.2334     -2.2400
    0.9659     -2.2200
    1.0393     -2.2000
    1.2784     -2.1800
    1.6224     -2.1600
    2.0612     -2.1400
    2.4871     -2.1200
    2.7466     -2.1000
    2.8001     -2.0800
    2.6929     -2.0600
    2.4766     -2.0400
    2.3604     -2.0200
    2.7837     -2.0000
    4.0153     -1.9800
    5.7434     -1.9600
    7.3351     -1.9400
    8.4292     -1.9200
    9.0372     -1.9000
    9.2227     -1.8800
    9.0016     -1.8600
    8.5561     -1.8400
    8.3145     -1.8200
    8.5446     -1.8000
    8.9168     -1.7800
    8.8424     -1.7600
    8.1362     -1.7400
    7.0219     -1.7200
    5.8096     -1.7000
    4.8269     -1.6800
    4.2926     -1.6600
    4.0783     -1.6400
    3.8240     -1.6200
    3.3907     -1.6000
    3.0255     -1.5800
    2.9223     -1.5600
    2.8530     -1.5400
    2.5134     -1.5200
    1.9525     -1.5000
    1.4311     -1.4800
    1.1460     -1.4600
    1.1968     -1.4400
    1.6116     -1.4200
    2.3634     -1.4000
    3.3699     -1.3800
    4.4201     -1.3600
    5.2225     -1.3400
    5.6732     -1.3200
    5.9864     -1.3000
    6.4011     -1.2800
    6.7638     -1.2600
    6.5646     -1.2400
    5.5169     -1.2200
    3.9579     -1.2000
    2.5595     -1.1800
    1.8428     -1.1600
    1.9360     -1.1400
    2.4999     -1.1200
    2.9557     -1.1000
    3.0282     -1.0800
    2.9508     -1.0600
    3.0185     -1.0400
    3.1758     -1.0200
    3.1748     -1.0000
    2.9143     -0.9800
    2.5066     -0.9600
    2.1849     -0.9400
    2.2128     -0.9200
    2.6934     -0.9000
    3.3850     -0.8800
    3.8498     -0.8600
    3.8276     -0.8400
    3.3947     -0.8200
    2.8432     -0.8000
    2.4825     -0.7800
    2.4836     -0.7600
    2.7811     -0.7400
    3.0963     -0.7200
    3.2173     -0.7000
    3.2609     -0.6800
    3.4361     -0.6600
    3.6609     -0.6400
    3.7210     -0.6200
    3.7006     -0.6000
    3.9144     -0.5800
    4.3696     -0.5600
    4.6214     -0.5400
    4.3094     -0.5200
    3.5608     -0.5000
    2.7761     -0.4800
    2.2990     -0.4600
    2.3547     -0.4400
    3.0822     -0.4200
    4.3822     -0.4000
    5.7019     -0.3800
    6.3227     -0.3600
    6.0783     -0.3400
    5.4841     -0.3200
    5.0481     -0.3000
    4.8030     -0.2800
    4.5337     -0.2600
    4.1534     -0.2400
    3.8263     -0.2200
    3.8014     -0.2000
    4.1266     -0.1800
    4.6386     -0.1600
    5.1715     -0.1400
    5.5685     -0.1200
    5.6887     -0.1000
    5.6480     -0.0800
    5.7813     -0.0600
    6.1598     -0.0400
    6.3470     -0.0200
    5.8455      0.0000
    4.7031      0.0200
    3.4553      0.0400
    2.6114      0.0600
    2.4251      0.0800
    2.8867      0.1000
    3.6561      0.1200
    4.2108      0.1400
    4.2813      0.1600
    4.0366      0.1800
    3.7260      0.2000
    3.3418      0.2200
    2.8116      0.2400
    2.3162      0.2600
    2.1922      0.2800
    2.5672      0.3000
    3.1985      0.3200
    3.6741      0.3400
    3.7468      0.3600
    3.5257      0.3800
    3.3469      0.4000
    3.3843      0.4200
    3.4845      0.4400
    3.4449      0.4600
    3.2667      0.4800
    3.1163      0.5000
    3.2293      0.5200
    3.7852      0.5400
    4.6892      0.5600
    5.5289      0.5800
    5.8618      0.6000
    5.6020      0.6200
    5.1023      0.6400
    4.7702      0.6600
    4.6529      0.6800
    4.5034      0.7000
    4.0922      0.7200
    3.3776      0.7400
    2.5739      0.7600
    2.0514      0.7800
    2.0080      0.8000
    2.2786      0.8200
    2.5056      0.8400
    2.4358      0.8600
    2.1044      0.8800
    1.8673      0.9000
    2.1734      0.9200
    3.0670      0.9400
    3.9639      0.9600
    4.2037      0.9800
    3.7275      1.0000
    2.9759      1.0200
    2.4098      1.0400
    2.3438      1.0600
    2.8744      1.0800
    3.7371      1.1000
    4.4015      1.1200
    4.4554      1.1400
    3.9177      1.1600
    3.1828      1.1800
    2.6704      1.2000
    2.5548      1.2200
    2.7968      1.2400
    3.2289      1.2600
    3.5526      1.2800
    3.5409      1.3000
    3.3149      1.3200
    3.1553      1.3400
    3.0823      1.3600
    2.9554      1.3800
    2.9199      1.4000
    3.3351      1.4200
    4.2136      1.4400
    5.0366      1.4600
    5.2409      1.4800
    4.7776      1.5000
    4.0994      1.5200
    3.6668      1.5400
    3.6015      1.5600
    3.7850      1.5800
    4.0442      1.6000
    4.1517      1.6200
    3.9087      1.6400
    3.4010      1.6600
    3.0036      1.6800
    3.0253      1.7000
    3.4259      1.7200
    3.8625      1.7400
    3.9972      1.7600
    3.8708      1.7800
    3.8232      1.8000
    3.9070      1.8200
    3.7627      1.8400
    3.2636      1.8600
    2.8278      1.8800
    2.8398      1.9000
    3.1198      1.9200
    3.2362      1.9400
    3.0848      1.9600
    2.8335      1.9800
    2.5310      2.0000
