    0.8360     -7.9960
    0.7033     -7.9840
    0.5908     -7.9720
    0.5602     -7.9600
    0.6585     -7.9480
    0.9030     -7.9360
    1.2705     -7.9240
    1.6988     -7.9120
    2.1049     -7.9000
    2.4201     -7.8880
    2.6244     -7.8760
    2.7608     -7.8640
    2.9158     -7.8520
    3.1728     -7.8400
    3.5624     -7.8280
    4.0328     -7.8160
    4.4578     -7.8040
    4.6824     -7.7920
    4.5898     -7.7800
    4.1571     -7.7680
    3.4725     -7.7560
    2.7027     -7.7440
    2.0294     -7.7320
    1.5869     -7.7200
    1.4281     -7.7080
    1.5248     -7.6960
    1.7895     -7.6840
    2.1073     -7.6720
    2.3666     -7.6600
    2.4870     -7.6480
    2.4388     -7.6360
    2.2462     -7.6240
    1.9696     -7.6120
    1.6773     -7.6000
    1.4210     -7.5880
    1.2290     -7.5760
    1.1121     -7.5640
    1.0720     -7.5520
    1.1014     -7.5400
    1.1826     -7.5280
    1.2897     -7.5160
    1.3989     -7.5040
    1.4993     -7.4920
    1.5981     -7.4800
    1.7160     -7.4680
    1.8735     -7.4560
    2.0743     -7.4440
    2.2945     -7.4320
    2.4852     -7.4200
    2.5928     -7.4080
    2.5869     -7.3960
    2.4786     -7.3840
    2.3127     -7.3720
    2.1364     -7.3600
    1.9685     -7.3480
    1.7921     -7.3360
    1.5775     -7.3240
    1.3142     -7.3120
    1.0292     -7.3000
    0.7796     -7.2880
    0.6307     -7.2760
    0.6335     -7.2640
    0.8112     -7.2520
    1.1503     -7.2400
    1.5994     -7.2280
    2.0765     -7.2160
    2.4901     -7.2040
    2.7690     -7.1920
    2.8854     -7.1800
    2.8612     -7.1680
    2.7538     -7.1560
    2.6295     -7.1440
    2.5353     -7.1320
    2.4806     -7.1200
    2.4390     -7.1080
    2.3714     -7.0960
    2.2589     -7.0840
    2.1225     -7.0720
    2.0142     -7.0600
    1.9864     -7.0480
    2.0599     -7.0360
    2.2132     -7.0240
    2.3939     -7.0120
    2.5416     -7.0000
    2.6074     -6.9880
    2.5662     -6.9760
    2.4209     -6.9640
    2.2012     -6.9520
    1.9527     -6.9400
    1.7188     -6.9280
    1.5218     -6.9160
    1.3579     -6.9040
    1.2111     -6.8920
    1.0760     -6.8800
    0.9749     -6.8680
    0.9561     -6.8560
    1.0773     -6.8440
    1.3812     -6.8320
    1.8731     -6.8200
    2.5079     -6.8080
    3.1928     -6.7960
    3.8099     -6.7840
    4.2543     -6.7720
    4.4711     -6.7600
    4.4718     -6.7480
    4.3214     -6.7360
    4.1089     -6.7240
    3.9145     -6.7120
    3.7876     -6.7000
    3.7338     -6.6880
    3.7135     -6.6760
    3.6561     -6.6640
    3.4920     -6.6520
    3.1924     -6.6400
    2.7969     -6.6280
    2.4125     -6.6160
    2.1793     -6.6040
    2.2190     -6.5920
    2.5879     -6.5800
    3.2557     -6.5680
    4.1202     -6.5560
    5.0543     -6.5440
    5.9637     -6.5320
    6.8273     -6.5200
    7.6972     -6.5080
    8.6526     -6.4960
    9.7300     -6.4840
   10.8712     -6.4720
   11.9232     -6.4600
   12.6979     -6.4480
   13.0578     -6.4360
   12.9779     -6.4240
   12.5484     -6.4120
   11.9230     -6.4000
   11.2506     -6.3880
   10.6280     -6.3760
   10.0954     -6.3640
    9.6606     -6.3520
    9.3320     -6.3400
    9.1337     -6.3280
    9.0963     -6.3160
    9.2314     -6.3040
    9.5152     -6.2920
    9.9020     -6.2800
   10.3671     -6.2680
   10.9457     -6.2560
   11.7318     -6.2440
   12.8247     -6.2320
   14.2489     -6.2200
   15.8954     -6.2080
   17.5225     -6.1960
   18.8216     -6.1840
   19.5157     -6.1720
   19.4471     -6.1600
   18.6211     -6.1480
   17.2016     -6.1360
   15.4747     -6.1240
   13.7880     -6.1120
   12.4745     -6.1000
   11.7712     -6.0880
   11.7602     -6.0760
   12.3578     -6.0640
   13.3561     -6.0520
   14.4978     -6.0400
   15.5533     -6.0280
   16.3778     -6.0160
   16.9373     -6.0040
   17.3042     -5.9920
   17.6215     -5.9800
   18.0372     -5.9680
   18.6252     -5.9560
   19.3290     -5.9440
   19.9687     -5.9320
   20.3278     -5.9200
   20.2817     -5.9080
   19.8883     -5.8960
   19.3784     -5.8840
   19.0514     -5.8720
   19.1412     -5.8600
   19.7330     -5.8480
   20.7583     -5.8360
   22.0455     -5.8240
   23.3861     -5.8120
   24.5999     -5.8000
   25.5919     -5.7880
   26.3849     -5.7760
   27.0964     -5.7640
   27.8557     -5.7520
   28.7012     -5.7400
   29.5273     -5.7280
   30.1213     -5.7160
   30.2714     -5.7040
   29.8847     -5.6920
   29.0459     -5.6800
   27.9789     -5.6680
   26.9250     -5.6560
   26.0083     -5.6440
   25.1765     -5.6320
   24.2681     -5.6200
   23.1659     -5.6080
   21.9232     -5.5960
   20.7594     -5.5840
   19.9279     -5.5720
   19.5651     -5.5600
   19.6433     -5.5480
   20.0538     -5.5360
   20.7280     -5.5240
   21.6791     -5.5120
   22.9291     -5.5000
   24.3951     -5.4880
   25.8480     -5.4760
   26.9934     -5.4640
   27.6208     -5.4520
   27.7086     -5.4400
   27.4044     -5.4280
   26.9002     -5.4160
   26.3037     -5.4040
   25.6026     -5.3920
   24.7372     -5.3800
   23.7173     -5.3680
   22.6913     -5.3560
   21.9199     -5.3440
   21.6627     -5.3320
   22.0367     -5.3200
   22.9178     -5.3080
   23.9442     -5.2960
   24.6361     -5.2840
   24.5901     -5.2720
   23.6554     -5.2600
   21.9976     -5.2480
   20.0100     -5.2360
   18.1216     -5.2240
   16.6215     -5.2120
   15.5971     -5.2000
   15.0017     -5.1880
   14.7690     -5.1760
   14.8811     -5.1640
   15.3537     -5.1520
   16.1817     -5.1400
   17.3079     -5.1280
   18.6359     -5.1160
   20.0626     -5.1040
   21.5022     -5.0920
   22.8982     -5.0800
   24.2353     -5.0680
   25.5402     -5.0560
   26.8529     -5.0440
   28.1688     -5.0320
   29.3977     -5.0200
   30.3820     -5.0080
   30.9746     -4.9960
   31.1173     -4.9840
   30.8656     -4.9720
   30.3461     -4.9600
   29.6842     -4.9480
   28.9554     -4.9360
   28.1899     -4.9240
   27.4191     -4.9120
   26.7177     -4.9000
   26.1969     -4.8880
   25.9460     -4.8760
   25.9702     -4.8640
   26.1839     -4.8520
   26.4698     -4.8400
   26.7619     -4.8280
   27.0844     -4.8160
   27.5239     -4.8040
   28.1654     -4.7920
   29.0500     -4.7800
   30.1780     -4.7680
   31.5284     -4.7560
   33.0487     -4.7440
   34.6104     -4.7320
   35.9759     -4.7200
   36.8278     -4.7080
   36.8670     -4.6960
   35.9399     -4.6840
   34.1290     -4.6720
   31.7569     -4.6600
   29.2920     -4.6480
   27.1948     -4.6360
   25.7735     -4.6240
   25.1107     -4.6120
   25.0726     -4.6000
   25.3741     -4.5880
   25.6639     -4.5760
   25.6158     -4.5640
   25.0283     -4.5520
   23.9032     -4.5400
   22.4563     -4.5280
   21.0268     -4.5160
   19.9352     -4.5040
   19.3823     -4.4920
   19.4484     -4.4800
   20.1554     -4.4680
   21.4999     -4.4560
   23.4096     -4.4440
   25.6738     -4.4320
   27.9416     -4.4200
   29.8321     -4.4080
   31.1049     -4.3960
   31.7732     -4.3840
   32.0831     -4.3720
   32.3695     -4.3600
   32.8865     -4.3480
   33.7157     -4.3360
   34.7992     -4.3240
   36.0511     -4.3120
   37.4469     -4.3000
   39.0080     -4.2880
   40.6898     -4.2760
   42.2766     -4.2640
   43.4036     -4.2520
   43.7313     -4.2400
   43.1652     -4.2280
   41.9578     -4.2160
   40.6137     -4.2040
   39.6602     -4.1920
   39.4305     -4.1800
   39.9744     -4.1680
   41.1086     -4.1560
   42.5412     -4.1440
   43.9966     -4.1320
   45.2960     -4.1200
   46.3817     -4.1080
   47.2950     -4.0960
   48.1253     -4.0840
   48.9491     -4.0720
   49.7771     -4.0600
   50.5282     -4.0480
   51.0546     -4.0360
   51.2253     -4.0240
   51.0282     -4.0120
   50.6187     -4.0000
   50.2686     -3.9880
   50.2402     -3.9760
   50.6675     -3.9640
   51.5090     -3.9520
   52.5773     -3.9400
   53.6002     -3.9280
   54.2722     -3.9160
   54.2948     -3.9040
   53.4293     -3.8920
   51.5673     -3.8800
   48.7908     -3.8680
   45.3794     -3.8560
   41.7509     -3.8440
   38.3634     -3.8320
   35.6212     -3.8200
   33.8155     -3.8080
   33.0955     -3.7960
   33.4592     -3.7840
   34.7579     -3.7720
   36.7263     -3.7600
   39.0358     -3.7480
   41.3497     -3.7360
   43.3512     -3.7240
   44.7496     -3.7120
   45.3032     -3.7000
   44.8832     -3.6880
   43.5490     -3.6760
   41.5678     -3.6640
   39.3432     -3.6520
   37.2841     -3.6400
   35.6858     -3.6280
   34.6742     -3.6160
   34.2158     -3.6040
   34.1708     -3.5920
   34.3640     -3.5800
   34.6567     -3.5680
   34.9925     -3.5560
   35.3995     -3.5440
   35.9447     -3.5320
   36.6648     -3.5200
   37.4994     -3.5080
   38.2526     -3.4960
   38.6074     -3.4840
   38.2139     -3.4720
   36.8363     -3.4600
   34.4999     -3.4480
   31.5563     -3.4360
   28.6147     -3.4240
   26.3529     -3.4120
   25.2799     -3.4000
   25.5518     -3.3880
   26.9282     -3.3760
   28.8999     -3.3640
   30.9312     -3.3520
   32.6877     -3.3400
   34.1231     -3.3280
   35.3920     -3.3160
   36.6689     -3.3040
   38.0076     -3.2920
   39.3257     -3.2800
   40.4947     -3.2680
   41.4470     -3.2560
   42.2133     -3.2440
   42.8762     -3.2320
   43.4911     -3.2200
   44.0388     -3.2080
   44.4400     -3.1960
   44.6062     -3.1840
   44.4856     -3.1720
   44.0768     -3.1600
   43.4142     -3.1480
   42.5464     -3.1360
   41.5208     -3.1240
   40.3783     -3.1120
   39.1562     -3.1000
   37.9023     -3.0880
   36.6959     -3.0760
   35.6592     -3.0640
   34.9320     -3.0520
   34.6045     -3.0400
   34.6503     -3.0280
   34.9171     -3.0160
   35.1984     -3.0040
   35.3372     -2.9920
   35.2798     -2.9800
   35.0480     -2.9680
   34.6677     -2.9560
   34.1312     -2.9440
   33.4198     -2.9320
   32.5569     -2.9200
   31.6328     -2.9080
   30.7805     -2.8960
   30.1238     -2.8840
   29.7391     -2.8720
   29.6546     -2.8600
   29.8780     -2.8480
   30.4177     -2.8360
   31.2713     -2.8240
   32.3819     -2.8120
   33.6068     -2.8000
   34.7454     -2.7880
   35.6355     -2.7760
   36.2647     -2.7640
   36.8098     -2.7520
   37.5535     -2.7400
   38.7102     -2.7280
   40.2724     -2.7160
   41.9832     -2.7040
   43.4613     -2.6920
   44.3966     -2.6800
   44.6894     -2.6680
   44.4540     -2.6560
   43.9095     -2.6440
   43.2537     -2.6320
   42.6075     -2.6200
   42.0452     -2.6080
   41.6458     -2.5960
   41.4982     -2.5840
   41.6505     -2.5720
   42.0588     -2.5600
   42.5922     -2.5480
   43.0918     -2.5360
   43.4383     -2.5240
   43.5856     -2.5120
   43.5654     -2.5000
   43.4794     -2.4880
   43.4782     -2.4760
   43.7043     -2.4640
   44.2014     -2.4520
   44.8435     -2.4400
   45.3434     -2.4280
   45.3583     -2.4160
   44.6427     -2.4040
   43.1674     -2.3920
   41.1455     -2.3800
   38.9557     -2.3680
   37.0018     -2.3560
   35.5808     -2.3440
   34.8176     -2.3320
   34.6853     -2.3200
   35.0763     -2.3080
   35.8694     -2.2960
   36.9560     -2.2840
   38.2283     -2.2720
   39.5538     -2.2600
   40.7673     -2.2480
   41.6915     -2.2360
   42.1858     -2.2240
   42.2028     -2.2120
   41.8200     -2.2000
   41.2220     -2.1880
   40.6326     -2.1760
   40.2293     -2.1640
   40.0789     -2.1520
   40.1241     -2.1400
   40.2275     -2.1280
   40.2561     -2.1160
   40.1741     -2.1040
   40.1002     -2.0920
   40.2969     -2.0800
   41.0803     -2.0680
   42.6736     -2.0560
   45.0645     -2.0440
   47.9512     -2.0320
   50.8346     -2.0200
   53.2313     -2.0080
   54.8837     -1.9960
   55.8276     -1.9840
   56.2736     -1.9720
   56.4048     -1.9600
   56.2573     -1.9480
   55.7626     -1.9360
   54.8846     -1.9240
   53.7036     -1.9120
   52.3728     -1.9000
   51.0016     -1.8880
   49.5877     -1.8760
   48.0605     -1.8640
   46.3850     -1.8520
   44.6227     -1.8400
   42.8974     -1.8280
   41.3062     -1.8160
   39.8557     -1.8040
   38.4628     -1.7920
   37.0017     -1.7800
   35.3593     -1.7680
   33.4787     -1.7560
   31.3918     -1.7440
   29.2330     -1.7320
   27.2172     -1.7200
   25.5712     -1.7080
   24.4410     -1.6960
   23.8187     -1.6840
   23.5304     -1.6720
   23.2938     -1.6600
   22.8224     -1.6480
   21.9272     -1.6360
   20.5700     -1.6240
   18.8487     -1.6120
   16.9288     -1.6000
   14.9668     -1.5880
   13.0652     -1.5760
   11.2763     -1.5640
    9.6392     -1.5520
    8.2158     -1.5400
    7.0963     -1.5280
    6.3647     -1.5160
    6.0471     -1.5040
    6.0813     -1.4920
    6.3332     -1.4800
    6.6543     -1.4680
    6.9448     -1.4560
    7.1816     -1.4440
    7.4011     -1.4320
    7.6562     -1.4200
    7.9786     -1.4080
    8.3613     -1.3960
    8.7593     -1.3840
    9.1016     -1.3720
    9.3140     -1.3600
    9.3466     -1.3480
    9.1915     -1.3360
    8.8775     -1.3240
    8.4447     -1.3120
    7.9220     -1.3000
    7.3246     -1.2880
    6.6719     -1.2760
    6.0068     -1.2640
    5.4004     -1.2520
    4.9355     -1.2400
    4.6771     -1.2280
    4.6447     -1.2160
    4.8019     -1.2040
    5.0708     -1.1920
    5.3663     -1.1800
    5.6334     -1.1680
    5.8677     -1.1560
    6.1083     -1.1440
    6.4037     -1.1320
    6.7677     -1.1200
    7.1540     -1.1080
    7.4692     -1.0960
    7.6228     -1.0840
    7.5779     -1.0720
    7.3682     -1.0600
    7.0686     -1.0480
    6.7474     -1.0360
    6.4376     -1.0240
    6.1448     -1.0120
    5.8754     -1.0000
    5.6589     -0.9880
    5.5443     -0.9760
    5.5754     -0.9640
    5.7625     -0.9520
    6.0682     -0.9400
    6.4180     -0.9280
    6.7320     -0.9160
    6.9604     -0.9040
    7.0991     -0.8920
    7.1737     -0.8800
    7.2032     -0.8680
    7.1729     -0.8560
    7.0404     -0.8440
    6.7712     -0.8320
    6.3782     -0.8200
    5.9347     -0.8080
    5.5512     -0.7960
    5.3262     -0.7840
    5.3033     -0.7720
    5.4570     -0.7600
    5.7162     -0.7480
    6.0060     -0.7360
    6.2789     -0.7240
    6.5162     -0.7120
    6.7054     -0.7000
    6.8190     -0.6880
    6.8144     -0.6760
    6.6579     -0.6640
    6.3531     -0.6520
    5.9572     -0.6400
    5.5766     -0.6280
    5.3425     -0.6160
    5.3727     -0.6040
    5.7247     -0.5920
    6.3533     -0.5800
    7.0968     -0.5680
    7.7114     -0.5560
    7.9582     -0.5440
    7.7067     -0.5320
    7.0006     -0.5200
    6.0448     -0.5080
    5.1193     -0.4960
    4.4663     -0.4840
    4.2086     -0.4720
    4.3268     -0.4600
    4.6963     -0.4480
    5.1571     -0.4360
    5.5807     -0.4240
    5.9062     -0.4120
    6.1299     -0.4000
    6.2702     -0.3880
    6.3390     -0.3760
    6.3416     -0.3640
    6.2944     -0.3520
    6.2327     -0.3400
    6.1953     -0.3280
    6.2003     -0.3160
    6.2375     -0.3040
    6.2848     -0.2920
    6.3301     -0.2800
    6.3750     -0.2680
    6.4163     -0.2560
    6.4255     -0.2440
    6.3531     -0.2320
    6.1594     -0.2200
    5.8493     -0.2080
    5.4782     -0.1960
    5.1207     -0.1840
    4.8279     -0.1720
    4.6073     -0.1600
    4.4385     -0.1480
    4.3080     -0.1360
    4.2363     -0.1240
    4.2806     -0.1120
    4.5125     -0.1000
    4.9779     -0.0880
    5.6566     -0.0760
    6.4438     -0.0640
    7.1746     -0.0520
    7.6841     -0.0400
    7.8751     -0.0280
    7.7546     -0.0160
    7.4277     -0.0040
    7.0537      0.0080
    6.7870      0.0200
    6.7165      0.0320
    6.8249      0.0440
    6.9900      0.0560
    7.0416      0.0680
    6.8504      0.0800
    6.3970      0.0920
    5.7759      0.1040
    5.1324      0.1160
    4.5823      0.1280
    4.1678      0.1400
    3.8706      0.1520
    3.6568      0.1640
    3.5160      0.1760
    3.4691      0.1880
    3.5469      0.2000
    3.7570      0.2120
    4.0609      0.2240
    4.3772      0.2360
    4.6128      0.2480
    4.7040      0.2600
    4.6404      0.2720
    4.4561      0.2840
    4.1963      0.2960
    3.8869      0.3080
    3.5303      0.3200
    3.1287      0.3320
    2.7132      0.3440
    2.3511      0.3560
    2.1246      0.3680
    2.0913      0.3800
    2.2525      0.3920
    2.5481      0.4040
    2.8789      0.4160
    3.1470      0.4280
    3.2952      0.4400
    3.3290      0.4520
    3.3094      0.4640
    3.3214      0.4760
    3.4303      0.4880
    3.6499      0.5000
    3.9397      0.5120
    4.2318      0.5240
    4.4674      0.5360
    4.6188      0.5480
    4.6892      0.5600
    4.7015      0.5720
    4.6933      0.5840
    4.7207      0.5960
    4.8545      0.6080
    5.1519      0.6200
    5.6125      0.6320
    6.1490      0.6440
    6.6045      0.6560
    6.8199      0.6680
    6.7139      0.6800
    6.3248      0.6920
    5.7877      0.7040
    5.2690      0.7160
    4.9027      0.7280
    4.7629      0.7400
    4.8635      0.7520
    5.1607      0.7640
    5.5517      0.7760
    5.8852      0.7880
    6.0050      0.8000
    5.8116      0.8120
    5.3053      0.8240
    4.5829      0.8360
    3.7950      0.8480
    3.0956      0.8600
    2.6083      0.8720
    2.4123      0.8840
    2.5327      0.8960
    2.9319      0.9080
    3.5109      0.9200
    4.1309      0.9320
    4.6541      0.9440
    4.9869      0.9560
    5.1032      0.9680
    5.0427      0.9800
    4.8887      0.9920
    4.7381      1.0040
    4.6688      1.0160
    4.7113      1.0280
    4.8358      1.0400
    4.9662      1.0520
    5.0166      1.0640
    4.9321      1.0760
    4.7098      1.0880
    4.3912      1.1000
    4.0333      1.1120
    3.6760      1.1240
    3.3258      1.1360
    2.9656      1.1480
    2.5873      1.1600
    2.2211      1.1720
    1.9385      1.1840
    1.8205      1.1960
    1.9083      1.2080
    2.1690      1.2200
    2.5005      1.2320
    2.7773      1.2440
    2.9105      1.2560
    2.8854      1.2680
    2.7557      1.2800
    2.6023      1.2920
    2.4913      1.3040
    2.4594      1.3160
    2.5270      1.3280
    2.7170      1.3400
    3.0530      1.3520
    3.5359      1.3640
    4.1190      1.3760
    4.7079      1.3880
    5.1905      1.4000
    5.4837      1.4120
    5.5669      1.4240
    5.4866      1.4360
    5.3354      1.4480
    5.2190      1.4600
    5.2251      1.4720
    5.4013      1.4840
    5.7466      1.4960
    6.2179      1.5080
    6.7477      1.5200
    7.2627      1.5320
    7.6924      1.5440
    7.9693      1.5560
    8.0308      1.5680
    7.8317      1.5800
    7.3600      1.5920
    6.6477      1.6040
    5.7680      1.6160
    4.8228      1.6280
    3.9256      1.6400
    3.1835      1.6520
    2.6797      1.6640
    2.4586      1.6760
    2.5146      1.6880
    2.7904      1.7000
    3.1874      1.7120
    3.5919      1.7240
    3.9085      1.7360
    4.0877      1.7480
    4.1350      1.7600
    4.0973      1.7720
    4.0367      1.7840
    4.0028      1.7960
    4.0171      1.8080
    4.0713      1.8200
    4.1362      1.8320
    4.1727      1.8440
    4.1412      1.8560
    4.0077      1.8680
    3.7538      1.8800
    3.3897      1.8920
    2.9664      1.9040
    2.5728      1.9160
    2.3126      1.9280
    2.2675      1.9400
    2.4643      1.9520
    2.8635      1.9640
    3.3728      1.9760
    3.8786      1.9880
    4.2775      2.0000
