    0.0162     -7.9980
    0.0127     -7.9800
    0.0091     -7.9620
    0.0074     -7.9440
    0.0098     -7.9260
    0.0171     -7.9080
    0.0277     -7.8900
    0.0371     -7.8720
    0.0404     -7.8540
    0.0356     -7.8360
    0.0258     -7.8180
    0.0165     -7.8000
    0.0120     -7.7820
    0.0133     -7.7640
    0.0196     -7.7460
    0.0293     -7.7280
    0.0386     -7.7100
    0.0420     -7.6920
    0.0365     -7.6740
    0.0249     -7.6560
    0.0133     -7.6380
    0.0056     -7.6200
    0.0025     -7.6020
    0.0031     -7.5840
    0.0072     -7.5660
    0.0145     -7.5480
    0.0231     -7.5300
    0.0299     -7.5120
    0.0340     -7.4940
    0.0399     -7.4760
    0.0546     -7.4580
    0.0795     -7.4400
    0.1051     -7.4220
    0.1178     -7.4040
    0.1134     -7.3860
    0.1033     -7.3680
    0.1031     -7.3500
    0.1177     -7.3320
    0.1404     -7.3140
    0.1597     -7.2960
    0.1654     -7.2780
    0.1508     -7.2600
    0.1174     -7.2420
    0.0762     -7.2240
    0.0413     -7.2060
    0.0217     -7.1880
    0.0184     -7.1700
    0.0279     -7.1520
    0.0438     -7.1340
    0.0584     -7.1160
    0.0670     -7.0980
    0.0705     -7.0800
    0.0722     -7.0620
    0.0739     -7.0440
    0.0787     -7.0260
    0.0920     -7.0080
    0.1132     -6.9900
    0.1308     -6.9720
    0.1323     -6.9540
    0.1188     -6.9360
    0.1042     -6.9180
    0.1010     -6.9000
    0.1117     -6.8820
    0.1293     -6.8640
    0.1413     -6.8460
    0.1353     -6.8280
    0.1093     -6.8100
    0.0752     -6.7920
    0.0504     -6.7740
    0.0460     -6.7560
    0.0613     -6.7380
    0.0861     -6.7200
    0.1071     -6.7020
    0.1148     -6.6840
    0.1062     -6.6660
    0.0851     -6.6480
    0.0587     -6.6300
    0.0350     -6.6120
    0.0195     -6.5940
    0.0138     -6.5760
    0.0184     -6.5580
    0.0350     -6.5400
    0.0672     -6.5220
    0.1160     -6.5040
    0.1723     -6.4860
    0.2144     -6.4680
    0.2214     -6.4500
    0.1922     -6.4320
    0.1481     -6.4140
    0.1148     -6.3960
    0.1039     -6.3780
    0.1103     -6.3600
    0.1215     -6.3420
    0.1293     -6.3240
    0.1332     -6.3060
    0.1364     -6.2880
    0.1425     -6.2700
    0.1573     -6.2520
    0.1866     -6.2340
    0.2270     -6.2160
    0.2643     -6.1980
    0.2901     -6.1800
    0.3110     -6.1620
    0.3351     -6.1440
    0.3598     -6.1260
    0.3912     -6.1080
    0.4624     -6.0900
    0.6057     -6.0720
    0.8043     -6.0540
    0.9901     -6.0360
    1.0991     -6.0180
    1.1210     -6.0000
    1.1023     -5.9820
    1.1168     -5.9640
    1.2162     -5.9460
    1.3700     -5.9280
    1.4635     -5.9100
    1.4023     -5.8920
    1.2202     -5.8740
    1.0485     -5.8560
    0.9807     -5.8380
    0.9963     -5.8200
    1.0091     -5.8020
    0.9533     -5.7840
    0.8183     -5.7660
    0.6356     -5.7480
    0.4607     -5.7300
    0.3545     -5.7120
    0.3599     -5.6940
    0.4915     -5.6760
    0.7539     -5.6580
    1.1565     -5.6400
    1.6867     -5.6220
    2.2700     -5.6040
    2.7881     -5.5860
    3.1530     -5.5680
    3.3396     -5.5500
    3.3369     -5.5320
    3.1149     -5.5140
    2.6803     -5.4960
    2.1349     -5.4780
    1.6335     -5.4600
    1.2824     -5.4420
    1.0798     -5.4240
    0.9450     -5.4060
    0.8021     -5.3880
    0.6429     -5.3700
    0.5182     -5.3520
    0.4800     -5.3340
    0.5307     -5.3160
    0.6198     -5.2980
    0.6790     -5.2800
    0.6677     -5.2620
    0.5949     -5.2440
    0.5040     -5.2260
    0.4332     -5.2080
    0.3913     -5.1900
    0.3671     -5.1720
    0.3522     -5.1540
    0.3488     -5.1360
    0.3636     -5.1180
    0.4011     -5.1000
    0.4601     -5.0820
    0.5293     -5.0640
    0.5876     -5.0460
    0.6128     -5.0280
    0.5989     -5.0100
    0.5653     -4.9920
    0.5424     -4.9740
    0.5468     -4.9560
    0.5728     -4.9380
    0.6045     -4.9200
    0.6291     -4.9020
    0.6407     -4.8840
    0.6370     -4.8660
    0.6202     -4.8480
    0.5963     -4.8300
    0.5712     -4.8120
    0.5462     -4.7940
    0.5215     -4.7760
    0.5009     -4.7580
    0.4900     -4.7400
    0.4898     -4.7220
    0.4927     -4.7040
    0.4908     -4.6860
    0.4880     -4.6680
    0.4986     -4.6500
    0.5332     -4.6320
    0.5864     -4.6140
    0.6376     -4.5960
    0.6660     -4.5780
    0.6677     -4.5600
    0.6572     -4.5420
    0.6525     -4.5240
    0.6614     -4.5060
    0.6843     -4.4880
    0.7248     -4.4700
    0.7908     -4.4520
    0.8820     -4.4340
    0.9763     -4.4160
    1.0307     -4.3980
    1.0051     -4.3800
    0.9007     -4.3620
    0.7716     -4.3440
    0.6807     -4.3260
    0.6503     -4.3080
    0.6586     -4.2900
    0.6696     -4.2720
    0.6559     -4.2540
    0.6087     -4.2360
    0.5403     -4.2180
    0.4726     -4.2000
    0.4193     -4.1820
    0.3814     -4.1640
    0.3557     -4.1460
    0.3416     -4.1280
    0.3398     -4.1100
    0.3499     -4.0920
    0.3720     -4.0740
    0.4041     -4.0560
    0.4372     -4.0380
    0.4565     -4.0200
    0.4536     -4.0020
    0.4340     -3.9840
    0.4099     -3.9660
    0.3889     -3.9480
    0.3701     -3.9300
    0.3510     -3.9120
    0.3339     -3.8940
    0.3227     -3.8760
    0.3156     -3.8580
    0.3061     -3.8400
    0.2930     -3.8220
    0.2816     -3.8040
    0.2752     -3.7860
    0.2718     -3.7680
    0.2711     -3.7500
    0.2776     -3.7320
    0.2924     -3.7140
    0.3075     -3.6960
    0.3118     -3.6780
    0.3024     -3.6600
    0.2861     -3.6420
    0.2722     -3.6240
    0.2651     -3.6060
    0.2631     -3.5880
    0.2617     -3.5700
    0.2579     -3.5520
    0.2517     -3.5340
    0.2447     -3.5160
    0.2364     -3.4980
    0.2251     -3.4800
    0.2105     -3.4620
    0.1963     -3.4440
    0.1888     -3.4260
    0.1939     -3.4080
    0.2114     -3.3900
    0.2308     -3.3720
    0.2380     -3.3540
    0.2274     -3.3360
    0.2053     -3.3180
    0.1824     -3.3000
    0.1658     -3.2820
    0.1593     -3.2640
    0.1681     -3.2460
    0.1995     -3.2280
    0.2559     -3.2100
    0.3270     -3.1920
    0.3909     -3.1740
    0.4264     -3.1560
    0.4246     -3.1380
    0.3929     -3.1200
    0.3494     -3.1020
    0.3125     -3.0840
    0.2929     -3.0660
    0.2919     -3.0480
    0.3034     -3.0300
    0.3175     -3.0120
    0.3253     -2.9940
    0.3235     -2.9760
    0.3161     -2.9580
    0.3104     -2.9400
    0.3117     -2.9220
    0.3215     -2.9040
    0.3367     -2.8860
    0.3502     -2.8680
    0.3538     -2.8500
    0.3440     -2.8320
    0.3245     -2.8140
    0.3047     -2.7960
    0.2927     -2.7780
    0.2898     -2.7600
    0.2918     -2.7420
    0.2948     -2.7240
    0.2993     -2.7060
    0.3105     -2.6880
    0.3341     -2.6700
    0.3684     -2.6520
    0.4023     -2.6340
    0.4221     -2.6160
    0.4209     -2.5980
    0.4025     -2.5800
    0.3761     -2.5620
    0.3507     -2.5440
    0.3315     -2.5260
    0.3198     -2.5080
    0.3135     -2.4900
    0.3086     -2.4720
    0.3022     -2.4540
    0.2948     -2.4360
    0.2893     -2.4180
    0.2878     -2.4000
    0.2885     -2.3820
    0.2883     -2.3640
    0.2851     -2.3460
    0.2784     -2.3280
    0.2681     -2.3100
    0.2546     -2.2920
    0.2388     -2.2740
    0.2227     -2.2560
    0.2097     -2.2380
    0.2039     -2.2200
    0.2073     -2.2020
    0.2177     -2.1840
    0.2296     -2.1660
    0.2384     -2.1480
    0.2420     -2.1300
    0.2409     -2.1120
    0.2367     -2.0940
    0.2329     -2.0760
    0.2335     -2.0580
    0.2388     -2.0400
    0.2442     -2.0220
    0.2445     -2.0040
    0.2389     -1.9860
    0.2310     -1.9680
    0.2243     -1.9500
    0.2198     -1.9320
    0.2158     -1.9140
    0.2104     -1.8960
    0.2032     -1.8780
    0.1949     -1.8600
    0.1857     -1.8420
    0.1750     -1.8240
    0.1634     -1.8060
    0.1530     -1.7880
    0.1463     -1.7700
    0.1442     -1.7520
    0.1466     -1.7340
    0.1519     -1.7160
    0.1579     -1.6980
    0.1617     -1.6800
    0.1610     -1.6620
    0.1548     -1.6440
    0.1448     -1.6260
    0.1343     -1.6080
    0.1270     -1.5900
    0.1246     -1.5720
    0.1259     -1.5540
    0.1273     -1.5360
    0.1259     -1.5180
    0.1212     -1.5000
    0.1151     -1.4820
    0.1095     -1.4640
    0.1062     -1.4460
    0.1083     -1.4280
    0.1197     -1.4100
    0.1418     -1.3920
    0.1695     -1.3740
    0.1917     -1.3560
    0.2006     -1.3380
    0.1990     -1.3200
    0.1980     -1.3020
    0.2053     -1.2840
    0.2196     -1.2660
    0.2354     -1.2480
    0.2499     -1.2300
    0.2614     -1.2120
    0.2652     -1.1940
    0.2566     -1.1760
    0.2390     -1.1580
    0.2272     -1.1400
    0.2425     -1.1220
    0.3034     -1.1040
    0.4156     -1.0860
    0.5633     -1.0680
    0.7096     -1.0500
    0.8131     -1.0320
    0.8505     -1.0140
    0.8272     -0.9960
    0.7729     -0.9780
    0.7301     -0.9600
    0.7333     -0.9420
    0.7791     -0.9240
    0.8171     -0.9060
    0.7913     -0.8880
    0.6919     -0.8700
    0.5582     -0.8520
    0.4376     -0.8340
    0.3646     -0.8160
    0.3685     -0.7980
    0.4692     -0.7800
    0.6538     -0.7620
    0.8675     -0.7440
    1.0432     -0.7260
    1.1522     -0.7080
    1.2240     -0.6900
    1.2967     -0.6720
    1.3456     -0.6540
    1.2936     -0.6360
    1.1138     -0.6180
    0.8959     -0.6000
    0.7817     -0.5820
    0.8398     -0.5640
    1.0041     -0.5460
    1.1305     -0.5280
    1.1236     -0.5100
    1.0146     -0.4920
    0.9117     -0.4740
    0.8832     -0.4560
    0.9007     -0.4380
    0.8861     -0.4200
    0.7991     -0.4020
    0.6731     -0.3840
    0.5707     -0.3660
    0.5255     -0.3480
    0.5392     -0.3300
    0.6077     -0.3120
    0.7225     -0.2940
    0.8538     -0.2760
    0.9525     -0.2580
    0.9781     -0.2400
    0.9184     -0.2220
    0.7941     -0.2040
    0.6547     -0.1860
    0.5593     -0.1680
    0.5381     -0.1500
    0.5734     -0.1320
    0.6218     -0.1140
    0.6512     -0.0960
    0.6547     -0.0780
    0.6454     -0.0600
    0.6454     -0.0420
    0.6681     -0.0240
    0.6975     -0.0060
    0.6967      0.0120
    0.6463      0.0300
    0.5703      0.0480
    0.5132      0.0660
    0.5027      0.0840
    0.5407      0.1020
    0.6246      0.1200
    0.7603      0.1380
    0.9510      0.1560
    1.1814      0.1740
    1.4088      0.1920
    1.5644      0.2100
    1.5848      0.2280
    1.4747      0.2460
    1.3227      0.2640
    1.2255      0.2820
    1.2031      0.3000
    1.2096      0.3180
    1.2028      0.3360
    1.1743      0.3540
    1.1250      0.3720
    1.0474      0.3900
    0.9391      0.4080
    0.8130      0.4260
    0.6840      0.4440
    0.5555      0.4620
    0.4279      0.4800
    0.3115      0.4980
    0.2235      0.5160
    0.1808      0.5340
    0.1970      0.5520
    0.2751      0.5700
    0.3956      0.5880
    0.5145      0.6060
    0.5884      0.6240
    0.6123      0.6420
    0.6257      0.6600
    0.6713      0.6780
    0.7512      0.6960
    0.8296      0.7140
    0.8660      0.7320
    0.8412      0.7500
    0.7618      0.7680
    0.6530      0.7860
    0.5472      0.8040
    0.4749      0.8220
    0.4511      0.8400
    0.4645      0.8580
    0.4877      0.8760
    0.5087      0.8940
    0.5439      0.9120
    0.6118      0.9300
    0.6972      0.9480
    0.7577      0.9660
    0.7647      0.9840
    0.7223      1.0020
    0.6473      1.0200
    0.5508      1.0380
    0.4450      1.0560
    0.3488      1.0740
    0.2793      1.0920
    0.2427      1.1100
    0.2338      1.1280
    0.2411      1.1460
    0.2547      1.1640
    0.2693      1.1820
    0.2833      1.2000
    0.3001      1.2180
    0.3266      1.2360
    0.3643      1.2540
    0.3999      1.2720
    0.4149      1.2900
    0.4016      1.3080
    0.3654      1.3260
    0.3138      1.3440
    0.2545      1.3620
    0.2041      1.3800
    0.1826      1.3980
    0.1953      1.4160
    0.2262      1.4340
    0.2539      1.4520
    0.2695      1.4700
    0.2779      1.4880
    0.2845      1.5060
    0.2888      1.5240
    0.2879      1.5420
    0.2839      1.5600
    0.2867      1.5780
    0.3077      1.5960
    0.3498      1.6140
    0.4040      1.6320
    0.4529      1.6500
    0.4780      1.6680
    0.4692      1.6860
    0.4318      1.7040
    0.3822      1.7220
    0.3329      1.7400
    0.2863      1.7580
    0.2431      1.7760
    0.2112      1.7940
    0.2022      1.8120
    0.2191      1.8300
    0.2478      1.8480
    0.2650      1.8660
    0.2575      1.8840
    0.2349      1.9020
    0.2198      1.9200
    0.2302      1.9380
    0.2685      1.9560
    0.3203      1.9740
    0.3617      1.9920
