    0.3395     -7.9980
    0.2674     -7.9800
    0.2026     -7.9620
    0.1833     -7.9440
    0.2572     -7.9260
    0.4345     -7.9080
    0.6616     -7.8900
    0.8343     -7.8720
    0.8612     -7.8540
    0.7358     -7.8360
    0.5525     -7.8180
    0.4433     -7.8000
    0.4899     -7.7820
    0.6871     -7.7640
    0.9769     -7.7460
    1.2844     -7.7280
    1.5058     -7.7100
    1.5135     -7.6920
    1.2546     -7.6740
    0.8337     -7.6560
    0.4373     -7.6380
    0.1827     -7.6200
    0.0754     -7.6020
    0.0773     -7.5840
    0.1687     -7.5660
    0.3378     -7.5480
    0.5356     -7.5300
    0.6764     -7.5120
    0.7214     -7.4940
    0.7530     -7.4760
    0.9245     -7.4580
    1.3010     -7.4400
    1.7481     -7.4220
    2.0182     -7.4040
    1.9982     -7.3860
    1.8439     -7.3680
    1.8101     -7.3500
    1.9785     -7.3320
    2.2175     -7.3140
    2.3525     -7.2960
    2.2857     -7.2780
    1.9921     -7.2600
    1.5142     -7.2420
    0.9764     -7.2240
    0.5392     -7.2060
    0.3155     -7.1880
    0.3382     -7.1700
    0.5756     -7.1520
    0.9284     -7.1340
    1.2408     -7.1160
    1.3859     -7.0980
    1.3564     -7.0800
    1.2438     -7.0620
    1.1536     -7.0440
    1.1797     -7.0260
    1.3902     -7.0080
    1.7343     -6.9900
    2.0039     -6.9720
    2.0073     -6.9540
    1.7844     -6.9360
    1.5765     -6.9180
    1.6068     -6.9000
    1.9351     -6.8820
    2.4362     -6.8640
    2.8234     -6.8460
    2.7914     -6.8280
    2.2700     -6.8100
    1.5184     -6.7920
    0.9128     -6.7740
    0.6671     -6.7560
    0.7563     -6.7380
    1.0182     -6.7200
    1.2873     -6.7020
    1.4704     -6.6840
    1.5331     -6.6660
    1.4527     -6.6480
    1.2237     -6.6300
    0.9047     -6.6120
    0.6110     -6.5940
    0.4513     -6.5760
    0.4865     -6.5580
    0.7428     -6.5400
    1.2327     -6.5220
    1.9269     -6.5040
    2.6731     -6.4860
    3.1868     -6.4680
    3.2311     -6.4500
    2.8388     -6.4320
    2.2873     -6.4140
    1.8430     -6.3960
    1.5931     -6.3780
    1.5037     -6.3600
    1.5374     -6.3420
    1.6756     -6.3240
    1.8662     -6.3060
    2.0055     -6.2880
    2.0169     -6.2700
    1.9433     -6.2520
    1.9074     -6.2340
    1.9711     -6.2160
    2.0925     -6.1980
    2.2421     -6.1800
    2.4630     -6.1620
    2.7408     -6.1440
    2.9165     -6.1260
    2.8678     -6.1080
    2.7256     -6.0900
    2.7806     -6.0720
    3.1668     -6.0540
    3.7223     -6.0360
    4.1645     -6.0180
    4.3317     -6.0000
    4.2644     -5.9820
    4.1501     -5.9640
    4.1915     -5.9460
    4.4246     -5.9280
    4.6725     -5.9100
    4.7740     -5.8920
    4.8258     -5.8740
    5.0746     -5.8560
    5.5666     -5.8380
    6.0219     -5.8200
    6.0854     -5.8020
    5.6153     -5.7840
    4.7224     -5.7660
    3.6636     -5.7480
    2.7561     -5.7300
    2.2860     -5.7120
    2.3805     -5.6940
    2.9640     -5.6760
    3.8860     -5.6580
    5.0827     -5.6400
    6.5474     -5.6220
    8.1349     -5.6040
    9.5111     -5.5860
   10.3753     -5.5680
   10.6535     -5.5500
   10.4080     -5.5320
    9.6910     -5.5140
    8.6135     -5.4960
    7.4634     -5.4780
    6.6043     -5.4600
    6.2190     -5.4420
    6.1577     -5.4240
    6.0496     -5.4060
    5.6226     -5.3880
    4.9689     -5.3700
    4.5010     -5.3520
    4.6128     -5.3340
    5.3190     -5.3160
    6.1910     -5.2980
    6.6695     -5.2800
    6.4899     -5.2620
    5.8450     -5.2440
    5.1699     -5.2260
    4.7659     -5.2080
    4.6210     -5.1900
    4.5679     -5.1720
    4.5313     -5.1540
    4.5868     -5.1360
    4.8687     -5.1180
    5.4725     -5.1000
    6.3806     -5.0820
    7.4187     -5.0640
    8.2884     -5.0460
    8.7041     -5.0280
    8.5914     -5.0100
    8.1879     -4.9920
    7.9032     -4.9740
    8.0250     -4.9560
    8.5450     -4.9380
    9.2519     -4.9200
    9.9429     -4.9020
   10.5153     -4.8840
   10.9123     -4.8660
   11.0720     -4.8480
   10.9564     -4.8300
   10.5980     -4.8120
   10.1035     -4.7940
    9.6374     -4.7760
    9.4055     -4.7580
    9.6111     -4.7400
   10.3484     -4.7220
   11.4898     -4.7040
   12.7407     -4.6860
   13.8781     -4.6680
   14.8912     -4.6500
   15.8512     -4.6320
   16.7207     -4.6140
   17.3442     -4.5960
   17.5830     -4.5780
   17.4278     -4.5600
   17.0216     -4.5420
   16.6115     -4.5240
   16.4153     -4.5060
   16.4673     -4.4880
   16.6435     -4.4700
   16.8705     -4.4520
   17.2361     -4.4340
   17.8038     -4.4160
   18.3191     -4.3980
   18.2789     -4.3800
   17.4960     -4.3620
   16.4799     -4.3440
   16.0421     -4.3260
   16.6342     -4.3080
   18.1855     -4.2900
   20.3098     -4.2720
   22.4510     -4.2540
   24.1115     -4.2360
   25.2420     -4.2180
   26.2334     -4.2000
   27.3611     -4.1820
   28.4877     -4.1640
   29.4402     -4.1460
   30.3230     -4.1280
   31.2541     -4.1100
   32.1421     -4.0920
   32.9219     -4.0740
   33.6443     -4.0560
   34.1633     -4.0380
   34.1144     -4.0200
   33.3969     -4.0020
   32.4067     -3.9840
   31.6239     -3.9660
   31.1147     -3.9480
   30.5789     -3.9300
   29.8242     -3.9120
   28.9824     -3.8940
   28.1620     -3.8760
   27.1398     -3.8580
   25.7352     -3.8400
   24.3577     -3.8220
   23.7077     -3.8040
   23.9222     -3.7860
   24.5234     -3.7680
   25.2813     -3.7500
   26.5837     -3.7320
   28.7602     -3.7140
   31.4387     -3.6960
   33.8060     -3.6780
   35.3496     -3.6600
   36.1955     -3.6420
   36.7200     -3.6240
   36.9505     -3.6060
   36.5277     -3.5880
   35.3050     -3.5700
   33.8479     -3.5520
   33.1715     -3.5340
   33.8838     -3.5160
   35.6073     -3.4980
   37.2931     -3.4800
   38.0306     -3.4620
   37.6087     -3.4440
   36.6646     -3.4260
   36.3799     -3.4080
   37.5146     -3.3900
   39.4397     -3.3720
   40.5076     -3.3540
   39.6051     -3.3360
   37.0346     -3.3180
   33.9051     -3.3000
   31.1934     -3.2820
   29.4826     -3.2640
   29.1560     -3.2460
   30.5497     -3.2280
   33.8728     -3.2100
   38.9252     -3.1920
   44.8287     -3.1740
   50.1043     -3.1560
   53.3049     -3.1380
   53.8999     -3.1200
   52.6361     -3.1020
   51.0092     -3.0840
   50.3627     -3.0660
   51.2400     -3.0480
   53.1923     -3.0300
   55.1670     -3.0120
   56.3503     -2.9940
   56.7446     -2.9760
   56.9857     -2.9580
   57.8118     -2.9400
   59.7245     -2.9220
   62.8413     -2.9040
   66.7777     -2.8860
   70.6302     -2.8680
   73.3347     -2.8500
   74.4097     -2.8320
   74.3807     -2.8140
   74.3072     -2.7960
   74.9339     -2.7780
   76.2673     -2.7600
   77.6523     -2.7420
   78.1975     -2.7240
   77.5443     -2.7060
   76.4493     -2.6880
   76.2532     -2.6700
   77.3558     -2.6520
   78.3181     -2.6340
   76.9011     -2.6160
   72.0916     -2.5980
   64.9411     -2.5800
   57.6081     -2.5620
   51.9432     -2.5440
   48.7465     -2.5260
   47.6839     -2.5080
   47.6791     -2.4900
   47.7282     -2.4720
   47.6271     -2.4540
   48.0323     -2.4360
   49.9401     -2.4180
   54.0298     -2.4000
   60.1042     -2.3820
   66.8386     -2.3640
   72.1768     -2.3460
   74.3467     -2.3280
   72.8260     -2.3100
   68.5474     -2.2920
   63.2783     -2.2740
   58.7264     -2.2560
   55.9180     -2.2380
   54.9061     -2.2200
   54.7464     -2.2020
   54.0512     -2.1840
   52.1544     -2.1660
   49.9089     -2.1480
   49.1064     -2.1300
   50.9850     -2.1120
   55.3932     -2.0940
   61.2540     -2.0760
   67.3416     -2.0580
   72.4886     -2.0400
   75.6855     -2.0220
   76.5849     -2.0040
   75.8020     -1.9860
   74.4308     -1.9680
   73.3114     -1.9500
   72.7306     -1.9320
   72.5116     -1.9140
   72.2808     -1.8960
   71.7841     -1.8780
   70.9947     -1.8600
   70.0192     -1.8420
   69.1054     -1.8240
   68.6820     -1.8060
   69.1395     -1.7880
   70.5783     -1.7700
   72.9432     -1.7520
   76.3553     -1.7340
   81.0442     -1.7160
   86.8192     -1.6980
   92.7250     -1.6800
   97.3654     -1.6620
   99.6123     -1.6440
   99.0426     -1.6260
   95.8886     -1.6080
   90.7793     -1.5900
   84.4317     -1.5720
   77.3585     -1.5540
   69.7825     -1.5360
   61.7667     -1.5180
   53.4138     -1.5000
   45.0786     -1.4820
   37.4434     -1.4640
   31.2632     -1.4460
   26.9065     -1.4280
   24.1234     -1.4100
   22.2727     -1.3920
   20.7146     -1.3740
   19.0088     -1.3560
   16.9876     -1.3380
   14.8305     -1.3200
   12.9610     -1.3020
   11.7268     -1.2840
   11.1926     -1.2660
   11.2004     -1.2480
   11.4435     -1.2300
   11.4761     -1.2120
   10.9121     -1.1940
    9.7450     -1.1760
    8.3646     -1.1580
    7.2185     -1.1400
    6.5304     -1.1220
    6.3264     -1.1040
    6.6184     -1.0860
    7.4476     -1.0680
    8.6989     -1.0500
    9.9506     -1.0320
   10.6397     -1.0140
   10.4472     -0.9960
    9.5547     -0.9780
    8.5390     -0.9600
    7.9447     -0.9420
    7.8514     -0.9240
    7.8499     -0.9060
    7.4911     -0.8880
    6.7128     -0.8700
    5.7716     -0.8520
    4.9159     -0.8340
    4.3234     -0.8160
    4.2438     -0.7980
    4.9147     -0.7800
    6.2695     -0.7620
    7.8464     -0.7440
    9.0713     -0.7260
    9.6964     -0.7080
    9.9700     -0.6900
   10.2531     -0.6720
   10.4284     -0.6540
    9.9195     -0.6360
    8.4507     -0.6180
    6.5874     -0.6000
    5.3254     -0.5820
    5.2097     -0.5640
    5.9000     -0.5460
    6.5359     -0.5280
    6.5417     -0.5100
    6.1017     -0.4920
    5.8316     -0.4740
    6.0585     -0.4560
    6.5091     -0.4380
    6.6406     -0.4200
    6.1845     -0.4020
    5.3556     -0.3840
    4.5921     -0.3660
    4.2030     -0.3480
    4.2842     -0.3300
    4.8031     -0.3120
    5.6158     -0.2940
    6.4507     -0.2760
    7.0059     -0.2580
    7.1048     -0.2400
    6.7644     -0.2220
    6.1942     -0.2040
    5.7645     -0.1860
    5.8108     -0.1680
    6.3083     -0.1500
    6.8237     -0.1320
    6.9275     -0.1140
    6.5982     -0.0960
    6.1490     -0.0780
    5.8865     -0.0600
    5.9303     -0.0420
    6.2050     -0.0240
    6.4505     -0.0060
    6.3362      0.0120
    5.7259      0.0300
    4.8290      0.0480
    4.0241      0.0660
    3.5540      0.0840
    3.4316      0.1020
    3.5882      0.1200
    4.0165      0.1380
    4.7284      0.1560
    5.6188      0.1740
    6.4274      0.1920
    6.8561      0.2100
    6.7680      0.2280
    6.3355      0.2460
    5.9601      0.2640
    5.9329      0.2820
    6.1710      0.3000
    6.3504      0.3180
    6.2560      0.3360
    5.9193      0.3540
    5.4707      0.3720
    4.9830      0.3900
    4.4803      0.4080
    4.0025      0.4260
    3.5805      0.4440
    3.1810      0.4620
    2.7447      0.4800
    2.2765      0.4980
    1.8772      0.5160
    1.7107      0.5340
    1.9427      0.5520
    2.6512      0.5700
    3.7294      0.5880
    4.8742      0.6060
    5.7586      0.6240
    6.2959      0.6420
    6.6976      0.6600
    7.2098      0.6780
    7.8198      0.6960
    8.2551      0.7140
    8.2184      0.7320
    7.6023      0.7500
    6.5493      0.7680
    5.3652      0.7860
    4.3660      0.8040
    3.7575      0.8220
    3.5626      0.8400
    3.6113      0.8580
    3.6817      0.8760
    3.7276      0.8940
    3.9174      0.9120
    4.3841      0.9300
    4.9802      0.9480
    5.3680      0.9660
    5.3399      0.9840
    4.9597      1.0020
    4.4125      1.0200
    3.8390      1.0380
    3.3235      1.0560
    2.9281      1.0740
    2.6887      1.0920
    2.6055      1.1100
    2.6406      1.1280
    2.7247      1.1460
    2.7987      1.1640
    2.8513      1.1820
    2.9201      1.2000
    3.0856      1.2180
    3.4438      1.2360
    3.9978      1.2540
    4.5651      1.2720
    4.8831      1.2900
    4.8279      1.3080
    4.4544      1.3260
    3.8601      1.3440
    3.1581      1.3620
    2.5708      1.3800
    2.3637      1.3980
    2.6093      1.4160
    3.1137      1.4340
    3.6334      1.4520
    4.0961      1.4700
    4.5607      1.4880
    5.0310      1.5060
    5.3825      1.5240
    5.4587      1.5420
    5.2275      1.5600
    4.8624      1.5780
    4.6401      1.5960
    4.7106      1.6140
    4.9898      1.6320
    5.2659      1.6500
    5.3579      1.6680
    5.2084      1.6860
    4.8953      1.7040
    4.5353      1.7220
    4.1508      1.7400
    3.6844      1.7580
    3.1507      1.7760
    2.6944      1.7940
    2.4762      1.8120
    2.5322      1.8300
    2.7305      1.8480
    2.8691      1.8660
    2.8619      1.8840
    2.8316      1.9020
    2.9874      1.9200
    3.4287      1.9380
    4.0676      1.9560
    4.6821      1.9740
    5.0342      1.9920
