    0.0000     -7.9980
    0.0000     -7.9865
    0.0000     -7.9750
    0.0000     -7.9635
    0.0000     -7.9520
    0.0000     -7.9405
    0.0000     -7.9290
    0.0000     -7.9175
    0.0000     -7.9060
    0.0000     -7.8945
    0.0000     -7.8830
    0.0000     -7.8715
    0.0000     -7.8600
    0.0000     -7.8485
    0.0000     -7.8370
    0.0000     -7.8255
    0.0000     -7.8140
    0.0000     -7.8025
    0.0000     -7.7910
    0.0000     -7.7795
    0.0000     -7.7680
    0.0000     -7.7565
    0.0000     -7.7450
    0.0000     -7.7335
    0.0000     -7.7220
    0.0000     -7.7105
    0.0000     -7.6990
    0.0000     -7.6875
    0.0000     -7.6760
    0.0000     -7.6645
    0.0000     -7.6530
    0.0000     -7.6415
    0.0000     -7.6300
    0.0000     -7.6185
    0.0000     -7.6070
    0.0000     -7.5955
    0.0000     -7.5840
    0.0000     -7.5725
    0.0000     -7.5610
    0.0000     -7.5495
    0.0000     -7.5380
    0.0000     -7.5265
    0.0000     -7.5150
    0.0000     -7.5035
    0.0000     -7.4920
    0.0000     -7.4805
    0.0000     -7.4690
    0.0000     -7.4575
    0.0000     -7.4460
    0.0000     -7.4345
    0.0000     -7.4230
    0.0000     -7.4115
    0.0000     -7.4000
    0.0000     -7.3885
    0.0000     -7.3770
    0.0000     -7.3655
    0.0000     -7.3540
    0.0000     -7.3425
    0.0000     -7.3310
    0.0001     -7.3195
    0.0003     -7.3080
    0.0006     -7.2965
    0.0012     -7.2850
    0.0022     -7.2735
    0.0040     -7.2620
    0.0066     -7.2505
    0.0103     -7.2390
    0.0148     -7.2275
    0.0199     -7.2160
    0.0247     -7.2045
    0.0284     -7.1930
    0.0305     -7.1815
    0.0310     -7.1700
    0.0309     -7.1585
    0.0316     -7.1470
    0.0340     -7.1355
    0.0385     -7.1240
    0.0444     -7.1125
    0.0502     -7.1010
    0.0542     -7.0895
    0.0552     -7.0780
    0.0528     -7.0665
    0.0475     -7.0550
    0.0409     -7.0435
    0.0355     -7.0320
    0.0336     -7.0205
    0.0371     -7.0090
    0.0465     -6.9975
    0.0603     -6.9860
    0.0757     -6.9745
    0.0890     -6.9630
    0.0973     -6.9515
    0.0995     -6.9400
    0.0968     -6.9285
    0.0911     -6.9170
    0.0849     -6.9055
    0.0803     -6.8940
    0.0795     -6.8825
    0.0852     -6.8710
    0.1001     -6.8595
    0.1253     -6.8480
    0.1588     -6.8365
    0.1950     -6.8250
    0.2258     -6.8135
    0.2442     -6.8020
    0.2468     -6.7905
    0.2349     -6.7790
    0.2132     -6.7675
    0.1871     -6.7560
    0.1602     -6.7445
    0.1337     -6.7330
    0.1077     -6.7215
    0.0826     -6.7100
    0.0593     -6.6985
    0.0396     -6.6870
    0.0246     -6.6755
    0.0150     -6.6640
    0.0106     -6.6525
    0.0111     -6.6410
    0.0163     -6.6295
    0.0263     -6.6180
    0.0408     -6.6065
    0.0592     -6.5950
    0.0800     -6.5835
    0.1015     -6.5720
    0.1223     -6.5605
    0.1414     -6.5490
    0.1587     -6.5375
    0.1740     -6.5260
    0.1871     -6.5145
    0.1983     -6.5030
    0.2082     -6.4915
    0.2175     -6.4800
    0.2262     -6.4685
    0.2326     -6.4570
    0.2341     -6.4455
    0.2285     -6.4340
    0.2152     -6.4225
    0.1957     -6.4110
    0.1720     -6.3995
    0.1462     -6.3880
    0.1197     -6.3765
    0.0934     -6.3650
    0.0687     -6.3535
    0.0471     -6.3420
    0.0298     -6.3305
    0.0174     -6.3190
    0.0093     -6.3075
    0.0048     -6.2960
    0.0028     -6.2845
    0.0027     -6.2730
    0.0042     -6.2615
    0.0073     -6.2500
    0.0124     -6.2385
    0.0197     -6.2270
    0.0293     -6.2155
    0.0407     -6.2040
    0.0531     -6.1925
    0.0650     -6.1810
    0.0745     -6.1695
    0.0798     -6.1580
    0.0800     -6.1465
    0.0752     -6.1350
    0.0667     -6.1235
    0.0566     -6.1120
    0.0466     -6.1005
    0.0379     -6.0890
    0.0312     -6.0775
    0.0264     -6.0660
    0.0237     -6.0545
    0.0228     -6.0430
    0.0236     -6.0315
    0.0257     -6.0200
    0.0286     -6.0085
    0.0314     -5.9970
    0.0337     -5.9855
    0.0348     -5.9740
    0.0349     -5.9625
    0.0341     -5.9510
    0.0331     -5.9395
    0.0324     -5.9280
    0.0321     -5.9165
    0.0323     -5.9050
    0.0328     -5.8935
    0.0335     -5.8820
    0.0341     -5.8705
    0.0347     -5.8590
    0.0352     -5.8475
    0.0357     -5.8360
    0.0363     -5.8245
    0.0372     -5.8130
    0.0383     -5.8015
    0.0396     -5.7900
    0.0408     -5.7785
    0.0417     -5.7670
    0.0421     -5.7555
    0.0416     -5.7440
    0.0403     -5.7325
    0.0380     -5.7210
    0.0350     -5.7095
    0.0316     -5.6980
    0.0285     -5.6865
    0.0259     -5.6750
    0.0243     -5.6635
    0.0239     -5.6520
    0.0246     -5.6405
    0.0265     -5.6290
    0.0293     -5.6175
    0.0328     -5.6060
    0.0371     -5.5945
    0.0419     -5.5830
    0.0471     -5.5715
    0.0522     -5.5600
    0.0568     -5.5485
    0.0603     -5.5370
    0.0627     -5.5255
    0.0645     -5.5140
    0.0663     -5.5025
    0.0689     -5.4910
    0.0728     -5.4795
    0.0777     -5.4680
    0.0826     -5.4565
    0.0863     -5.4450
    0.0880     -5.4335
    0.0872     -5.4220
    0.0842     -5.4105
    0.0801     -5.3990
    0.0760     -5.3875
    0.0731     -5.3760
    0.0726     -5.3645
    0.0747     -5.3530
    0.0792     -5.3415
    0.0853     -5.3300
    0.0916     -5.3185
    0.0972     -5.3070
    0.1015     -5.2955
    0.1051     -5.2840
    0.1088     -5.2725
    0.1137     -5.2610
    0.1199     -5.2495
    0.1268     -5.2380
    0.1333     -5.2265
    0.1381     -5.2150
    0.1404     -5.2035
    0.1399     -5.1920
    0.1367     -5.1805
    0.1314     -5.1690
    0.1248     -5.1575
    0.1181     -5.1460
    0.1122     -5.1345
    0.1081     -5.1230
    0.1062     -5.1115
    0.1061     -5.1000
    0.1070     -5.0885
    0.1075     -5.0770
    0.1067     -5.0655
    0.1040     -5.0540
    0.0997     -5.0425
    0.0948     -5.0310
    0.0909     -5.0195
    0.0892     -5.0080
    0.0910     -4.9965
    0.0964     -4.9850
    0.1052     -4.9735
    0.1163     -4.9620
    0.1283     -4.9505
    0.1400     -4.9390
    0.1496     -4.9275
    0.1560     -4.9160
    0.1582     -4.9045
    0.1562     -4.8930
    0.1509     -4.8815
    0.1441     -4.8700
    0.1384     -4.8585
    0.1359     -4.8470
    0.1381     -4.8355
    0.1455     -4.8240
    0.1571     -4.8125
    0.1710     -4.8010
    0.1845     -4.7895
    0.1944     -4.7780
    0.1981     -4.7665
    0.1939     -4.7550
    0.1821     -4.7435
    0.1652     -4.7320
    0.1466     -4.7205
    0.1302     -4.7090
    0.1183     -4.6975
    0.1116     -4.6860
    0.1092     -4.6745
    0.1094     -4.6630
    0.1102     -4.6515
    0.1105     -4.6400
    0.1096     -4.6285
    0.1077     -4.6170
    0.1049     -4.6055
    0.1016     -4.5940
    0.0983     -4.5825
    0.0953     -4.5710
    0.0928     -4.5595
    0.0912     -4.5480
    0.0903     -4.5365
    0.0903     -4.5250
    0.0913     -4.5135
    0.0934     -4.5020
    0.0967     -4.4905
    0.1006     -4.4790
    0.1044     -4.4675
    0.1069     -4.4560
    0.1067     -4.4445
    0.1036     -4.4330
    0.0975     -4.4215
    0.0894     -4.4100
    0.0807     -4.3985
    0.0725     -4.3870
    0.0659     -4.3755
    0.0615     -4.3640
    0.0597     -4.3525
    0.0604     -4.3410
    0.0635     -4.3295
    0.0686     -4.3180
    0.0755     -4.3065
    0.0836     -4.2950
    0.0917     -4.2835
    0.0985     -4.2720
    0.1025     -4.2605
    0.1028     -4.2490
    0.0993     -4.2375
    0.0929     -4.2260
    0.0849     -4.2145
    0.0769     -4.2030
    0.0700     -4.1915
    0.0650     -4.1800
    0.0619     -4.1685
    0.0604     -4.1570
    0.0602     -4.1455
    0.0608     -4.1340
    0.0618     -4.1225
    0.0628     -4.1110
    0.0636     -4.0995
    0.0638     -4.0880
    0.0633     -4.0765
    0.0620     -4.0650
    0.0602     -4.0535
    0.0582     -4.0420
    0.0563     -4.0305
    0.0552     -4.0190
    0.0549     -4.0075
    0.0557     -3.9960
    0.0575     -3.9845
    0.0600     -3.9730
    0.0629     -3.9615
    0.0655     -3.9500
    0.0674     -3.9385
    0.0682     -3.9270
    0.0677     -3.9155
    0.0660     -3.9040
    0.0634     -3.8925
    0.0602     -3.8810
    0.0568     -3.8695
    0.0535     -3.8580
    0.0505     -3.8465
    0.0479     -3.8350
    0.0457     -3.8235
    0.0439     -3.8120
    0.0424     -3.8005
    0.0413     -3.7890
    0.0402     -3.7775
    0.0391     -3.7660
    0.0381     -3.7545
    0.0371     -3.7430
    0.0363     -3.7315
    0.0359     -3.7200
    0.0357     -3.7085
    0.0356     -3.6970
    0.0353     -3.6855
    0.0346     -3.6740
    0.0334     -3.6625
    0.0317     -3.6510
    0.0298     -3.6395
    0.0279     -3.6280
    0.0263     -3.6165
    0.0255     -3.6050
    0.0257     -3.5935
    0.0272     -3.5820
    0.0299     -3.5705
    0.0333     -3.5590
    0.0373     -3.5475
    0.0415     -3.5360
    0.0457     -3.5245
    0.0499     -3.5130
    0.0543     -3.5015
    0.0591     -3.4900
    0.0640     -3.4785
    0.0689     -3.4670
    0.0734     -3.4555
    0.0771     -3.4440
    0.0797     -3.4325
    0.0811     -3.4210
    0.0813     -3.4095
    0.0803     -3.3980
    0.0784     -3.3865
    0.0754     -3.3750
    0.0715     -3.3635
    0.0668     -3.3520
    0.0615     -3.3405
    0.0558     -3.3290
    0.0501     -3.3175
    0.0448     -3.3060
    0.0402     -3.2945
    0.0366     -3.2830
    0.0341     -3.2715
    0.0328     -3.2600
    0.0325     -3.2485
    0.0333     -3.2370
    0.0355     -3.2255
    0.0391     -3.2140
    0.0441     -3.2025
    0.0499     -3.1910
    0.0555     -3.1795
    0.0600     -3.1680
    0.0627     -3.1565
    0.0633     -3.1450
    0.0622     -3.1335
    0.0599     -3.1220
    0.0572     -3.1105
    0.0548     -3.0990
    0.0529     -3.0875
    0.0517     -3.0760
    0.0510     -3.0645
    0.0506     -3.0530
    0.0501     -3.0415
    0.0496     -3.0300
    0.0491     -3.0185
    0.0489     -3.0070
    0.0496     -2.9955
    0.0514     -2.9840
    0.0543     -2.9725
    0.0582     -2.9610
    0.0622     -2.9495
    0.0654     -2.9380
    0.0671     -2.9265
    0.0667     -2.9150
    0.0648     -2.9035
    0.0623     -2.8920
    0.0605     -2.8805
    0.0602     -2.8690
    0.0619     -2.8575
    0.0650     -2.8460
    0.0685     -2.8345
    0.0713     -2.8230
    0.0723     -2.8115
    0.0713     -2.8000
    0.0689     -2.7885
    0.0669     -2.7770
    0.0673     -2.7655
    0.0724     -2.7540
    0.0833     -2.7425
    0.0998     -2.7310
    0.1202     -2.7195
    0.1413     -2.7080
    0.1598     -2.6965
    0.1726     -2.6850
    0.1778     -2.6735
    0.1752     -2.6620
    0.1658     -2.6505
    0.1522     -2.6390
    0.1370     -2.6275
    0.1234     -2.6160
    0.1139     -2.6045
    0.1107     -2.5930
    0.1154     -2.5815
    0.1280     -2.5700
    0.1475     -2.5585
    0.1716     -2.5470
    0.1968     -2.5355
    0.2196     -2.5240
    0.2373     -2.5125
    0.2482     -2.5010
    0.2519     -2.4895
    0.2489     -2.4780
    0.2402     -2.4665
    0.2272     -2.4550
    0.2127     -2.4435
    0.2007     -2.4320
    0.1963     -2.4205
    0.2034     -2.4090
    0.2220     -2.3975
    0.2470     -2.3860
    0.2699     -2.3745
    0.2822     -2.3630
    0.2802     -2.3515
    0.2662     -2.3400
    0.2470     -2.3285
    0.2300     -2.3170
    0.2197     -2.3055
    0.2162     -2.2940
    0.2160     -2.2825
    0.2143     -2.2710
    0.2072     -2.2595
    0.1927     -2.2480
    0.1715     -2.2365
    0.1463     -2.2250
    0.1208     -2.2135
    0.0988     -2.2020
    0.0834     -2.1905
    0.0763     -2.1790
    0.0782     -2.1675
    0.0879     -2.1560
    0.1029     -2.1445
    0.1193     -2.1330
    0.1329     -2.1215
    0.1401     -2.1100
    0.1391     -2.0985
    0.1301     -2.0870
    0.1150     -2.0755
    0.0965     -2.0640
    0.0779     -2.0525
    0.0619     -2.0410
    0.0506     -2.0295
    0.0444     -2.0180
    0.0424     -2.0065
    0.0428     -1.9950
    0.0432     -1.9835
    0.0421     -1.9720
    0.0391     -1.9605
    0.0351     -1.9490
    0.0316     -1.9375
    0.0299     -1.9260
    0.0308     -1.9145
    0.0336     -1.9030
    0.0372     -1.8915
    0.0403     -1.8800
    0.0421     -1.8685
    0.0425     -1.8570
    0.0424     -1.8455
    0.0424     -1.8340
    0.0434     -1.8225
    0.0456     -1.8110
    0.0493     -1.7995
    0.0544     -1.7880
    0.0605     -1.7765
    0.0667     -1.7650
    0.0717     -1.7535
    0.0743     -1.7420
    0.0736     -1.7305
    0.0697     -1.7190
    0.0634     -1.7075
    0.0561     -1.6960
    0.0489     -1.6845
    0.0426     -1.6730
    0.0374     -1.6615
    0.0335     -1.6500
    0.0307     -1.6385
    0.0288     -1.6270
    0.0279     -1.6155
    0.0278     -1.6040
    0.0283     -1.5925
    0.0293     -1.5810
    0.0305     -1.5695
    0.0317     -1.5580
    0.0324     -1.5465
    0.0325     -1.5350
    0.0318     -1.5235
    0.0303     -1.5120
    0.0281     -1.5005
    0.0250     -1.4890
    0.0213     -1.4775
    0.0172     -1.4660
    0.0132     -1.4545
    0.0096     -1.4430
    0.0070     -1.4315
    0.0056     -1.4200
    0.0052     -1.4085
    0.0058     -1.3970
    0.0071     -1.3855
    0.0088     -1.3740
    0.0107     -1.3625
    0.0127     -1.3510
    0.0147     -1.3395
    0.0167     -1.3280
    0.0185     -1.3165
    0.0197     -1.3050
    0.0203     -1.2935
    0.0201     -1.2820
    0.0193     -1.2705
    0.0183     -1.2590
    0.0175     -1.2475
    0.0173     -1.2360
    0.0179     -1.2245
    0.0191     -1.2130
    0.0207     -1.2015
    0.0220     -1.1900
    0.0224     -1.1785
    0.0215     -1.1670
    0.0195     -1.1555
    0.0167     -1.1440
    0.0138     -1.1325
    0.0115     -1.1210
    0.0102     -1.1095
    0.0098     -1.0980
    0.0103     -1.0865
    0.0112     -1.0750
    0.0122     -1.0635
    0.0130     -1.0520
    0.0136     -1.0405
    0.0141     -1.0290
    0.0147     -1.0175
    0.0158     -1.0060
    0.0172     -0.9945
    0.0186     -0.9830
    0.0197     -0.9715
    0.0199     -0.9600
    0.0190     -0.9485
    0.0171     -0.9370
    0.0146     -0.9255
    0.0122     -0.9140
    0.0102     -0.9025
    0.0090     -0.8910
    0.0086     -0.8795
    0.0088     -0.8680
    0.0095     -0.8565
    0.0103     -0.8450
    0.0110     -0.8335
    0.0115     -0.8220
    0.0115     -0.8105
    0.0111     -0.7990
    0.0105     -0.7875
    0.0098     -0.7760
    0.0095     -0.7645
    0.0097     -0.7530
    0.0104     -0.7415
    0.0117     -0.7300
    0.0132     -0.7185
    0.0146     -0.7070
    0.0156     -0.6955
    0.0160     -0.6840
    0.0160     -0.6725
    0.0158     -0.6610
    0.0159     -0.6495
    0.0166     -0.6380
    0.0179     -0.6265
    0.0194     -0.6150
    0.0208     -0.6035
    0.0215     -0.5920
    0.0212     -0.5805
    0.0200     -0.5690
    0.0183     -0.5575
    0.0168     -0.5460
    0.0159     -0.5345
    0.0162     -0.5230
    0.0178     -0.5115
    0.0202     -0.5000
    0.0229     -0.4885
    0.0253     -0.4770
    0.0267     -0.4655
    0.0270     -0.4540
    0.0261     -0.4425
    0.0244     -0.4310
    0.0226     -0.4195
    0.0212     -0.4080
    0.0208     -0.3965
    0.0214     -0.3850
    0.0229     -0.3735
    0.0246     -0.3620
    0.0261     -0.3505
    0.0267     -0.3390
    0.0261     -0.3275
    0.0243     -0.3160
    0.0217     -0.3045
    0.0188     -0.2930
    0.0162     -0.2815
    0.0143     -0.2700
    0.0134     -0.2585
    0.0133     -0.2470
    0.0139     -0.2355
    0.0150     -0.2240
    0.0164     -0.2125
    0.0178     -0.2010
    0.0190     -0.1895
    0.0199     -0.1780
    0.0205     -0.1665
    0.0208     -0.1550
    0.0208     -0.1435
    0.0204     -0.1320
    0.0197     -0.1205
    0.0186     -0.1090
    0.0174     -0.0975
    0.0162     -0.0860
    0.0152     -0.0745
    0.0145     -0.0630
    0.0141     -0.0515
    0.0141     -0.0400
    0.0143     -0.0285
    0.0146     -0.0170
    0.0149     -0.0055
    0.0151      0.0060
    0.0153      0.0175
    0.0152      0.0290
    0.0149      0.0405
    0.0144      0.0520
    0.0138      0.0635
    0.0129      0.0750
    0.0120      0.0865
    0.0110      0.0980
    0.0100      0.1095
    0.0092      0.1210
    0.0087      0.1325
    0.0087      0.1440
    0.0090      0.1555
    0.0097      0.1670
    0.0103      0.1785
    0.0108      0.1900
    0.0109      0.2015
    0.0106      0.2130
    0.0099      0.2245
    0.0090      0.2360
    0.0082      0.2475
    0.0078      0.2590
    0.0078      0.2705
    0.0085      0.2820
    0.0097      0.2935
    0.0115      0.3050
    0.0134      0.3165
    0.0153      0.3280
    0.0168      0.3395
    0.0179      0.3510
    0.0185      0.3625
    0.0188      0.3740
    0.0188      0.3855
    0.0184      0.3970
    0.0178      0.4085
    0.0170      0.4200
    0.0161      0.4315
    0.0152      0.4430
    0.0141      0.4545
    0.0131      0.4660
    0.0122      0.4775
    0.0115      0.4890
    0.0112      0.5005
    0.0113      0.5120
    0.0116      0.5235
    0.0121      0.5350
    0.0126      0.5465
    0.0129      0.5580
    0.0131      0.5695
    0.0131      0.5810
    0.0131      0.5925
    0.0132      0.6040
    0.0135      0.6155
    0.0139      0.6270
    0.0141      0.6385
    0.0141      0.6500
    0.0136      0.6615
    0.0128      0.6730
    0.0119      0.6845
    0.0111      0.6960
    0.0106      0.7075
    0.0103      0.7190
    0.0103      0.7305
    0.0102      0.7420
    0.0100      0.7535
    0.0094      0.7650
    0.0084      0.7765
    0.0071      0.7880
    0.0056      0.7995
    0.0043      0.8110
    0.0033      0.8225
    0.0028      0.8340
    0.0029      0.8455
    0.0037      0.8570
    0.0051      0.8685
    0.0067      0.8800
    0.0084      0.8915
    0.0098      0.9030
    0.0107      0.9145
    0.0109      0.9260
    0.0107      0.9375
    0.0101      0.9490
    0.0096      0.9605
    0.0094      0.9720
    0.0098      0.9835
    0.0105      0.9950
    0.0116      1.0065
    0.0126      1.0180
    0.0134      1.0295
    0.0137      1.0410
    0.0135      1.0525
    0.0129      1.0640
    0.0122      1.0755
    0.0114      1.0870
    0.0108      1.0985
    0.0104      1.1100
    0.0101      1.1215
    0.0101      1.1330
    0.0102      1.1445
    0.0105      1.1560
    0.0108      1.1675
    0.0109      1.1790
    0.0106      1.1905
    0.0098      1.2020
    0.0088      1.2135
    0.0076      1.2250
    0.0067      1.2365
    0.0064      1.2480
    0.0069      1.2595
    0.0081      1.2710
    0.0098      1.2825
    0.0117      1.2940
    0.0133      1.3055
    0.0143      1.3170
    0.0146      1.3285
    0.0141      1.3400
    0.0133      1.3515
    0.0122      1.3630
    0.0111      1.3745
    0.0099      1.3860
    0.0088      1.3975
    0.0078      1.4090
    0.0069      1.4205
    0.0065      1.4320
    0.0065      1.4435
    0.0071      1.4550
    0.0082      1.4665
    0.0096      1.4780
    0.0110      1.4895
    0.0121      1.5010
    0.0127      1.5125
    0.0126      1.5240
    0.0120      1.5355
    0.0109      1.5470
    0.0096      1.5585
    0.0085      1.5700
    0.0076      1.5815
    0.0071      1.5930
    0.0069      1.6045
    0.0069      1.6160
    0.0071      1.6275
    0.0074      1.6390
    0.0077      1.6505
    0.0080      1.6620
    0.0081      1.6735
    0.0081      1.6850
    0.0079      1.6965
    0.0076      1.7080
    0.0073      1.7195
    0.0070      1.7310
    0.0068      1.7425
    0.0068      1.7540
    0.0069      1.7655
    0.0072      1.7770
    0.0077      1.7885
    0.0082      1.8000
    0.0087      1.8115
    0.0090      1.8230
    0.0091      1.8345
    0.0090      1.8460
    0.0088      1.8575
    0.0087      1.8690
    0.0092      1.8805
    0.0105      1.8920
    0.0127      1.9035
    0.0159      1.9150
    0.0195      1.9265
    0.0230      1.9380
    0.0254      1.9495
    0.0260      1.9610
    0.0248      1.9725
    0.0221      1.9840
    0.0184      1.9955
