    0.6248     -7.9950
    0.7488     -7.9820
    0.8198     -7.9690
    0.8193     -7.9560
    0.7550     -7.9430
    0.6534     -7.9300
    0.5496     -7.9170
    0.4811     -7.9040
    0.4865     -7.8910
    0.6029     -7.8780
    0.8594     -7.8650
    1.2696     -7.8520
    1.8246     -7.8390
    2.4875     -7.8260
    3.1927     -7.8130
    3.8537     -7.8000
    4.3817     -7.7870
    4.7050     -7.7740
    4.7780     -7.7610
    4.5806     -7.7480
    4.1202     -7.7350
    3.4440     -7.7220
    2.6457     -7.7090
    1.8485     -7.6960
    1.1646     -7.6830
    0.6587     -7.6700
    0.3379     -7.6570
    0.1715     -7.6440
    0.1216     -7.6310
    0.1650     -7.6180
    0.2969     -7.6050
    0.5201     -7.5920
    0.8261     -7.5790
    1.1830     -7.5660
    1.5353     -7.5530
    1.8158     -7.5400
    1.9634     -7.5270
    1.9409     -7.5140
    1.7504     -7.5010
    1.4403     -7.4880
    1.0944     -7.4750
    0.8027     -7.4620
    0.6254     -7.4490
    0.5715     -7.4360
    0.6017     -7.4230
    0.6538     -7.4100
    0.6773     -7.3970
    0.6597     -7.3840
    0.6298     -7.3710
    0.6353     -7.3580
    0.7102     -7.3450
    0.8519     -7.3320
    1.0215     -7.3190
    1.1653     -7.3060
    1.2437     -7.2930
    1.2492     -7.2800
    1.2045     -7.2670
    1.1459     -7.2540
    1.1046     -7.2410
    1.1006     -7.2280
    1.1467     -7.2150
    1.2490     -7.2020
    1.3981     -7.1890
    1.5621     -7.1760
    1.6978     -7.1630
    1.7783     -7.1500
    1.8109     -7.1370
    1.8279     -7.1240
    1.8546     -7.1110
    1.8825     -7.0980
    1.8676     -7.0850
    1.7579     -7.0720
    1.5298     -7.0590
    1.2096     -7.0460
    0.8640     -7.0330
    0.5701     -7.0200
    0.3869     -7.0070
    0.3445     -6.9940
    0.4473     -6.9810
    0.6780     -6.9680
    0.9983     -6.9550
    1.3570     -6.9420
    1.7101     -6.9290
    2.0399     -6.9160
    2.3466     -6.9030
    2.6138     -6.8900
    2.7812     -6.8770
    2.7633     -6.8640
    2.5106     -6.8510
    2.0603     -6.8380
    1.5330     -6.8250
    1.0803     -6.8120
    0.8269     -6.7990
    0.8385     -6.7860
    1.1168     -6.7730
    1.6008     -6.7600
    2.1738     -6.7470
    2.6854     -6.7340
    2.9954     -6.7210
    3.0232     -6.7080
    2.7753     -6.6950
    2.3393     -6.6820
    1.8454     -6.6690
    1.4171     -6.6560
    1.1310     -6.6430
    1.0013     -6.6300
    0.9943     -6.6170
    1.0598     -6.6040
    1.1565     -6.5910
    1.2578     -6.5780
    1.3410     -6.5650
    1.3807     -6.5520
    1.3538     -6.5390
    1.2531     -6.5260
    1.0926     -6.5130
    0.8996     -6.5000
    0.7027     -6.4870
    0.5248     -6.4740
    0.3847     -6.4610
    0.3040     -6.4480
    0.3094     -6.4350
    0.4309     -6.4220
    0.6938     -6.4090
    1.1074     -6.3960
    1.6547     -6.3830
    2.2848     -6.3700
    2.9108     -6.3570
    3.4180     -6.3440
    3.6880     -6.3310
    3.6413     -6.3180
    3.2808     -6.3050
    2.7053     -6.2920
    2.0771     -6.2790
    1.5572     -6.2660
    1.2457     -6.2530
    1.1556     -6.2400
    1.2273     -6.2270
    1.3686     -6.2140
    1.4998     -6.2010
    1.5801     -6.1880
    1.6063     -6.1750
    1.5908     -6.1620
    1.5387     -6.1490
    1.4444     -6.1360
    1.3080     -6.1230
    1.1567     -6.1100
    1.0499     -6.0970
    1.0561     -6.0840
    1.2133     -6.0710
    1.4957     -6.0580
    1.8158     -6.0450
    2.0683     -6.0320
    2.1928     -6.0190
    2.2072     -6.0060
    2.1834     -5.9930
    2.1792     -5.9800
    2.1856     -5.9670
    2.1335     -5.9540
    1.9530     -5.9410
    1.6349     -5.9280
    1.2464     -5.9150
    0.8973     -5.9020
    0.6891     -5.8890
    0.6813     -5.8760
    0.8815     -5.8630
    1.2509     -5.8500
    1.7188     -5.8370
    2.2039     -5.8240
    2.6344     -5.8110
    2.9529     -5.7980
    3.1124     -5.7850
    3.0832     -5.7720
    2.8834     -5.7590
    2.6090     -5.7460
    2.4202     -5.7330
    2.4702     -5.7200
    2.8161     -5.7070
    3.3748     -5.6940
    3.9571     -5.6810
    4.3573     -5.6680
    4.4418     -5.6550
    4.1876     -5.6420
    3.6688     -5.6290
    3.0167     -5.6160
    2.3788     -5.6030
    1.8833     -5.5900
    1.6080     -5.5770
    1.5602     -5.5640
    1.6812     -5.5510
    1.8761     -5.5380
    2.0515     -5.5250
    2.1409     -5.5120
    2.1104     -5.4990
    1.9586     -5.4860
    1.7221     -5.4730
    1.4802     -5.4600
    1.3405     -5.4470
    1.3996     -5.4340
    1.6948     -5.4210
    2.1771     -5.4080
    2.7315     -5.3950
    3.2401     -5.3820
    3.6496     -5.3690
    3.9910     -5.3560
    4.3298     -5.3430
    4.6858     -5.3300
    4.9940     -5.3170
    5.1475     -5.3040
    5.0864     -5.2910
    4.8539     -5.2780
    4.5752     -5.2650
    4.3833     -5.2520
    4.3577     -5.2390
    4.5068     -5.2260
    4.7775     -5.2130
    5.0706     -5.2000
    5.2651     -5.1870
    5.2655     -5.1740
    5.0499     -5.1610
    4.6819     -5.1480
    4.2718     -5.1350
    3.9146     -5.1220
    3.6444     -5.1090
    3.4286     -5.0960
    3.2029     -5.0830
    2.9260     -5.0700
    2.6190     -5.0570
    2.3579     -5.0440
    2.2286     -5.0310
    2.2827     -5.0180
    2.5312     -5.0050
    2.9676     -4.9920
    3.5830     -4.9790
    4.3542     -4.9660
    5.2257     -4.9530
    6.1195     -4.9400
    6.9793     -4.9270
    7.8193     -4.9140
    8.7252     -4.9010
    9.7854     -4.8880
   10.9753     -4.8750
   12.0819     -4.8620
   12.7507     -4.8490
   12.6620     -4.8360
   11.7334     -4.8230
   10.2116     -4.8100
    8.5839     -4.7970
    7.3594     -4.7840
    6.8485     -4.7710
    7.0668     -4.7580
    7.8062     -4.7450
    8.8074     -4.7320
    9.9055     -4.7190
   11.0607     -4.7060
   12.2840     -4.6930
   13.5393     -4.6800
   14.6969     -4.6670
   15.5622     -4.6540
   15.9627     -4.6410
   15.8517     -4.6280
   15.3630     -4.6150
   14.7604     -4.6020
   14.2927     -4.5890
   14.0470     -4.5760
   13.9161     -4.5630
   13.7096     -4.5500
   13.3194     -4.5370
   12.7996     -4.5240
   12.3076     -4.5110
   11.9700     -4.4980
   11.7967     -4.4850
   11.7041     -4.4720
   11.6155     -4.4590
   11.5510     -4.4460
   11.6332     -4.4330
   11.9942     -4.4200
   12.6520     -4.4070
   13.4563     -4.3940
   14.1658     -4.3810
   14.6051     -4.3680
   14.7770     -4.3550
   14.8404     -4.3420
   14.9877     -4.3290
   15.3468     -4.3160
   15.9834     -4.3030
   16.9603     -4.2900
   18.3410     -4.2770
   20.1064     -4.2640
   22.0736     -4.2510
   23.9261     -4.2380
   25.3634     -4.2250
   26.2617     -4.2120
   26.7296     -4.1990
   27.0280     -4.1860
   27.4313     -4.1730
   28.1264     -4.1600
   29.1831     -4.1470
   30.5531     -4.1340
   32.0539     -4.1210
   33.3775     -4.1080
   34.1881     -4.0950
   34.2863     -4.0820
   33.7264     -4.0690
   32.7940     -4.0560
   31.8780     -4.0430
   31.3239     -4.0300
   31.3271     -4.0170
   31.8719     -4.0040
   32.7328     -3.9910
   33.5519     -3.9780
   33.9686     -3.9650
   33.7383     -3.9520
   32.8008     -3.9390
   31.3032     -3.9260
   29.5786     -3.9130
   28.0468     -3.9000
   27.0346     -3.8870
   26.6031     -3.8740
   26.5188     -3.8610
   26.4125     -3.8480
   26.0177     -3.8350
   25.3158     -3.8220
   24.5035     -3.8090
   23.8374     -3.7960
   23.4870     -3.7830
   23.4924     -3.7700
   23.8243     -3.7570
   24.4708     -3.7440
   25.4752     -3.7310
   26.9063     -3.7180
   28.7927     -3.7050
   31.0625     -3.6920
   33.5132     -3.6790
   35.8248     -3.6660
   37.6338     -3.6530
   38.6545     -3.6400
   38.7852     -3.6270
   38.1336     -3.6140
   36.9480     -3.6010
   35.5110     -3.5880
   34.0510     -3.5750
   32.7025     -3.5620
   31.5293     -3.5490
   30.6136     -3.5360
   30.1505     -3.5230
   30.4390     -3.5100
   31.7213     -3.4970
   33.9653     -3.4840
   36.7570     -3.4710
   39.3864     -3.4580
   41.0760     -3.4450
   41.2567     -3.4320
   39.8176     -3.4190
   37.2458     -3.4060
   34.5354     -3.3930
   32.8073     -3.3800
   32.7833     -3.3670
   34.4219     -3.3540
   36.9652     -3.3410
   39.3700     -3.3280
   40.8261     -3.3150
   41.0356     -3.3020
   40.1413     -3.2890
   38.4706     -3.2760
   36.3460     -3.2630
   34.0677     -3.2500
   31.9664     -3.2370
   30.3877     -3.2240
   29.6057     -3.2110
   29.7781     -3.1980
   30.9930     -3.1850
   33.3069     -3.1720
   36.6559     -3.1590
   40.6927     -3.1460
   44.7543     -3.1330
   48.0911     -3.1200
   50.2330     -3.1070
   51.2068     -3.0940
   51.4344     -3.0810
   51.4208     -3.0680
   51.5019     -3.0550
   51.8079     -3.0420
   52.3695     -3.0290
   53.1953     -3.0160
   54.2484     -3.0030
   55.3832     -2.9900
   56.3423     -2.9770
   56.8480     -2.9640
   56.7499     -2.9510
   56.1396     -2.9380
   55.3655     -2.9250
   54.9375     -2.9120
   55.3745     -2.8990
   57.0459     -2.8860
   60.0282     -2.8730
   64.0056     -2.8600
   68.2949     -2.8470
   72.0747     -2.8340
   74.7605     -2.8210
   76.3035     -2.8080
   77.1813     -2.7950
   78.0647     -2.7820
   79.3935     -2.7690
   81.1398     -2.7560
   82.8655     -2.7430
   83.9788     -2.7300
   84.0339     -2.7170
   82.9503     -2.7040
   81.0799     -2.6910
   79.0779     -2.6780
   77.6149     -2.6650
   77.0635     -2.6520
   77.3299     -2.6390
   77.9181     -2.6260
   78.1685     -2.6130
   77.5311     -2.6000
   75.7598     -2.5870
   72.9818     -2.5740
   69.6316     -2.5610
   66.2529     -2.5480
   63.2294     -2.5350
   60.5967     -2.5220
   58.0798     -2.5090
   55.3410     -2.4960
   52.2431     -2.4830
   48.9279     -2.4700
   45.6983     -2.4570
   42.8564     -2.4440
   40.6470     -2.4310
   39.3178     -2.4180
   39.2083     -2.4050
   40.7763     -2.3920
   44.5019     -2.3790
   50.6469     -2.3660
   58.9346     -2.3530
   68.3453     -2.3400
   77.2524     -2.3270
   83.9338     -2.3140
   87.1992     -2.3010
   86.7673     -2.2880
   83.2149     -2.2750
   77.6131     -2.2620
   71.1091     -2.2490
   64.6394     -2.2360
   58.8151     -2.2230
   53.9314     -2.2100
   50.0503     -2.1970
   47.1179     -2.1840
   45.0671     -2.1710
   43.8539     -2.1580
   43.4336     -2.1450
   43.7460     -2.1320
   44.7495     -2.1190
   46.4559     -2.1060
   48.8935     -2.0930
   52.0148     -2.0800
   55.6448     -2.0670
   59.5286     -2.0540
   63.4236     -2.0410
   67.1334     -2.0280
   70.4590     -2.0150
   73.1530     -2.0020
   74.9736     -1.9890
   75.8166     -1.9760
   75.8049     -1.9630
   75.2508     -1.9500
   74.5334     -1.9370
   73.9947     -1.9240
   73.8945     -1.9110
   74.3776     -1.8980
   75.4153     -1.8850
   76.7543     -1.8720
   77.9408     -1.8590
   78.4484     -1.8460
   77.8788     -1.8330
   76.1709     -1.8200
   73.7244     -1.8070
   71.3311     -1.7940
   69.8711     -1.7810
   69.9058     -1.7680
   71.4267     -1.7550
   73.9439     -1.7420
   76.8362     -1.7290
   79.6982     -1.7160
   82.4669     -1.7030
   85.3182     -1.6900
   88.4681     -1.6770
   91.9979     -1.6640
   95.7451     -1.6510
   99.2736     -1.6380
  101.9573     -1.6250
  103.2002     -1.6120
  102.7147     -1.5990
  100.6815     -1.5860
   97.6332     -1.5730
   94.0993     -1.5600
   90.2603     -1.5470
   85.8734     -1.5340
   80.5228     -1.5210
   73.9884     -1.5080
   66.4636     -1.4950
   58.4965     -1.4820
   50.7384     -1.4690
   43.6816     -1.4560
   37.5310     -1.4430
   32.2465     -1.4300
   27.6965     -1.4170
   23.8085     -1.4040
   20.6135     -1.3910
   18.1584     -1.3780
   16.3804     -1.3650
   15.0706     -1.3520
   13.9674     -1.3390
   12.9001     -1.3260
   11.8605     -1.3130
   10.9622     -1.3000
   10.3346     -1.2870
   10.0314     -1.2740
    9.9968     -1.2610
   10.0913     -1.2480
   10.1539     -1.2350
   10.0681     -1.2220
    9.7979     -1.2090
    9.3812     -1.1960
    8.8943     -1.1830
    8.4203     -1.1700
    8.0356     -1.1570
    7.7993     -1.1440
    7.7243     -1.1310
    7.7451     -1.1180
    7.7260     -1.1050
    7.5298     -1.0920
    7.1064     -1.0790
    6.5336     -1.0660
    5.9794     -1.0530
    5.6178     -1.0400
    5.5598     -1.0270
    5.8325     -1.0140
    6.3975     -1.0010
    7.1744     -0.9880
    8.0565     -0.9750
    8.9252     -0.9620
    9.6744     -0.9490
   10.2320     -0.9360
   10.5583     -0.9230
   10.6277     -0.9100
   10.4220     -0.8970
    9.9533     -0.8840
    9.2920     -0.8710
    8.5616     -0.8580
    7.8952     -0.8450
    7.3850     -0.8320
    7.0635     -0.8190
    6.9188     -0.8060
    6.9180     -0.7930
    7.0130     -0.7800
    7.1326     -0.7670
    7.1899     -0.7540
    7.1207     -0.7410
    6.9352     -0.7280
    6.7334     -0.7150
    6.6564     -0.7020
    6.7929     -0.6890
    7.1078     -0.6760
    7.4527     -0.6630
    7.6580     -0.6500
    7.6434     -0.6370
    7.4639     -0.6240
    7.2603     -0.6110
    7.1571     -0.5980
    7.1837     -0.5850
    7.2692     -0.5720
    7.2977     -0.5590
    7.1815     -0.5460
    6.9106     -0.5330
    6.5611     -0.5200
    6.2626     -0.5070
    6.1366     -0.4940
    6.2334     -0.4810
    6.5066     -0.4680
    6.8473     -0.4550
    7.1535     -0.4420
    7.3788     -0.4290
    7.5237     -0.4160
    7.5908     -0.4030
    7.5583     -0.3900
    7.3995     -0.3770
    7.1293     -0.3640
    6.8291     -0.3510
    6.6195     -0.3380
    6.5881     -0.3250
    6.7214     -0.3120
    6.8996     -0.2990
    6.9701     -0.2860
    6.8545     -0.2730
    6.6057     -0.2600
    6.3687     -0.2470
    6.2806     -0.2340
    6.3967     -0.2210
    6.6977     -0.2080
    7.1531     -0.1950
    7.7648     -0.1820
    8.5433     -0.1690
    9.4448     -0.1560
   10.3368     -0.1430
   11.0318     -0.1300
   11.3629     -0.1170
   11.2428     -0.1040
   10.6760     -0.0910
    9.7400     -0.0780
    8.5670     -0.0650
    7.3337     -0.0520
    6.2425     -0.0390
    5.4797     -0.0260
    5.1638     -0.0130
    5.3121      0.0000
    5.8423      0.0130
    6.5986      0.0260
    7.3786      0.0390
    7.9551      0.0520
    8.1147      0.0650
    7.7285      0.0780
    6.8232      0.0910
    5.5934      0.1040
    4.3310      0.1170
    3.3084      0.1300
    2.6865      0.1430
    2.4867      0.1560
    2.6228      0.1690
    2.9598      0.1820
    3.3677      0.1950
    3.7527      0.2080
    4.0644      0.2210
    4.2895      0.2340
    4.4389      0.2470
    4.5282      0.2600
    4.5581      0.2730
    4.5048      0.2860
    4.3321      0.2990
    4.0186      0.3120
    3.5797      0.3250
    3.0696      0.3380
    2.5607      0.3510
    2.1159      0.3640
    1.7679      0.3770
    1.5194      0.3900
    1.3639      0.4030
    1.3115      0.4160
    1.3977      0.4290
    1.6648      0.4420
    2.1305      0.4550
    2.7722      0.4680
    3.5393      0.4810
    4.3761      0.4940
    5.2281      0.5070
    6.0244      0.5200
    6.6652      0.5330
    7.0467      0.5460
    7.1213      0.5590
    6.9473      0.5720
    6.6816      0.5850
    6.5086      0.5980
    6.5531      0.6110
    6.8274      0.6240
    7.2306      0.6370
    7.5865      0.6500
    7.6995      0.6630
    7.4226      0.6760
    6.7267      0.6890
    5.7378      0.7020
    4.7061      0.7150
    3.9029      0.7280
    3.4987      0.7410
    3.4971      0.7540
    3.7613      0.7670
    4.1051      0.7800
    4.3866      0.7930
    4.5488      0.8060
    4.5976      0.8190
    4.5483      0.8320
    4.3879      0.8450
    4.0850      0.8580
    3.6341      0.8710
    3.0918      0.8840
    2.5690      0.8970
    2.1858      0.9100
    2.0225      0.9230
    2.0949      0.9360
    2.3548      0.9490
    2.7063      0.9620
    3.0346      0.9750
    3.2432      0.9880
    3.2868      1.0010
    3.1813      1.0140
    2.9847      1.0270
    2.7683      1.0400
    2.5987      1.0530
    2.5354      1.0660
    2.6257      1.0790
    2.8891      1.0920
    3.2970      1.1050
    3.7706      1.1180
    4.2051      1.1310
    4.5141      1.1440
    4.6671      1.1570
    4.7017      1.1700
    4.7019      1.1830
    4.7522      1.1960
    4.8883      1.2090
    5.0708      1.2220
    5.1995      1.2350
    5.1637      1.2480
    4.8991      1.2610
    4.4159      1.2740
    3.7868      1.2870
    3.1161      1.3000
    2.5137      1.3130
    2.0794      1.3260
    1.8857      1.3390
    1.9496      1.3520
    2.2082      1.3650
    2.5270      1.3780
    2.7562      1.3910
    2.8171      1.4040
    2.7660      1.4170
    2.7862      1.4300
    3.0989      1.4430
    3.8415      1.4560
    4.9829      1.4690
    6.3249      1.4820
    7.5779      1.4950
    8.4651      1.5080
    8.8005      1.5210
    8.5275      1.5340
    7.7228      1.5470
    6.5736      1.5600
    5.3291      1.5730
    4.2351      1.5860
    3.4750      1.5990
    3.1312      1.6120
    3.1666      1.6250
    3.4296      1.6380
    3.6949      1.6510
    3.7492      1.6640
    3.4871      1.6770
    2.9595      1.6900
    2.3417      1.7030
    1.8451      1.7160
    1.6290      1.7290
    1.7570      1.7420
    2.1998      1.7550
    2.8602      1.7680
    3.5987      1.7810
    4.2558      1.7940
    4.6822      1.8070
    4.7772      1.8200
    4.5229      1.8330
    3.9934      1.8460
    3.3324      1.8590
    2.7105      1.8720
    2.2792      1.8850
    2.1320      1.8980
    2.2807      1.9110
    2.6556      1.9240
    3.1345      1.9370
    3.5914      1.9500
    3.9395      1.9630
    4.1504      1.9760
    4.2410      1.9890
