    0.0000     -7.9875
    0.0000     -7.9700
    0.0000     -7.9525
    0.0000     -7.9350
    0.0000     -7.9175
    0.0000     -7.9000
    0.0000     -7.8825
    0.0000     -7.8650
    0.0000     -7.8475
    0.0000     -7.8300
    0.0000     -7.8125
    0.0000     -7.7950
    0.0000     -7.7775
    0.0000     -7.7600
    0.0000     -7.7425
    0.0000     -7.7250
    0.0000     -7.7075
    0.0000     -7.6900
    0.0000     -7.6725
    0.0000     -7.6550
    0.0000     -7.6375
    0.0000     -7.6200
    0.0000     -7.6025
    0.0000     -7.5850
    0.0000     -7.5675
    0.0000     -7.5500
    0.0000     -7.5325
    0.0000     -7.5150
    0.0000     -7.4975
    0.0000     -7.4800
    0.0000     -7.4625
    0.0000     -7.4450
    0.0000     -7.4275
    0.0000     -7.4100
    0.0000     -7.3925
    0.0000     -7.3750
    0.0000     -7.3575
    0.0000     -7.3400
    0.0000     -7.3225
    0.0000     -7.3050
    0.0001     -7.2875
    0.0003     -7.2700
    0.0012     -7.2525
    0.0041     -7.2350
    0.0113     -7.2175
    0.0268     -7.2000
    0.0542     -7.1825
    0.0951     -7.1650
    0.1505     -7.1475
    0.2294     -7.1300
    0.3551     -7.1125
    0.5532     -7.0950
    0.8227     -7.0775
    1.1207     -7.0600
    1.3819     -7.0425
    1.5566     -7.0250
    1.6343     -7.0075
    1.6428     -6.9900
    1.6396     -6.9725
    1.6876     -6.9550
    1.7942     -6.9375
    1.8699     -6.9200
    1.7881     -6.9025
    1.5041     -6.8850
    1.0959     -6.8675
    0.6943     -6.8500
    0.3902     -6.8325
    0.2023     -6.8150
    0.1033     -6.7975
    0.0573     -6.7800
    0.0370     -6.7625
    0.0263     -6.7450
    0.0187     -6.7275
    0.0146     -6.7100
    0.0169     -6.6925
    0.0267     -6.6750
    0.0418     -6.6575
    0.0562     -6.6400
    0.0631     -6.6225
    0.0590     -6.6050
    0.0473     -6.5875
    0.0356     -6.5700
    0.0302     -6.5525
    0.0315     -6.5350
    0.0361     -6.5175
    0.0419     -6.5000
    0.0505     -6.4825
    0.0657     -6.4650
    0.0900     -6.4475
    0.1249     -6.4300
    0.1693     -6.4125
    0.2173     -6.3950
    0.2631     -6.3775
    0.3186     -6.3600
    0.4254     -6.3425
    0.6338     -6.3250
    0.9571     -6.3075
    1.3485     -6.2900
    1.7281     -6.2725
    2.0293     -6.2550
    2.2118     -6.2375
    2.2490     -6.2200
    2.1364     -6.2025
    1.9221     -6.1850
    1.6991     -6.1675
    1.5427     -6.1500
    1.4650     -6.1325
    1.4410     -6.1150
    1.4507     -6.0975
    1.4762     -6.0800
    1.4869     -6.0625
    1.4587     -6.0450
    1.3958     -6.0275
    1.3170     -6.0100
    1.2352     -5.9925
    1.1615     -5.9750
    1.1121     -5.9575
    1.0990     -5.9400
    1.1166     -5.9225
    1.1435     -5.9050
    1.1575     -5.8875
    1.1517     -5.8700
    1.1412     -5.8525
    1.1522     -5.8350
    1.2008     -5.8175
    1.2759     -5.8000
    1.3399     -5.7825
    1.3521     -5.7650
    1.2990     -5.7475
    1.2020     -5.7300
    1.0936     -5.7125
    0.9953     -5.6950
    0.9184     -5.6775
    0.8707     -5.6600
    0.8509     -5.6425
    0.8412     -5.6250
    0.8179     -5.6075
    0.7744     -5.5900
    0.7264     -5.5725
    0.6922     -5.5550
    0.6709     -5.5375
    0.6486     -5.5200
    0.6190     -5.5025
    0.5906     -5.4850
    0.5739     -5.4675
    0.5674     -5.4500
    0.5633     -5.4325
    0.5616     -5.4150
    0.5723     -5.3975
    0.6017     -5.3800
    0.6399     -5.3625
    0.6653     -5.3450
    0.6613     -5.3275
    0.6278     -5.3100
    0.5778     -5.2925
    0.5267     -5.2750
    0.4847     -5.2575
    0.4550     -5.2400
    0.4365     -5.2225
    0.4271     -5.2050
    0.4257     -5.1875
    0.4324     -5.1700
    0.4462     -5.1525
    0.4635     -5.1350
    0.4791     -5.1175
    0.4908     -5.1000
    0.5016     -5.0825
    0.5169     -5.0650
    0.5384     -5.0475
    0.5581     -5.0300
    0.5610     -5.0125
    0.5368     -4.9950
    0.4912     -4.9775
    0.4426     -4.9600
    0.4099     -4.9425
    0.4011     -4.9250
    0.4121     -4.9075
    0.4331     -4.8900
    0.4566     -4.8725
    0.4807     -4.8550
    0.5050     -4.8375
    0.5249     -4.8200
    0.5314     -4.8025
    0.5192     -4.7850
    0.4931     -4.7675
    0.4625     -4.7500
    0.4315     -4.7325
    0.3974     -4.7150
    0.3591     -4.6975
    0.3229     -4.6800
    0.2983     -4.6625
    0.2907     -4.6450
    0.2973     -4.6275
    0.3096     -4.6100
    0.3188     -4.5925
    0.3214     -4.5750
    0.3195     -4.5575
    0.3167     -4.5400
    0.3137     -4.5225
    0.3087     -4.5050
    0.3006     -4.4875
    0.2907     -4.4700
    0.2827     -4.4525
    0.2809     -4.4350
    0.2886     -4.4175
    0.3056     -4.4000
    0.3272     -4.3825
    0.3451     -4.3650
    0.3515     -4.3475
    0.3446     -4.3300
    0.3312     -4.3125
    0.3218     -4.2950
    0.3223     -4.2775
    0.3306     -4.2600
    0.3414     -4.2425
    0.3512     -4.2250
    0.3597     -4.2075
    0.3672     -4.1900
    0.3732     -4.1725
    0.3777     -4.1550
    0.3807     -4.1375
    0.3816     -4.1200
    0.3799     -4.1025
    0.3781     -4.0850
    0.3805     -4.0675
    0.3896     -4.0500
    0.4033     -4.0325
    0.4158     -4.0150
    0.4234     -3.9975
    0.4275     -3.9800
    0.4336     -3.9625
    0.4455     -3.9450
    0.4622     -3.9275
    0.4799     -3.9100
    0.4959     -3.8925
    0.5091     -3.8750
    0.5171     -3.8575
    0.5159     -3.8400
    0.5028     -3.8225
    0.4798     -3.8050
    0.4537     -3.7875
    0.4313     -3.7700
    0.4160     -3.7525
    0.4082     -3.7350
    0.4081     -3.7175
    0.4157     -3.7000
    0.4295     -3.6825
    0.4463     -3.6650
    0.4617     -3.6475
    0.4726     -3.6300
    0.4782     -3.6125
    0.4799     -3.5950
    0.4807     -3.5775
    0.4839     -3.5600
    0.4911     -3.5425
    0.5003     -3.5250
    0.5063     -3.5075
    0.5056     -3.4900
    0.4992     -3.4725
    0.4914     -3.4550
    0.4867     -3.4375
    0.4859     -3.4200
    0.4869     -3.4025
    0.4872     -3.3850
    0.4873     -3.3675
    0.4900     -3.3500
    0.4971     -3.3325
    0.5076     -3.3150
    0.5201     -3.2975
    0.5353     -3.2800
    0.5546     -3.2625
    0.5771     -3.2450
    0.5984     -3.2275
    0.6156     -3.2100
    0.6297     -3.1925
    0.6424     -3.1750
    0.6521     -3.1575
    0.6558     -3.1400
    0.6538     -3.1225
    0.6519     -3.1050
    0.6584     -3.0875
    0.6781     -3.0700
    0.7058     -3.0525
    0.7253     -3.0350
    0.7192     -3.0175
    0.6816     -3.0000
    0.6232     -2.9825
    0.5632     -2.9650
    0.5161     -2.9475
    0.4866     -2.9300
    0.4702     -2.9125
    0.4583     -2.8950
    0.4447     -2.8775
    0.4320     -2.8600
    0.4271     -2.8425
    0.4286     -2.8250
    0.4208     -2.8075
    0.3882     -2.7900
    0.3385     -2.7725
    0.3058     -2.7550
    0.3273     -2.7375
    0.4158     -2.7200
    0.5520     -2.7025
    0.6933     -2.6850
    0.7967     -2.6675
    0.8429     -2.6500
    0.8401     -2.6325
    0.8070     -2.6150
    0.7541     -2.5975
    0.6818     -2.5800
    0.5909     -2.5625
    0.4917     -2.5450
    0.4003     -2.5275
    0.3250     -2.5100
    0.2629     -2.4925
    0.2126     -2.4750
    0.1826     -2.4575
    0.1820     -2.4400
    0.2066     -2.4225
    0.2393     -2.4050
    0.2632     -2.3875
    0.2723     -2.3700
    0.2706     -2.3525
    0.2637     -2.3350
    0.2534     -2.3175
    0.2400     -2.3000
    0.2257     -2.2825
    0.2140     -2.2650
    0.2079     -2.2475
    0.2086     -2.2300
    0.2145     -2.2125
    0.2215     -2.1950
    0.2276     -2.1775
    0.2357     -2.1600
    0.2552     -2.1425
    0.2997     -2.1250
    0.3732     -2.1075
    0.4532     -2.0900
    0.4964     -2.0725
    0.4751     -2.0550
    0.4057     -2.0375
    0.3335     -2.0200
    0.2926     -2.0025
    0.2813     -1.9850
    0.2744     -1.9675
    0.2523     -1.9500
    0.2168     -1.9325
    0.1849     -1.9150
    0.1692     -1.8975
    0.1684     -1.8800
    0.1747     -1.8625
    0.1853     -1.8450
    0.2022     -1.8275
    0.2211     -1.8100
    0.2289     -1.7925
    0.2148     -1.7750
    0.1840     -1.7575
    0.1562     -1.7400
    0.1493     -1.7225
    0.1674     -1.7050
    0.2005     -1.6875
    0.2334     -1.6700
    0.2527     -1.6525
    0.2516     -1.6350
    0.2329     -1.6175
    0.2106     -1.6000
    0.2063     -1.5825
    0.2336     -1.5650
    0.2820     -1.5475
    0.3228     -1.5300
    0.3334     -1.5125
    0.3138     -1.4950
    0.2785     -1.4775
    0.2405     -1.4600
    0.2078     -1.4425
    0.1850     -1.4250
    0.1710     -1.4075
    0.1585     -1.3900
    0.1399     -1.3725
    0.1142     -1.3550
    0.0867     -1.3375
    0.0652     -1.3200
    0.0535     -1.3025
    0.0489     -1.2850
    0.0462     -1.2675
    0.0444     -1.2500
    0.0470     -1.2325
    0.0581     -1.2150
    0.0768     -1.1975
    0.0992     -1.1800
    0.1222     -1.1625
    0.1463     -1.1450
    0.1707     -1.1275
    0.1884     -1.1100
    0.1915     -1.0925
    0.1801     -1.0750
    0.1626     -1.0575
    0.1465     -1.0400
    0.1338     -1.0225
    0.1245     -1.0050
    0.1196     -0.9875
    0.1170     -0.9700
    0.1127     -0.9525
    0.1058     -0.9350
    0.1000     -0.9175
    0.0975     -0.9000
    0.0953     -0.8825
    0.0903     -0.8650
    0.0852     -0.8475
    0.0859     -0.8300
    0.0952     -0.8125
    0.1111     -0.7950
    0.1287     -0.7775
    0.1423     -0.7600
    0.1471     -0.7425
    0.1430     -0.7250
    0.1351     -0.7075
    0.1280     -0.6900
    0.1204     -0.6725
    0.1076     -0.6550
    0.0883     -0.6375
    0.0683     -0.6200
    0.0564     -0.6025
    0.0586     -0.5850
    0.0739     -0.5675
    0.0971     -0.5500
    0.1209     -0.5325
    0.1385     -0.5150
    0.1454     -0.4975
    0.1427     -0.4800
    0.1380     -0.4625
    0.1387     -0.4450
    0.1445     -0.4275
    0.1484     -0.4100
    0.1461     -0.3925
    0.1404     -0.3750
    0.1365     -0.3575
    0.1355     -0.3400
    0.1339     -0.3225
    0.1282     -0.3050
    0.1209     -0.2875
    0.1213     -0.2700
    0.1397     -0.2525
    0.1788     -0.2350
    0.2278     -0.2175
    0.2674     -0.2000
    0.2840     -0.1825
    0.2794     -0.1650
    0.2659     -0.1475
    0.2520     -0.1300
    0.2392     -0.1125
    0.2324     -0.0950
    0.2457     -0.0775
    0.2946     -0.0600
    0.3802     -0.0425
    0.4842     -0.0250
    0.5765     -0.0075
    0.6339      0.0100
    0.6569      0.0275
    0.6686      0.0450
    0.6932      0.0625
    0.7328      0.0800
    0.7673      0.0975
    0.7730      0.1150
    0.7421      0.1325
    0.6875      0.1500
    0.6297      0.1675
    0.5775      0.1850
    0.5275      0.2025
    0.4811      0.2200
    0.4523      0.2375
    0.4549      0.2550
    0.4842      0.2725
    0.5128      0.2900
    0.5118      0.3075
    0.4813      0.3250
    0.4513      0.3425
    0.4462      0.3600
    0.4573      0.3775
    0.4559      0.3950
    0.4274      0.4125
    0.3825      0.4300
    0.3430      0.4475
    0.3252      0.4650
    0.3323      0.4825
    0.3526      0.5000
    0.3663      0.5175
    0.3624      0.5350
    0.3485      0.5525
    0.3403      0.5700
    0.3445      0.5875
    0.3542      0.6050
    0.3566      0.6225
    0.3448      0.6400
    0.3247      0.6575
    0.3090      0.6750
    0.3064      0.6925
    0.3181      0.7100
    0.3431      0.7275
    0.3785      0.7450
    0.4106      0.7625
    0.4155      0.7800
    0.3780      0.7975
    0.3109      0.8150
    0.2473      0.8325
    0.2146      0.8500
    0.2169      0.8675
    0.2391      0.8850
    0.2602      0.9025
    0.2658      0.9200
    0.2539      0.9375
    0.2320      0.9550
    0.2085      0.9725
    0.1867      0.9900
    0.1665      1.0075
    0.1489      1.0250
    0.1357      1.0425
    0.1260      1.0600
    0.1170      1.0775
    0.1083      1.0950
    0.1043      1.1125
    0.1081      1.1300
    0.1164      1.1475
    0.1230      1.1650
    0.1287      1.1825
    0.1432      1.2000
    0.1735      1.2175
    0.2121      1.2350
    0.2393      1.2525
    0.2397      1.2700
    0.2155      1.2875
    0.1838      1.3050
    0.1620      1.3225
    0.1567      1.3400
    0.1620      1.3575
    0.1657      1.3750
    0.1598      1.3925
    0.1478      1.4100
    0.1422      1.4275
    0.1546      1.4450
    0.1842      1.4625
    0.2159      1.4800
    0.2287      1.4975
    0.2107      1.5150
    0.1694      1.5325
    0.1251      1.5500
    0.0957      1.5675
    0.0871      1.5850
    0.0975      1.6025
    0.1254      1.6200
    0.1702      1.6375
    0.2235      1.6550
    0.2672      1.6725
    0.2848      1.6900
    0.2760      1.7075
    0.2530      1.7250
    0.2272      1.7425
    0.2025      1.7600
    0.1807      1.7775
    0.1651      1.7950
    0.1584      1.8125
    0.1587      1.8300
    0.1612      1.8475
    0.1611      1.8650
    0.1568      1.8825
    0.1511      1.9000
    0.1495      1.9175
    0.1549      1.9350
    0.1645      1.9525
    0.1720      1.9700
    0.1729      1.9875
