    0.0027     -7.9870
    0.0045     -7.9715
    0.0064     -7.9560
    0.0077     -7.9405
    0.0076     -7.9250
    0.0063     -7.9095
    0.0044     -7.8940
    0.0028     -7.8785
    0.0022     -7.8630
    0.0030     -7.8475
    0.0056     -7.8320
    0.0095     -7.8165
    0.0137     -7.8010
    0.0165     -7.7855
    0.0169     -7.7700
    0.0153     -7.7545
    0.0134     -7.7390
    0.0132     -7.7235
    0.0148     -7.7080
    0.0168     -7.6925
    0.0172     -7.6770
    0.0149     -7.6615
    0.0107     -7.6460
    0.0064     -7.6305
    0.0031     -7.6150
    0.0013     -7.5995
    0.0005     -7.5840
    0.0005     -7.5685
    0.0012     -7.5530
    0.0026     -7.5375
    0.0052     -7.5220
    0.0085     -7.5065
    0.0122     -7.4910
    0.0157     -7.4755
    0.0188     -7.4600
    0.0217     -7.4445
    0.0244     -7.4290
    0.0263     -7.4135
    0.0269     -7.3980
    0.0273     -7.3825
    0.0288     -7.3670
    0.0322     -7.3515
    0.0363     -7.3360
    0.0391     -7.3205
    0.0390     -7.3050
    0.0361     -7.2895
    0.0315     -7.2740
    0.0264     -7.2585
    0.0216     -7.2430
    0.0178     -7.2275
    0.0156     -7.2120
    0.0147     -7.1965
    0.0151     -7.1810
    0.0172     -7.1655
    0.0220     -7.1500
    0.0292     -7.1345
    0.0362     -7.1190
    0.0391     -7.1035
    0.0361     -7.0880
    0.0292     -7.0725
    0.0225     -7.0570
    0.0191     -7.0415
    0.0189     -7.0260
    0.0199     -7.0105
    0.0202     -6.9950
    0.0193     -6.9795
    0.0184     -6.9640
    0.0183     -6.9485
    0.0197     -6.9330
    0.0225     -6.9175
    0.0266     -6.9020
    0.0319     -6.8865
    0.0382     -6.8710
    0.0459     -6.8555
    0.0544     -6.8400
    0.0611     -6.8245
    0.0622     -6.8090
    0.0553     -6.7935
    0.0420     -6.7780
    0.0272     -6.7625
    0.0154     -6.7470
    0.0086     -6.7315
    0.0062     -6.7160
    0.0072     -6.7005
    0.0111     -6.6850
    0.0176     -6.6695
    0.0254     -6.6540
    0.0315     -6.6385
    0.0333     -6.6230
    0.0301     -6.6075
    0.0240     -6.5920
    0.0183     -6.5765
    0.0153     -6.5610
    0.0156     -6.5455
    0.0193     -6.5300
    0.0253     -6.5145
    0.0321     -6.4990
    0.0385     -6.4835
    0.0442     -6.4680
    0.0496     -6.4525
    0.0540     -6.4370
    0.0560     -6.4215
    0.0547     -6.4060
    0.0509     -6.3905
    0.0454     -6.3750
    0.0385     -6.3595
    0.0305     -6.3440
    0.0230     -6.3285
    0.0184     -6.3130
    0.0189     -6.2975
    0.0244     -6.2820
    0.0325     -6.2665
    0.0388     -6.2510
    0.0401     -6.2355
    0.0366     -6.2200
    0.0320     -6.2045
    0.0300     -6.1890
    0.0317     -6.1735
    0.0352     -6.1580
    0.0383     -6.1425
    0.0408     -6.1270
    0.0438     -6.1115
    0.0476     -6.0960
    0.0505     -6.0805
    0.0509     -6.0650
    0.0490     -6.0495
    0.0461     -6.0340
    0.0429     -6.0185
    0.0384     -6.0030
    0.0316     -5.9875
    0.0229     -5.9720
    0.0146     -5.9565
    0.0088     -5.9410
    0.0069     -5.9255
    0.0091     -5.9100
    0.0149     -5.8945
    0.0235     -5.8790
    0.0341     -5.8635
    0.0455     -5.8480
    0.0569     -5.8325
    0.0674     -5.8170
    0.0762     -5.8015
    0.0827     -5.7860
    0.0872     -5.7705
    0.0900     -5.7550
    0.0910     -5.7395
    0.0899     -5.7240
    0.0871     -5.7085
    0.0830     -5.6930
    0.0778     -5.6775
    0.0706     -5.6620
    0.0612     -5.6465
    0.0500     -5.6310
    0.0385     -5.6155
    0.0295     -5.6000
    0.0261     -5.5845
    0.0308     -5.5690
    0.0456     -5.5535
    0.0691     -5.5380
    0.0953     -5.5225
    0.1143     -5.5070
    0.1178     -5.4915
    0.1050     -5.4760
    0.0830     -5.4605
    0.0613     -5.4450
    0.0464     -5.4295
    0.0408     -5.4140
    0.0445     -5.3985
    0.0561     -5.3830
    0.0719     -5.3675
    0.0872     -5.3520
    0.0997     -5.3365
    0.1110     -5.3210
    0.1249     -5.3055
    0.1416     -5.2900
    0.1550     -5.2745
    0.1565     -5.2590
    0.1435     -5.2435
    0.1216     -5.2280
    0.1001     -5.2125
    0.0850     -5.1970
    0.0761     -5.1815
    0.0705     -5.1660
    0.0662     -5.1505
    0.0630     -5.1350
    0.0617     -5.1195
    0.0631     -5.1040
    0.0670     -5.0885
    0.0730     -5.0730
    0.0811     -5.0575
    0.0928     -5.0420
    0.1099     -5.0265
    0.1316     -5.0110
    0.1540     -4.9955
    0.1731     -4.9800
    0.1888     -4.9645
    0.2046     -4.9490
    0.2244     -4.9335
    0.2473     -4.9180
    0.2659     -4.9025
    0.2694     -4.8870
    0.2521     -4.8715
    0.2188     -4.8560
    0.1839     -4.8405
    0.1620     -4.8250
    0.1595     -4.8095
    0.1736     -4.7940
    0.1973     -4.7785
    0.2239     -4.7630
    0.2483     -4.7475
    0.2682     -4.7320
    0.2835     -4.7165
    0.2958     -4.7010
    0.3059     -4.6855
    0.3125     -4.6700
    0.3142     -4.6545
    0.3116     -4.6390
    0.3066     -4.6235
    0.2998     -4.6080
    0.2893     -4.5925
    0.2739     -4.5770
    0.2560     -4.5615
    0.2409     -4.5460
    0.2343     -4.5305
    0.2390     -4.5150
    0.2545     -4.4995
    0.2768     -4.4840
    0.2993     -4.4685
    0.3146     -4.4530
    0.3190     -4.4375
    0.3159     -4.4220
    0.3134     -4.4065
    0.3173     -4.3910
    0.3275     -4.3755
    0.3411     -4.3600
    0.3589     -4.3445
    0.3866     -4.3290
    0.4288     -4.3135
    0.4814     -4.2980
    0.5299     -4.2825
    0.5570     -4.2670
    0.5543     -4.2515
    0.5291     -4.2360
    0.5014     -4.2205
    0.4907     -4.2050
    0.5045     -4.1895
    0.5357     -4.1740
    0.5680     -4.1585
    0.5866     -4.1430
    0.5865     -4.1275
    0.5752     -4.1120
    0.5681     -4.0965
    0.5776     -4.0810
    0.6054     -4.0655
    0.6428     -4.0500
    0.6763     -4.0345
    0.6944     -4.0190
    0.6919     -4.0035
    0.6718     -3.9880
    0.6452     -3.9725
    0.6273     -3.9570
    0.6289     -3.9415
    0.6524     -3.9260
    0.6930     -3.9105
    0.7428     -3.8950
    0.7932     -3.8795
    0.8377     -3.8640
    0.8758     -3.8485
    0.9149     -3.8330
    0.9662     -3.8175
    1.0353     -3.8020
    1.1170     -3.7865
    1.1979     -3.7710
    1.2643     -3.7555
    1.3066     -3.7400
    1.3208     -3.7245
    1.3065     -3.7090
    1.2657     -3.6935
    1.2000     -3.6780
    1.1086     -3.6625
    0.9920     -3.6470
    0.8606     -3.6315
    0.7371     -3.6160
    0.6475     -3.6005
    0.6089     -3.5850
    0.6230     -3.5695
    0.6783     -3.5540
    0.7584     -3.5385
    0.8489     -3.5230
    0.9354     -3.5075
    0.9990     -3.4920
    1.0190     -3.4765
    0.9877     -3.4610
    0.9193     -3.4455
    0.8421     -3.4300
    0.7788     -3.4145
    0.7342     -3.3990
    0.7000     -3.3835
    0.6681     -3.3680
    0.6380     -3.3525
    0.6118     -3.3370
    0.5883     -3.3215
    0.5628     -3.3060
    0.5319     -3.2905
    0.4962     -3.2750
    0.4579     -3.2595
    0.4195     -3.2440
    0.3862     -3.2285
    0.3681     -3.2130
    0.3759     -3.1975
    0.4146     -3.1820
    0.4785     -3.1665
    0.5540     -3.1510
    0.6249     -3.1355
    0.6785     -3.1200
    0.7086     -3.1045
    0.7151     -3.0890
    0.7022     -3.0735
    0.6771     -3.0580
    0.6495     -3.0425
    0.6307     -3.0270
    0.6292     -3.0115
    0.6446     -2.9960
    0.6675     -2.9805
    0.6857     -2.9650
    0.6943     -2.9495
    0.6985     -2.9340
    0.7060     -2.9185
    0.7185     -2.9030
    0.7312     -2.8875
    0.7406     -2.8720
    0.7481     -2.8565
    0.7565     -2.8410
    0.7629     -2.8255
    0.7589     -2.8100
    0.7373     -2.7945
    0.6996     -2.7790
    0.6559     -2.7635
    0.6158     -2.7480
    0.5808     -2.7325
    0.5458     -2.7170
    0.5078     -2.7015
    0.4710     -2.6860
    0.4427     -2.6705
    0.4257     -2.6550
    0.4173     -2.6395
    0.4128     -2.6240
    0.4088     -2.6085
    0.4020     -2.5930
    0.3881     -2.5775
    0.3645     -2.5620
    0.3355     -2.5465
    0.3120     -2.5310
    0.3073     -2.5155
    0.3309     -2.5000
    0.3853     -2.4845
    0.4663     -2.4690
    0.5625     -2.4535
    0.6568     -2.4380
    0.7301     -2.4225
    0.7695     -2.4070
    0.7742     -2.3915
    0.7540     -2.3760
    0.7210     -2.3605
    0.6831     -2.3450
    0.6434     -2.3295
    0.6033     -2.3140
    0.5645     -2.2985
    0.5304     -2.2830
    0.5051     -2.2675
    0.4925     -2.2520
    0.4931     -2.2365
    0.5040     -2.2210
    0.5235     -2.2055
    0.5535     -2.1900
    0.5942     -2.1745
    0.6357     -2.1590
    0.6594     -2.1435
    0.6519     -2.1280
    0.6154     -2.1125
    0.5654     -2.0970
    0.5185     -2.0815
    0.4828     -2.0660
    0.4578     -2.0505
    0.4412     -2.0350
    0.4316     -2.0195
    0.4277     -2.0040
    0.4269     -1.9885
    0.4259     -1.9730
    0.4231     -1.9575
    0.4204     -1.9420
    0.4214     -1.9265
    0.4294     -1.9110
    0.4432     -1.8955
    0.4565     -1.8800
    0.4597     -1.8645
    0.4460     -1.8490
    0.4157     -1.8335
    0.3757     -1.8180
    0.3359     -1.8025
    0.3042     -1.7870
    0.2842     -1.7715
    0.2746     -1.7560
    0.2706     -1.7405
    0.2672     -1.7250
    0.2622     -1.7095
    0.2579     -1.6940
    0.2597     -1.6785
    0.2713     -1.6630
    0.2919     -1.6475
    0.3161     -1.6320
    0.3368     -1.6165
    0.3489     -1.6010
    0.3513     -1.5855
    0.3473     -1.5700
    0.3425     -1.5545
    0.3408     -1.5390
    0.3396     -1.5235
    0.3307     -1.5080
    0.3049     -1.4925
    0.2601     -1.4770
    0.2035     -1.4615
    0.1480     -1.4460
    0.1058     -1.4305
    0.0848     -1.4150
    0.0865     -1.3995
    0.1065     -1.3840
    0.1353     -1.3685
    0.1632     -1.3530
    0.1846     -1.3375
    0.2001     -1.3220
    0.2136     -1.3065
    0.2270     -1.2910
    0.2370     -1.2755
    0.2383     -1.2600
    0.2294     -1.2445
    0.2132     -1.2290
    0.1941     -1.2135
    0.1747     -1.1980
    0.1568     -1.1825
    0.1426     -1.1670
    0.1329     -1.1515
    0.1243     -1.1360
    0.1112     -1.1205
    0.0910     -1.1050
    0.0673     -1.0895
    0.0478     -1.0740
    0.0395     -1.0585
    0.0466     -1.0430
    0.0734     -1.0275
    0.1261     -1.0120
    0.2103     -0.9965
    0.3217     -0.9810
    0.4412     -0.9655
    0.5405     -0.9500
    0.5965     -0.9345
    0.6034     -0.9190
    0.5755     -0.9035
    0.5390     -0.8880
    0.5150     -0.8725
    0.5045     -0.8570
    0.4887     -0.8415
    0.4478     -0.8260
    0.3788     -0.8105
    0.2967     -0.7950
    0.2220     -0.7795
    0.1690     -0.7640
    0.1442     -0.7485
    0.1487     -0.7330
    0.1771     -0.7175
    0.2151     -0.7020
    0.2437     -0.6865
    0.2512     -0.6710
    0.2463     -0.6555
    0.2535     -0.6400
    0.2921     -0.6245
    0.3576     -0.6090
    0.4247     -0.5935
    0.4723     -0.5780
    0.5034     -0.5625
    0.5379     -0.5470
    0.5887     -0.5315
    0.6487     -0.5160
    0.7010     -0.5005
    0.7366     -0.4850
    0.7561     -0.4695
    0.7590     -0.4540
    0.7375     -0.4385
    0.6851     -0.4230
    0.6082     -0.4075
    0.5249     -0.3920
    0.4548     -0.3765
    0.4077     -0.3610
    0.3822     -0.3455
    0.3756     -0.3300
    0.3972     -0.3145
    0.4664     -0.2990
    0.5892     -0.2835
    0.7373     -0.2680
    0.8570     -0.2525
    0.9057     -0.2370
    0.8816     -0.2215
    0.8205     -0.2060
    0.7683     -0.1905
    0.7545     -0.1750
    0.7827     -0.1595
    0.8370     -0.1440
    0.8997     -0.1285
    0.9697     -0.1130
    1.0643     -0.0975
    1.2046     -0.0820
    1.4006     -0.0665
    1.6513     -0.0510
    1.9558     -0.0355
    2.3082     -0.0200
    2.6651     -0.0045
    2.9208      0.0110
    2.9522      0.0265
    2.7243      0.0420
    2.3477      0.0575
    2.0087      0.0730
    1.8289      0.0885
    1.7898      0.1040
    1.7801      0.1195
    1.7078      0.1350
    1.5674      0.1505
    1.4123      0.1660
    1.2784      0.1815
    1.1497      0.1970
    0.9930      0.2125
    0.8082      0.2280
    0.6330      0.2435
    0.5049      0.2590
    0.4279      0.2745
    0.3754      0.2900
    0.3213      0.3055
    0.2668      0.3210
    0.2385      0.3365
    0.2651      0.3520
    0.3533      0.3675
    0.4766      0.3830
    0.5882      0.3985
    0.6497      0.4140
    0.6553      0.4295
    0.6298      0.4450
    0.6002      0.4605
    0.5735      0.4760
    0.5426      0.4915
    0.5086      0.5070
    0.4873      0.5225
    0.4934      0.5380
    0.5252      0.5535
    0.5683      0.5690
    0.6093      0.5845
    0.6413      0.6000
    0.6585      0.6155
    0.6552      0.6310
    0.6330      0.6465
    0.6022      0.6620
    0.5703      0.6775
    0.5342      0.6930
    0.4870      0.7085
    0.4296      0.7240
    0.3692      0.7395
    0.3095      0.7550
    0.2500      0.7705
    0.1928      0.7860
    0.1464      0.8015
    0.1221      0.8170
    0.1308      0.8325
    0.1807      0.8480
    0.2704      0.8635
    0.3797      0.8790
    0.4744      0.8945
    0.5270      0.9100
    0.5386      0.9255
    0.5364      0.9410
    0.5471      0.9565
    0.5707      0.9720
    0.5830      0.9875
    0.5636      1.0030
    0.5237      1.0185
    0.5011      1.0340
    0.5272      1.0495
    0.5937      1.0650
    0.6567      1.0805
    0.6734      1.0960
    0.6387      1.1115
    0.5850      1.1270
    0.5482      1.1425
    0.5380      1.1580
    0.5380      1.1735
    0.5271      1.1890
    0.4966      1.2045
    0.4491      1.2200
    0.3909      1.2355
    0.3274      1.2510
    0.2654      1.2665
    0.2132      1.2820
    0.1793      1.2975
    0.1713      1.3130
    0.1943      1.3285
    0.2485      1.3440
    0.3225      1.3595
    0.3921      1.3750
    0.4340      1.3905
    0.4490      1.4060
    0.4720      1.4215
    0.5507      1.4370
    0.7057      1.4525
    0.8999      1.4680
    1.0493      1.4835
    1.0776      1.4990
    0.9798      1.5145
    0.8362      1.5300
    0.7541      1.5455
    0.7824      1.5610
    0.8755      1.5765
    0.9393      1.5920
    0.9154      1.6075
    0.8260      1.6230
    0.7416      1.6385
    0.7088      1.6540
    0.7123      1.6695
    0.6980      1.6850
    0.6254      1.7005
    0.4980      1.7160
    0.3556      1.7315
    0.2464      1.7470
    0.2029      1.7625
    0.2334      1.7780
    0.3255      1.7935
    0.4576      1.8090
    0.6115      1.8245
    0.7820      1.8400
    0.9710      1.8555
    1.1717      1.8710
    1.3597      1.8865
    1.5105      1.9020
    1.6264      1.9175
    1.7371      1.9330
    1.8626      1.9485
    1.9796      1.9640
    2.0303      1.9795
    1.9650      1.9950
