    0.0179     -8.0000
    0.0074     -7.9800
    0.0039     -7.9600
    0.0060     -7.9400
    0.0119     -7.9200
    0.0180     -7.9000
    0.0200     -7.8800
    0.0162     -7.8600
    0.0099     -7.8400
    0.0060     -7.8200
    0.0078     -7.8000
    0.0162     -7.7800
    0.0281     -7.7600
    0.0364     -7.7400
    0.0364     -7.7200
    0.0324     -7.7000
    0.0326     -7.6800
    0.0376     -7.6600
    0.0390     -7.6400
    0.0312     -7.6200
    0.0184     -7.6000
    0.0079     -7.5800
    0.0026     -7.5600
    0.0015     -7.5400
    0.0037     -7.5200
    0.0108     -7.5000
    0.0248     -7.4800
    0.0455     -7.4600
    0.0695     -7.4400
    0.0906     -7.4200
    0.1012     -7.4000
    0.1000     -7.3800
    0.1000     -7.3600
    0.1174     -7.3400
    0.1506     -7.3200
    0.1780     -7.3000
    0.1801     -7.2800
    0.1551     -7.2600
    0.1158     -7.2400
    0.0828     -7.2200
    0.0771     -7.2000
    0.1063     -7.1800
    0.1571     -7.1600
    0.2024     -7.1400
    0.2148     -7.1200
    0.1879     -7.1000
    0.1473     -7.0800
    0.1263     -7.0600
    0.1260     -7.0400
    0.1196     -7.0200
    0.0961     -7.0000
    0.0811     -6.9800
    0.1160     -6.9600
    0.2232     -6.9400
    0.3728     -6.9200
    0.4810     -6.9000
    0.4803     -6.8800
    0.3969     -6.8600
    0.3186     -6.8400
    0.2935     -6.8200
    0.2947     -6.8000
    0.2787     -6.7800
    0.2554     -6.7600
    0.2793     -6.7400
    0.3660     -6.7200
    0.4515     -6.7000
    0.4576     -6.6800
    0.3727     -6.6600
    0.2533     -6.6400
    0.1760     -6.6200
    0.2042     -6.6000
    0.3640     -6.5800
    0.6181     -6.5600
    0.8766     -6.5400
    1.0671     -6.5200
    1.1943     -6.5000
    1.3107     -6.4800
    1.4341     -6.4600
    1.5241     -6.4400
    1.5344     -6.4200
    1.4447     -6.4000
    1.2676     -6.3800
    1.0644     -6.3600
    0.8970     -6.3400
    0.7591     -6.3200
    0.6100     -6.3000
    0.4561     -6.2800
    0.3745     -6.2600
    0.4592     -6.2400
    0.7387     -6.2200
    1.1782     -6.2000
    1.8753     -6.1800
    3.2377     -6.1600
    5.6022     -6.1400
    8.4114     -6.1200
   10.1989     -6.1000
    9.8695     -6.0800
    7.7338     -6.0600
    5.0624     -6.0400
    2.9600     -6.0200
    1.7464     -6.0000
    1.1252     -5.9800
    0.7435     -5.9600
    0.5005     -5.9400
    0.4168     -5.9200
    0.4499     -5.9000
    0.4997     -5.8800
    0.4887     -5.8600
    0.4014     -5.8400
    0.2795     -5.8200
    0.1785     -5.8000
    0.1234     -5.7800
    0.1063     -5.7600
    0.1087     -5.7400
    0.1127     -5.7200
    0.1110     -5.7000
    0.1138     -5.6800
    0.1367     -5.6600
    0.1768     -5.6400
    0.2121     -5.6200
    0.2204     -5.6000
    0.1954     -5.5800
    0.1488     -5.5600
    0.1032     -5.5400
    0.0744     -5.5200
    0.0594     -5.5000
    0.0471     -5.4800
    0.0340     -5.4600
    0.0248     -5.4400
    0.0278     -5.4200
    0.0499     -5.4000
    0.0885     -5.3800
    0.1234     -5.3600
    0.1312     -5.3400
    0.1109     -5.3200
    0.0832     -5.3000
    0.0644     -5.2800
    0.0552     -5.2600
    0.0518     -5.2400
    0.0545     -5.2200
    0.0658     -5.2000
    0.0859     -5.1800
    0.1079     -5.1600
    0.1187     -5.1400
    0.1108     -5.1200
    0.0902     -5.1000
    0.0679     -5.0800
    0.0490     -5.0600
    0.0331     -5.0400
    0.0212     -5.0200
    0.0170     -5.0000
    0.0223     -4.9800
    0.0340     -4.9600
    0.0455     -4.9400
    0.0513     -4.9200
    0.0510     -4.9000
    0.0484     -4.8800
    0.0488     -4.8600
    0.0553     -4.8400
    0.0648     -4.8200
    0.0679     -4.8000
    0.0601     -4.7800
    0.0486     -4.7600
    0.0428     -4.7400
    0.0433     -4.7200
    0.0445     -4.7000
    0.0451     -4.6800
    0.0473     -4.6600
    0.0495     -4.6400
    0.0477     -4.6200
    0.0423     -4.6000
    0.0382     -4.5800
    0.0386     -4.5600
    0.0415     -4.5400
    0.0428     -4.5200
    0.0403     -4.5000
    0.0353     -4.4800
    0.0298     -4.4600
    0.0258     -4.4400
    0.0260     -4.4200
    0.0323     -4.4000
    0.0427     -4.3800
    0.0503     -4.3600
    0.0505     -4.3400
    0.0453     -4.3200
    0.0395     -4.3000
    0.0354     -4.2800
    0.0329     -4.2600
    0.0326     -4.2400
    0.0350     -4.2200
    0.0400     -4.2000
    0.0457     -4.1800
    0.0489     -4.1600
    0.0482     -4.1400
    0.0453     -4.1200
    0.0429     -4.1000
    0.0419     -4.0800
    0.0405     -4.0600
    0.0369     -4.0400
    0.0319     -4.0200
    0.0291     -4.0000
    0.0305     -3.9800
    0.0341     -3.9600
    0.0362     -3.9400
    0.0351     -3.9200
    0.0314     -3.9000
    0.0272     -3.8800
    0.0240     -3.8600
    0.0221     -3.8400
    0.0210     -3.8200
    0.0201     -3.8000
    0.0200     -3.7800
    0.0209     -3.7600
    0.0220     -3.7400
    0.0228     -3.7200
    0.0234     -3.7000
    0.0249     -3.6800
    0.0282     -3.6600
    0.0332     -3.6400
    0.0378     -3.6200
    0.0394     -3.6000
    0.0376     -3.5800
    0.0334     -3.5600
    0.0289     -3.5400
    0.0251     -3.5200
    0.0225     -3.5000
    0.0211     -3.4800
    0.0206     -3.4600
    0.0202     -3.4400
    0.0191     -3.4200
    0.0174     -3.4000
    0.0163     -3.3800
    0.0171     -3.3600
    0.0209     -3.3400
    0.0268     -3.3200
    0.0319     -3.3000
    0.0334     -3.2800
    0.0314     -3.2600
    0.0279     -3.2400
    0.0244     -3.2200
    0.0222     -3.2000
    0.0230     -3.1800
    0.0285     -3.1600
    0.0383     -3.1400
    0.0489     -3.1200
    0.0554     -3.1000
    0.0558     -3.0800
    0.0527     -3.0600
    0.0498     -3.0400
    0.0482     -3.0200
    0.0471     -3.0000
    0.0455     -2.9800
    0.0433     -2.9600
    0.0413     -2.9400
    0.0401     -2.9200
    0.0403     -2.9000
    0.0434     -2.8800
    0.0511     -2.8600
    0.0629     -2.8400
    0.0744     -2.8200
    0.0801     -2.8000
    0.0783     -2.7800
    0.0731     -2.7600
    0.0700     -2.7400
    0.0703     -2.7200
    0.0714     -2.7000
    0.0724     -2.6800
    0.0768     -2.6600
    0.0893     -2.6400
    0.1092     -2.6200
    0.1301     -2.6000
    0.1454     -2.5800
    0.1528     -2.5600
    0.1545     -2.5400
    0.1553     -2.5200
    0.1595     -2.5000
    0.1663     -2.4800
    0.1698     -2.4600
    0.1674     -2.4400
    0.1626     -2.4200
    0.1559     -2.4000
    0.1413     -2.3800
    0.1183     -2.3600
    0.0974     -2.3400
    0.0892     -2.3200
    0.0935     -2.3000
    0.1033     -2.2800
    0.1128     -2.2600
    0.1178     -2.2400
    0.1147     -2.2200
    0.1027     -2.2000
    0.0854     -2.1800
    0.0680     -2.1600
    0.0553     -2.1400
    0.0493     -2.1200
    0.0496     -2.1000
    0.0538     -2.0800
    0.0599     -2.0600
    0.0656     -2.0400
    0.0689     -2.0200
    0.0695     -2.0000
    0.0683     -1.9800
    0.0663     -1.9600
    0.0636     -1.9400
    0.0613     -1.9200
    0.0601     -1.9000
    0.0607     -1.8800
    0.0632     -1.8600
    0.0670     -1.8400
    0.0705     -1.8200
    0.0728     -1.8000
    0.0748     -1.7800
    0.0774     -1.7600
    0.0795     -1.7400
    0.0773     -1.7200
    0.0685     -1.7000
    0.0568     -1.6800
    0.0493     -1.6600
    0.0490     -1.6400
    0.0530     -1.6200
    0.0552     -1.6000
    0.0519     -1.5800
    0.0442     -1.5600
    0.0375     -1.5400
    0.0361     -1.5200
    0.0397     -1.5000
    0.0435     -1.4800
    0.0435     -1.4600
    0.0395     -1.4400
    0.0348     -1.4200
    0.0331     -1.4000
    0.0356     -1.3800
    0.0422     -1.3600
    0.0539     -1.3400
    0.0753     -1.3200
    0.1145     -1.3000
    0.1778     -1.2800
    0.2594     -1.2600
    0.3386     -1.2400
    0.3915     -1.2200
    0.4089     -1.2000
    0.4056     -1.1800
    0.4083     -1.1600
    0.4202     -1.1400
    0.4079     -1.1200
    0.3424     -1.1000
    0.2417     -1.0800
    0.1517     -1.0600
    0.0967     -1.0400
    0.0676     -1.0200
    0.0477     -1.0000
    0.0329     -0.9800
    0.0261     -0.9600
    0.0264     -0.9400
    0.0281     -0.9200
    0.0272     -0.9000
    0.0238     -0.8800
    0.0198     -0.8600
    0.0163     -0.8400
    0.0147     -0.8200
    0.0156     -0.8000
    0.0175     -0.7800
    0.0181     -0.7600
    0.0166     -0.7400
    0.0142     -0.7200
    0.0116     -0.7000
    0.0092     -0.6800
    0.0080     -0.6600
    0.0086     -0.6400
    0.0109     -0.6200
    0.0145     -0.6000
    0.0185     -0.5800
    0.0220     -0.5600
    0.0239     -0.5400
    0.0235     -0.5200
    0.0209     -0.5000
    0.0179     -0.4800
    0.0179     -0.4600
    0.0240     -0.4400
    0.0352     -0.4200
    0.0444     -0.4000
    0.0444     -0.3800
    0.0351     -0.3600
    0.0240     -0.3400
    0.0191     -0.3200
    0.0215     -0.3000
    0.0262     -0.2800
    0.0270     -0.2600
    0.0230     -0.2400
    0.0194     -0.2200
    0.0221     -0.2000
    0.0325     -0.1800
    0.0467     -0.1600
    0.0579     -0.1400
    0.0609     -0.1200
    0.0562     -0.1000
    0.0499     -0.0800
    0.0474     -0.0600
    0.0496     -0.0400
    0.0523     -0.0200
    0.0505      0.0000
    0.0428      0.0200
    0.0322      0.0400
    0.0241      0.0600
    0.0215      0.0800
    0.0236      0.1000
    0.0263      0.1200
    0.0269      0.1400
    0.0268      0.1600
    0.0307      0.1800
    0.0408      0.2000
    0.0526      0.2200
    0.0577      0.2400
    0.0512      0.2600
    0.0368      0.2800
    0.0224      0.3000
    0.0128      0.3200
    0.0085      0.3400
    0.0073      0.3600
    0.0071      0.3800
    0.0069      0.4000
    0.0085      0.4200
    0.0166      0.4400
    0.0369      0.4600
    0.0684      0.4800
    0.0984      0.5000
    0.1104      0.5200
    0.0987      0.5400
    0.0737      0.5600
    0.0506      0.5800
    0.0390      0.6000
    0.0395      0.6200
    0.0448      0.6400
    0.0459      0.6600
    0.0402      0.6800
    0.0333      0.7000
    0.0328      0.7200
    0.0391      0.7400
    0.0457      0.7600
    0.0459      0.7800
    0.0388      0.8000
    0.0290      0.8200
    0.0216      0.8400
    0.0186      0.8600
    0.0191      0.8800
    0.0213      0.9000
    0.0246      0.9200
    0.0304      0.9400
    0.0398      0.9600
    0.0496      0.9800
    0.0562      1.0000
    0.0618      1.0200
    0.0698      1.0400
    0.0778      1.0600
    0.0842      1.0800
    0.0937      1.1000
    0.1068      1.1200
    0.1127      1.1400
    0.1022      1.1600
    0.0822      1.1800
    0.0672      1.2000
    0.0639      1.2200
    0.0678      1.2400
    0.0703      1.2600
    0.0662      1.2800
    0.0564      1.3000
    0.0450      1.3200
    0.0367      1.3400
    0.0338      1.3600
    0.0350      1.3800
    0.0378      1.4000
    0.0433      1.4200
    0.0532      1.4400
    0.0646      1.4600
    0.0734      1.4800
    0.0782      1.5000
    0.0786      1.5200
    0.0722      1.5400
    0.0602      1.5600
    0.0505      1.5800
    0.0530      1.6000
    0.0688      1.6200
    0.0844      1.6400
    0.0828      1.6600
    0.0632      1.6800
    0.0432      1.7000
    0.0410      1.7200
    0.0631      1.7400
    0.1046      1.7600
    0.1512      1.7800
    0.1824      1.8000
    0.1817      1.8200
    0.1499      1.8400
    0.1044      1.8600
    0.0665      1.8800
    0.0487      1.9000
    0.0504      1.9200
    0.0619      1.9400
    0.0720      1.9600
    0.0752      1.9800
    0.0729      2.0000
