    0.5103     -8.0000
    0.2382     -7.9800
    0.1873     -7.9600
    0.3013     -7.9400
    0.4766     -7.9200
    0.5850     -7.9000
    0.5432     -7.8800
    0.3847     -7.8600
    0.2307     -7.8400
    0.2016     -7.8200
    0.3699     -7.8000
    0.7207     -7.7800
    1.0916     -7.7600
    1.2441     -7.7400
    1.1188     -7.7200
    0.9482     -7.7000
    0.9921     -7.6800
    1.2016     -7.6600
    1.2709     -7.6400
    1.0235     -7.6200
    0.6050     -7.6000
    0.2607     -7.5800
    0.0851     -7.5600
    0.0387     -7.5400
    0.0826     -7.5200
    0.2295     -7.5000
    0.4907     -7.4800
    0.8005     -7.4600
    1.0397     -7.4400
    1.1491     -7.4200
    1.1760     -7.4000
    1.2265     -7.3800
    1.4173     -7.3600
    1.7993     -7.3400
    2.2472     -7.3200
    2.4761     -7.3000
    2.2828     -7.2800
    1.7546     -7.2600
    1.1811     -7.2400
    0.8474     -7.2200
    0.9164     -7.2000
    1.3425     -7.1800
    1.8592     -7.1600
    2.1468     -7.1400
    2.0404     -7.1200
    1.6140     -7.1000
    1.1324     -7.0800
    0.8460     -7.0600
    0.7634     -7.0400
    0.7065     -7.0200
    0.5970     -7.0000
    0.5806     -6.9800
    0.8654     -6.9600
    1.4942     -6.9400
    2.2450     -6.9200
    2.7528     -6.9000
    2.8315     -6.8800
    2.6511     -6.8600
    2.4968     -6.8400
    2.4491     -6.8200
    2.3580     -6.8000
    2.0452     -6.7800
    1.5611     -6.7600
    1.2084     -6.7400
    1.2093     -6.7200
    1.4451     -6.7000
    1.6048     -6.6800
    1.5146     -6.6600
    1.2861     -6.6400
    1.1922     -6.6200
    1.4320     -6.6000
    2.0018     -6.5800
    2.6890     -6.5600
    3.1614     -6.5400
    3.2215     -6.5200
    3.0170     -6.5000
    2.8715     -6.4800
    2.9364     -6.4600
    3.1132     -6.4400
    3.2429     -6.4200
    3.2383     -6.4000
    3.1265     -6.3800
    3.0626     -6.3600
    3.1562     -6.3400
    3.2522     -6.3200
    3.0496     -6.3000
    2.4880     -6.2800
    1.9199     -6.2600
    1.7984     -6.2400
    2.2290     -6.2200
    2.9613     -6.2000
    3.8890     -6.1800
    5.4405     -6.1600
    8.0555     -6.1400
   11.0951     -6.1200
   12.8689     -6.1000
   12.2081     -6.0800
    9.6174     -6.0600
    6.6753     -6.0400
    4.6521     -6.0200
    3.6906     -6.0000
    3.1070     -5.9800
    2.4139     -5.9600
    1.8091     -5.9400
    1.6649     -5.9200
    1.9618     -5.9000
    2.3388     -5.8800
    2.4712     -5.8600
    2.3596     -5.8400
    2.2811     -5.8200
    2.4267     -5.8000
    2.6971     -5.7800
    2.8875     -5.7600
    2.8742     -5.7400
    2.6492     -5.7200
    2.4119     -5.7000
    2.5173     -5.6800
    3.0810     -5.6600
    3.7550     -5.6400
    4.0841     -5.6200
    3.9242     -5.6000
    3.4006     -5.5800
    2.7482     -5.5600
    2.2779     -5.5400
    2.1768     -5.5200
    2.2906     -5.5000
    2.2925     -5.4800
    2.0089     -5.4600
    1.5370     -5.4400
    1.1910     -5.4200
    1.3265     -5.4000
    2.0406     -5.3800
    3.0155     -5.3600
    3.8341     -5.3400
    4.4351     -5.3200
    4.9557     -5.3000
    5.2539     -5.2800
    5.0835     -5.2600
    4.6124     -5.2400
    4.2856     -5.2200
    4.3234     -5.2000
    4.6375     -5.1800
    4.9770     -5.1600
    5.0468     -5.1400
    4.7530     -5.1200
    4.3211     -5.1000
    3.9814     -5.0800
    3.6361     -5.0600
    3.0695     -5.0400
    2.4106     -5.0200
    2.1075     -5.0000
    2.4787     -4.9800
    3.4774     -4.9600
    4.7994     -4.9400
    6.1314     -4.9200
    7.3795     -4.9000
    8.7269     -4.8800
   10.3983     -4.8600
   12.0989     -4.8400
   12.7888     -4.8200
   11.6216     -4.8000
    9.1491     -4.7800
    7.0635     -4.7600
    6.6363     -4.7400
    7.7286     -4.7200
    9.4524     -4.7000
   11.3328     -4.6800
   13.3505     -4.6600
   15.1990     -4.6400
   16.1649     -4.6200
   15.8940     -4.6000
   14.9775     -4.5800
   14.3513     -4.5600
   14.1612     -4.5400
   13.7771     -4.5200
   12.9206     -4.5000
   12.0674     -4.4800
   11.6189     -4.4600
   11.3794     -4.4400
   11.1673     -4.4200
   11.4004     -4.4000
   12.4842     -4.3800
   13.9258     -4.3600
   14.7969     -4.3400
   14.9060     -4.3200
   14.8942     -4.3000
   15.5138     -4.2800
   17.3216     -4.2600
   20.4135     -4.2400
   23.8756     -4.2200
   26.2129     -4.2000
   26.8678     -4.1800
   26.8410     -4.1600
   27.5619     -4.1400
   29.5609     -4.1200
   32.2103     -4.1000
   34.1868     -4.0800
   34.4018     -4.0600
   33.0170     -4.0400
   31.3313     -4.0200
   30.6772     -4.0000
   31.5290     -3.9800
   33.1481     -3.9600
   34.0565     -3.9400
   33.2367     -3.9200
   30.8675     -3.9000
   28.1613     -3.8800
   26.5180     -3.8600
   26.2075     -3.8400
   26.0941     -3.8200
   25.2179     -3.8000
   23.9901     -3.7800
   23.3107     -3.7600
   23.4251     -3.7400
   24.2282     -3.7200
   25.8711     -3.7000
   28.5610     -3.6800
   32.1339     -3.6600
   35.8325     -3.6400
   38.4341     -3.6200
   39.0278     -3.6000
   37.7262     -3.5800
   35.4193     -3.5600
   33.0278     -3.5400
   31.0793     -3.5200
   30.0322     -3.5000
   30.8072     -3.4800
   34.0273     -3.4600
   38.5196     -3.4400
   41.5267     -3.4200
   40.7871     -3.4000
   36.6714     -3.3800
   32.5597     -3.3600
   32.1312     -3.3400
   35.6560     -3.3200
   39.8970     -3.3000
   41.7238     -3.2800
   40.5316     -3.2600
   37.3339     -3.2400
   33.3991     -3.2200
   30.0896     -3.2000
   28.5534     -3.1800
   29.3952     -3.1600
   33.0440     -3.1400
   39.2129     -3.1200
   45.7287     -3.1000
   49.8884     -3.0800
   51.2862     -3.0600
   51.6295     -3.0400
   52.2012     -3.0200
   53.1434     -3.0000
   54.3993     -2.9800
   55.8207     -2.9600
   56.7564     -2.9400
   56.4579     -2.9200
   55.1234     -2.9000
   54.3675     -2.8800
   56.3131     -2.8600
   61.7771     -2.8400
   68.9619     -2.8200
   74.5277     -2.8000
   76.9403     -2.7800
   77.9968     -2.7600
   80.0520     -2.7400
   82.8629     -2.7200
   84.0666     -2.7000
   82.0128     -2.6800
   77.7529     -2.6600
   74.3766     -2.6400
   74.1305     -2.6200
   76.2870     -2.6000
   78.0612     -2.5800
   77.0722     -2.5600
   72.9081     -2.5400
   67.2046     -2.5200
   62.0758     -2.5000
   57.9487     -2.4800
   53.7208     -2.4600
   49.0614     -2.4400
   44.9814     -2.4200
   42.2751     -2.4000
   41.3300     -2.3800
   43.6396     -2.3600
   51.5435     -2.3400
   64.9671     -2.3200
   79.1354     -2.3000
   87.4532     -2.2800
   86.8454     -2.2600
   79.2667     -2.2400
   68.8411     -2.2200
   58.8988     -2.2000
   51.0629     -2.1800
   45.7359     -2.1600
   42.9166     -2.1400
   42.4713     -2.1200
   43.9125     -2.1000
   46.6761     -2.0800
   50.5879     -2.0600
   55.5057     -2.0400
   60.9840     -2.0200
   66.5748     -2.0000
   71.6103     -1.9800
   74.8814     -1.9600
   75.6814     -1.9400
   74.7975     -1.9200
   73.7663     -1.9000
   73.7725     -1.8800
   75.2368     -1.8600
   77.5017     -1.8400
   78.9066     -1.8200
   77.8153     -1.8000
   74.2006     -1.7800
   70.4664     -1.7600
   69.6957     -1.7400
   72.5625     -1.7200
   77.1798     -1.7000
   81.8918     -1.6800
   86.6039     -1.6600
   91.7677     -1.6400
   97.2343     -1.6200
  101.5687     -1.6000
  102.5320     -1.5800
   99.4060     -1.5600
   94.2093     -1.5400
   89.0157     -1.5200
   82.9704     -1.5000
   73.9123     -1.4800
   62.0515     -1.4600
   50.0248     -1.4400
   39.9872     -1.4200
   32.2510     -1.4000
   26.2621     -1.3800
   21.6609     -1.3600
   18.3210     -1.3400
   16.0323     -1.3200
   14.6242     -1.3000
   14.1646     -1.2800
   14.7067     -1.2600
   15.9446     -1.2400
   17.1727     -1.2200
   17.6310     -1.2000
   17.1425     -1.1800
   16.2694     -1.1600
   15.4276     -1.1400
   14.1945     -1.1200
   12.0566     -1.1000
    9.4291     -1.0800
    7.2845     -1.0600
    6.0313     -1.0400
    5.3561     -1.0200
    5.1169     -1.0000
    5.7847     -0.9800
    7.6049     -0.9600
    9.7057     -0.9400
   10.7898     -0.9200
   10.5767     -0.9000
    9.7586     -0.8800
    8.7954     -0.8600
    7.6919     -0.8400
    6.6898     -0.8200
    6.2034     -0.8000
    6.1445     -0.7800
    6.0457     -0.7600
    5.7827     -0.7400
    5.5927     -0.7200
    5.5477     -0.7000
    5.4944     -0.6800
    5.3728     -0.6600
    5.3709     -0.6400
    5.8719     -0.6200
    7.1990     -0.6000
    9.1623     -0.5800
   10.9387     -0.5600
   11.6718     -0.5400
   11.1149     -0.5200
    9.6616     -0.5000
    8.0711     -0.4800
    7.1270     -0.4600
    7.2047     -0.4400
    7.9895     -0.4200
    8.6009     -0.4000
    8.1826     -0.3800
    6.5960     -0.3600
    4.5474     -0.3400
    3.0042     -0.3200
    2.4396     -0.3000
    2.5382     -0.2800
    2.6256     -0.2600
    2.3994     -0.2400
    2.1952     -0.2200
    2.5787     -0.2000
    3.8408     -0.1800
    5.8829     -0.1600
    8.2746     -0.1400
   10.2332     -0.1200
   10.9120     -0.1000
   10.1656     -0.0800
    8.8722     -0.0600
    8.0966     -0.0400
    8.0576     -0.0200
    8.1020      0.0000
    7.4796      0.0200
    6.0570      0.0400
    4.3750      0.0600
    3.0840      0.0800
    2.4211      0.1000
    2.2014      0.1200
    2.1877      0.1400
    2.4211      0.1600
    3.1203      0.1800
    4.2271      0.2000
    5.1897      0.2200
    5.3533      0.2400
    4.5593      0.2600
    3.2741      0.2800
    2.1449      0.3000
    1.5029      0.3200
    1.2689      0.3400
    1.1988      0.3600
    1.1113      0.3800
    0.9606      0.4000
    0.8926      0.4200
    1.2521      0.4400
    2.3593      0.4600
    4.1317      0.4800
    5.9483      0.5000
    7.0623      0.5200
    7.1892      0.5400
    6.6340      0.5600
    6.0399      0.5800
    6.0905      0.6000
    7.0212      0.6200
    8.1746      0.6400
    8.4218      0.6600
    7.3163      0.6800
    5.6534      0.7000
    4.7398      0.7200
    5.1419      0.7400
    6.1664      0.7600
    6.5430      0.7800
    5.6187      0.8000
    3.8624      0.8200
    2.2328      0.8400
    1.2802      0.8600
    0.9530      0.8800
    0.9688      0.9000
    1.1642      0.9200
    1.5799      0.9400
    2.2226      0.9600
    2.8133      0.9800
    3.0312      1.0000
    2.9445      1.0200
    2.8667      1.0400
    2.9426      1.0600
    3.2152      1.0800
    3.7828      1.1000
    4.5028      1.1200
    4.9045      1.1400
    4.7451      1.1600
    4.3531      1.1800
    4.2288      1.2000
    4.4936      1.2200
    4.7898      1.2400
    4.6826      1.2600
    4.1392      1.2800
    3.4868      1.3000
    2.9894      1.3200
    2.7019      1.3400
    2.5950      1.3600
    2.5957      1.3800
    2.7045      1.4000
    3.1746      1.4200
    4.2509      1.4400
    5.7101      1.4600
    6.9838      1.4800
    7.6225      1.5000
    7.4193      1.5200
    6.4187      1.5400
    5.0392      1.5600
    3.9029      1.5800
    3.4409      1.6000
    3.6408      1.6200
    3.9612      1.6400
    3.6995      1.6600
    2.7549      1.6800
    1.7697      1.7000
    1.4166      1.7200
    1.8677      1.7400
    2.8967      1.7600
    4.0918      1.7800
    4.9247      1.8000
    4.9621      1.8200
    4.2154      1.8400
    3.1760      1.8600
    2.4493      1.8800
    2.3555      1.9000
    2.7819      1.9200
    3.3745      1.9400
    3.8676      1.9600
    4.1924      1.9800
    4.3398      2.0000
