    2.4786     -8.0000
    2.4003     -7.9800
    2.5443     -7.9600
    2.4222     -7.9400
    1.8238     -7.9200
    1.0395     -7.9000
    0.4480     -7.8800
    0.1676     -7.8600
    0.1293     -7.8400
    0.2571     -7.8200
    0.4897     -7.8000
    0.7201     -7.7800
    0.8249     -7.7600
    0.7644     -7.7400
    0.6126     -7.7200
    0.5070     -7.7000
    0.5768     -7.6800
    0.8597     -7.6600
    1.2615     -7.6400
    1.5946     -7.6200
    1.6566     -7.6000
    1.3638     -7.5800
    0.8626     -7.5600
    0.4182     -7.5400
    0.1909     -7.5200
    0.1896     -7.5000
    0.3682     -7.4800
    0.6997     -7.4600
    1.3261     -7.4400
    2.8158     -7.4200
    5.9413     -7.4000
   10.4687     -7.3800
   14.2291     -7.3600
   14.6408     -7.3400
   11.5420     -7.3200
    7.3294     -7.3000
    4.2404     -7.2800
    2.7172     -7.2600
    2.1168     -7.2400
    1.8320     -7.2200
    1.7225     -7.2000
    1.9146     -7.1800
    2.3107     -7.1600
    2.4809     -7.1400
    2.1279     -7.1200
    1.4166     -7.1000
    0.7352     -7.0800
    0.3289     -7.0600
    0.2416     -7.0400
    0.4436     -7.0200
    0.8527     -7.0000
    1.2596     -6.9800
    1.4473     -6.9600
    1.4776     -6.9400
    1.6562     -6.9200
    2.0791     -6.9000
    2.4093     -6.8800
    2.2597     -6.8600
    1.6730     -6.8400
    1.1026     -6.8200
    1.0028     -6.8000
    1.4889     -6.7800
    2.2582     -6.7600
    2.7949     -6.7400
    2.7639     -6.7200
    2.2429     -6.7000
    1.5818     -6.6800
    1.1046     -6.6600
    0.9342     -6.6400
    1.0026     -6.6200
    1.1585     -6.6000
    1.2865     -6.5800
    1.3582     -6.5600
    1.3709     -6.5400
    1.2681     -6.5200
    0.9957     -6.5000
    0.6305     -6.4800
    0.3567     -6.4600
    0.3268     -6.4400
    0.6110     -6.4200
    1.2252     -6.4000
    2.1206     -6.3800
    3.0970     -6.3600
    3.7345     -6.3400
    3.6110     -6.3200
    2.7514     -6.3000
    1.7040     -6.2800
    1.0553     -6.2600
    0.9892     -6.2400
    1.2893     -6.2200
    1.6046     -6.2000
    1.7056     -6.1800
    1.5848     -6.1600
    1.3777     -6.1400
    1.2168     -6.1200
    1.1807     -6.1000
    1.3265     -6.0800
    1.6417     -6.0600
    1.9771     -6.0400
    2.1618     -6.0200
    2.1878     -6.0000
    2.1596     -5.9800
    2.0686     -5.9600
    1.7765     -5.9400
    1.2707     -5.9200
    0.7902     -5.9000
    0.6346     -5.8800
    0.9293     -5.8600
    1.5599     -5.8400
    2.2743     -5.8200
    2.8607     -5.8000
    3.1942     -5.7800
    3.2063     -5.7600
    3.0255     -5.7400
    3.0062     -5.7200
    3.3480     -5.7000
    3.8209     -5.6800
    4.0231     -5.6600
    3.7599     -5.6400
    3.1284     -5.6200
    2.4242     -5.6000
    1.9506     -5.5800
    1.7830     -5.5600
    1.7823     -5.5400
    1.8301     -5.5200
    1.8939     -5.5000
    1.9628     -5.4800
    2.1049     -5.4600
    2.4069     -5.4400
    2.7242     -5.4200
    2.7815     -5.4000
    2.6396     -5.3800
    2.7575     -5.3600
    3.4428     -5.3400
    4.3966     -5.3200
    4.9905     -5.3000
    5.0042     -5.2800
    4.8550     -5.2600
    4.9985     -5.2400
    5.3662     -5.2200
    5.5015     -5.2000
    5.1071     -5.1800
    4.3755     -5.1600
    3.7455     -5.1400
    3.4323     -5.1200
    3.3059     -5.1000
    3.1018     -5.0800
    2.7316     -5.0600
    2.4526     -5.0400
    2.6130     -5.0200
    3.2705     -5.0000
    4.2192     -4.9800
    5.2680     -4.9600
    6.3391     -4.9400
    7.4681     -4.9200
    8.8754     -4.9000
   10.7105     -4.8800
   12.3738     -4.8600
   12.6074     -4.8400
   10.9099     -4.8200
    8.4429     -4.8000
    6.9396     -4.7800
    7.0541     -4.7600
    8.2554     -4.7400
    9.9284     -4.7200
   11.8497     -4.7000
   13.7764     -4.6800
   15.2516     -4.6600
   15.8577     -4.6400
   15.5742     -4.6200
   14.9442     -4.6000
   14.5262     -4.5800
   14.1678     -4.5600
   13.4024     -4.5400
   12.3827     -4.5200
   11.7058     -4.5000
   11.5351     -4.4800
   11.5619     -4.4600
   11.7218     -4.4400
   12.3176     -4.4200
   13.3355     -4.4000
   14.2373     -4.3800
   14.6318     -4.3600
   14.6838     -4.3400
   14.8329     -4.3200
   15.6047     -4.3000
   17.5591     -4.2800
   20.7248     -4.2600
   24.0966     -4.2400
   26.3358     -4.2200
   27.0940     -4.2000
   27.2899     -4.1800
   28.0895     -4.1600
   29.9275     -4.1400
   32.2749     -4.1200
   33.9089     -4.1000
   33.8703     -4.0800
   32.5282     -4.0600
   31.2834     -4.0400
   31.2494     -4.0200
   32.4043     -4.0000
   33.7096     -3.9800
   33.9412     -3.9600
   32.5490     -3.9400
   30.0019     -3.9200
   27.5914     -3.9000
   26.4530     -3.8800
   26.3615     -3.8600
   26.0769     -3.8400
   25.0269     -3.8200
   23.8855     -3.8000
   23.5069     -3.7800
   24.0773     -3.7600
   25.4154     -3.7400
   27.4874     -3.7200
   30.3435     -3.7000
   33.7225     -3.6800
   36.8150     -3.6600
   38.5751     -3.6400
   38.5005     -3.6200
   36.9846     -3.6000
   34.8234     -3.5800
   32.5946     -3.5600
   30.6656     -3.5400
   29.7974     -3.5200
   31.1368     -3.5000
   34.8529     -3.4800
   39.1688     -3.4600
   41.4001     -3.4400
   40.0568     -3.4200
   36.4105     -3.4000
   33.9242     -3.3800
   35.0006     -3.3600
   38.4329     -3.3400
   41.0564     -3.3200
   41.1263     -3.3000
   39.0026     -3.2800
   35.7998     -3.2600
   32.8406     -3.2400
   31.4032     -3.2200
   31.8799     -3.2000
   33.9064     -3.1800
   37.3105     -3.1600
   41.7820     -3.1400
   46.0199     -3.1200
   48.7032     -3.1000
   50.0792     -3.0800
   51.2751     -3.0600
   52.6379     -3.0400
   53.9430     -3.0200
   55.2867     -3.0000
   56.7029     -2.9800
   57.5743     -2.9600
   57.2919     -2.9400
   56.4125     -2.9200
   56.7342     -2.9000
   59.9711     -2.8800
   65.9657     -2.8600
   72.3251     -2.8400
   76.6484     -2.8200
   78.8572     -2.8000
   80.4400     -2.7800
   82.1931     -2.7600
   83.6736     -2.7400
   84.0784     -2.7200
   82.9511     -2.7000
   80.5603     -2.6800
   77.9691     -2.6600
   76.2796     -2.6400
   75.4562     -2.6200
   74.2920     -2.6000
   71.8429     -2.5800
   68.3884     -2.5600
   64.6083     -2.5400
   60.4381     -2.5200
   55.3796     -2.5000
   49.5842     -2.4800
   43.9885     -2.4600
   39.5633     -2.4400
   37.1549     -2.4200
   38.1520     -2.4000
   44.4645     -2.3800
   56.8090     -2.3600
   72.4523     -2.3400
   85.3710     -2.3200
   90.0588     -2.3000
   85.3810     -2.2800
   74.6370     -2.2600
   62.6811     -2.2400
   52.9910     -2.2200
   46.5963     -2.2000
   43.0897     -2.1800
   41.9834     -2.1600
   42.9422     -2.1400
   45.5315     -2.1200
   49.2863     -2.1000
   53.8118     -2.0800
   58.8396     -2.0600
   64.2557     -2.0400
   69.6266     -2.0200
   73.7673     -2.0000
   75.6517     -1.9800
   75.6712     -1.9600
   75.1563     -1.9400
   75.0433     -1.9200
   75.5773     -1.9000
   76.6391     -1.8800
   77.7655     -1.8600
   77.9738     -1.8400
   76.1870     -1.8200
   72.6845     -1.8000
   69.7217     -1.7800
   69.5791     -1.7600
   72.5429     -1.7400
   77.5425     -1.7200
   83.5778     -1.7000
   89.8671     -1.6800
   95.5603     -1.6600
   99.6540     -1.6400
  101.0966     -1.6200
   99.5498     -1.6000
   96.0317     -1.5800
   91.8408     -1.5600
   86.7211     -1.5400
   79.1574     -1.5200
   68.8110     -1.5000
   57.6603     -1.4800
   48.2636     -1.4600
   41.6036     -1.4400
   36.7990     -1.4200
   32.3364     -1.4000
   27.5018     -1.3800
   22.8177     -1.3600
   19.3015     -1.3400
   17.4277     -1.3200
   16.5921     -1.3000
   15.6189     -1.2800
   13.9139     -1.2600
   11.8653     -1.2400
   10.1386     -1.2200
    8.9517     -1.2000
    8.1139     -1.1800
    7.4541     -1.1600
    6.9322     -1.1400
    6.4575     -1.1200
    5.8445     -1.1000
    4.9495     -1.0800
    3.8561     -1.0600
    2.9895     -1.0400
    3.0056     -1.0200
    4.3617     -1.0000
    6.6750     -0.9800
    8.6636     -0.9600
    9.3001     -0.9400
    8.8587     -0.9200
    8.2681     -0.9000
    7.9481     -0.8800
    7.8578     -0.8600
    7.9464     -0.8400
    7.9831     -0.8200
    7.5438     -0.8000
    6.5439     -0.7800
    5.3711     -0.7600
    4.4235     -0.7400
    3.8825     -0.7200
    3.7925     -0.7000
    4.0657     -0.6800
    4.5463     -0.6600
    5.1572     -0.6400
    5.8879     -0.6200
    6.6685     -0.6000
    7.3812     -0.5800
    8.0258     -0.5600
    8.6574     -0.5400
    9.0229     -0.5200
    8.6214     -0.5000
    7.4033     -0.4800
    6.0877     -0.4600
    5.4227     -0.4400
    5.3513     -0.4200
    5.3423     -0.4000
    5.2875     -0.3800
    5.5099     -0.3600
    6.0934     -0.3400
    6.6450     -0.3200
    6.6688     -0.3000
    6.1512     -0.2800
    5.7054     -0.2600
    5.8708     -0.2400
    6.4931     -0.2200
    7.1374     -0.2000
    7.7804     -0.1800
    8.6283     -0.1600
    9.3991     -0.1400
    9.3731     -0.1200
    8.3502     -0.1000
    7.0682     -0.0800
    6.3985     -0.0600
    6.5469     -0.0400
    7.1726     -0.0200
    7.7379      0.0000
    7.6711      0.0200
    6.7409      0.0400
    5.3431      0.0600
    4.1482      0.0800
    3.5291      0.1000
    3.4553      0.1200
    3.7570      0.1400
    4.2331      0.1600
    4.6020      0.1800
    4.5885      0.2000
    4.0625      0.2200
    3.1259      0.2400
    2.1616      0.2600
    1.6135      0.2800
    1.5623      0.3000
    1.6893      0.3200
    1.7655      0.3400
    1.9857      0.3600
    2.6724      0.3800
    3.7565      0.4000
    4.7100      0.4200
    5.0762      0.4400
    4.9861      0.4600
    4.8951      0.4800
    4.9001      0.5000
    4.7871      0.5200
    4.6432      0.5400
    4.8375      0.5600
    5.4548      0.5800
    6.2026      0.6000
    6.7730      0.6200
    6.9873      0.6400
    6.7892      0.6600
    6.3435      0.6800
    5.8660      0.7000
    5.2719      0.7200
    4.4098      0.7400
    3.5852      0.7600
    3.3133      0.7800
    3.5730      0.8000
    3.7801      0.8200
    3.5586      0.8400
    3.1811      0.8600
    3.1258      0.8800
    3.4214      0.9000
    3.6321      0.9200
    3.4489      0.9400
    3.0658      0.9600
    2.9339      0.9800
    3.3330      1.0000
    4.1140      1.0200
    4.6995      1.0400
    4.5907      1.0600
    4.0296      1.0800
    3.7641      1.1000
    4.0522      1.1200
    4.3891      1.1400
    4.3034      1.1600
    3.9157      1.1800
    3.5621      1.2000
    3.2664      1.2200
    2.8177      1.2400
    2.2232      1.2600
    1.8484      1.2800
    2.0124      1.3000
    2.5492      1.3200
    2.9904      1.3400
    3.2011      1.3600
    3.5498      1.3800
    4.3929      1.4000
    5.6507      1.4200
    6.8978      1.4400
    7.6816      1.4600
    7.7412      1.4800
    7.0814      1.5000
    6.0492      1.5200
    5.1945      1.5400
    4.7397      1.5600
    4.3529      1.5800
    3.7302      1.6000
    3.1760      1.6200
    3.2277      1.6400
    3.8550      1.6600
    4.4417      1.6800
    4.4836      1.7000
    3.9807      1.7200
    3.2477      1.7400
    2.6081      1.7600
    2.2311      1.7800
    2.1440      1.8000
    2.3740      1.8200
    2.9930      1.8400
    3.9308      1.8600
    4.8196      1.8800
    5.2503      1.9000
    5.2205      1.9200
    5.0869      1.9400
    5.0255      1.9600
    4.8483      1.9800
    4.4488      2.0000
