    0.6814     -7.9760
    0.7864     -7.9440
    0.4395     -7.9120
    0.1285     -7.8800
    0.0498     -7.8480
    0.0611     -7.8160
    0.0832     -7.7840
    0.0862     -7.7520
    0.0514     -7.7200
    0.0164     -7.6880
    0.0069     -7.6560
    0.0087     -7.6240
    0.0083     -7.5920
    0.0111     -7.5600
    0.0241     -7.5280
    0.0354     -7.4960
    0.0314     -7.4640
    0.0257     -7.4320
    0.0274     -7.4000
    0.0222     -7.3680
    0.0106     -7.3360
    0.0051     -7.3040
    0.0112     -7.2720
    0.0210     -7.2400
    0.0201     -7.2080
    0.0158     -7.1760
    0.0158     -7.1440
    0.0133     -7.1120
    0.0094     -7.0800
    0.0114     -7.0480
    0.0174     -7.0160
    0.0172     -6.9840
    0.0099     -6.9520
    0.0047     -6.9200
    0.0039     -6.8880
    0.0047     -6.8560
    0.0073     -6.8240
    0.0129     -6.7920
    0.0187     -6.7600
    0.0220     -6.7280
    0.0230     -6.6960
    0.0182     -6.6640
    0.0125     -6.6320
    0.0159     -6.6000
    0.0233     -6.5680
    0.0272     -6.5360
    0.0355     -6.5040
    0.0503     -6.4720
    0.0571     -6.4400
    0.0452     -6.4080
    0.0301     -6.3760
    0.0307     -6.3440
    0.0402     -6.3120
    0.0442     -6.2800
    0.0478     -6.2480
    0.0623     -6.2160
    0.0758     -6.1840
    0.0666     -6.1520
    0.0540     -6.1200
    0.0615     -6.0880
    0.0685     -6.0560
    0.0631     -6.0240
    0.0578     -5.9920
    0.0565     -5.9600
    0.0548     -5.9280
    0.0523     -5.8960
    0.0572     -5.8640
    0.0681     -5.8320
    0.0796     -5.8000
    0.0882     -5.7680
    0.0933     -5.7360
    0.0914     -5.7040
    0.0847     -5.6720
    0.0951     -5.6400
    0.1328     -5.6080
    0.1634     -5.5760
    0.1538     -5.5440
    0.1497     -5.5120
    0.1703     -5.4800
    0.1665     -5.4480
    0.1384     -5.4160
    0.1214     -5.3840
    0.1347     -5.3520
    0.1602     -5.3200
    0.1713     -5.2880
    0.1526     -5.2560
    0.1256     -5.2240
    0.1141     -5.1920
    0.1063     -5.1600
    0.0951     -5.1280
    0.0972     -5.0960
    0.1182     -5.0640
    0.1361     -5.0320
    0.1395     -5.0000
    0.1361     -4.9680
    0.1250     -4.9360
    0.1081     -4.9040
    0.1024     -4.8720
    0.1015     -4.8400
    0.1023     -4.8080
    0.1136     -4.7760
    0.1250     -4.7440
    0.1209     -4.7120
    0.0968     -4.6800
    0.0735     -4.6480
    0.0700     -4.6160
    0.0716     -4.5840
    0.0654     -4.5520
    0.0658     -4.5200
    0.0792     -4.4880
    0.0921     -4.4560
    0.0942     -4.4240
    0.0924     -4.3920
    0.0910     -4.3600
    0.0923     -4.3280
    0.0947     -4.2960
    0.0876     -4.2640
    0.0795     -4.2320
    0.0784     -4.2000
    0.0777     -4.1680
    0.0768     -4.1360
    0.0830     -4.1040
    0.0940     -4.0720
    0.1083     -4.0400
    0.1264     -4.0080
    0.1411     -3.9760
    0.1473     -3.9440
    0.1412     -3.9120
    0.1206     -3.8800
    0.0970     -3.8480
    0.0876     -3.8160
    0.0983     -3.7840
    0.1162     -3.7520
    0.1275     -3.7200
    0.1286     -3.6880
    0.1297     -3.6560
    0.1374     -3.6240
    0.1596     -3.5920
    0.1886     -3.5600
    0.1920     -3.5280
    0.1743     -3.4960
    0.1504     -3.4640
    0.1316     -3.4320
    0.1327     -3.4000
    0.1327     -3.3680
    0.1241     -3.3360
    0.1364     -3.3040
    0.1716     -3.2720
    0.1926     -3.2400
    0.1915     -3.2080
    0.1798     -3.1760
    0.1517     -3.1440
    0.1205     -3.1120
    0.1156     -3.0800
    0.1362     -3.0480
    0.1521     -3.0160
    0.1442     -2.9840
    0.1222     -2.9520
    0.1145     -2.9200
    0.1211     -2.8880
    0.1144     -2.8560
    0.0921     -2.8240
    0.0752     -2.7920
    0.0838     -2.7600
    0.1007     -2.7280
    0.0999     -2.6960
    0.0942     -2.6640
    0.0961     -2.6320
    0.0993     -2.6000
    0.0934     -2.5680
    0.0808     -2.5360
    0.0799     -2.5040
    0.0889     -2.4720
    0.0942     -2.4400
    0.0939     -2.4080
    0.0847     -2.3760
    0.0703     -2.3440
    0.0559     -2.3120
    0.0475     -2.2800
    0.0498     -2.2480
    0.0576     -2.2160
    0.0618     -2.1840
    0.0618     -2.1520
    0.0590     -2.1200
    0.0533     -2.0880
    0.0508     -2.0560
    0.0507     -2.0240
    0.0498     -1.9920
    0.0479     -1.9600
    0.0438     -1.9280
    0.0402     -1.8960
    0.0442     -1.8640
    0.0483     -1.8320
    0.0460     -1.8000
    0.0393     -1.7680
    0.0315     -1.7360
    0.0280     -1.7040
    0.0335     -1.6720
    0.0426     -1.6400
    0.0405     -1.6080
    0.0285     -1.5760
    0.0310     -1.5440
    0.0569     -1.5120
    0.0729     -1.4800
    0.0574     -1.4480
    0.0411     -1.4160
    0.0412     -1.3840
    0.0452     -1.3520
    0.0623     -1.3200
    0.0942     -1.2880
    0.0883     -1.2560
    0.0512     -1.2240
    0.0367     -1.1920
    0.0489     -1.1600
    0.0898     -1.1280
    0.1449     -1.0960
    0.1793     -1.0640
    0.1807     -1.0320
    0.1607     -1.0000
    0.1644     -0.9680
    0.2234     -0.9360
    0.2754     -0.9040
    0.2738     -0.8720
    0.2938     -0.8400
    0.3956     -0.8080
    0.5295     -0.7760
    0.5745     -0.7440
    0.5167     -0.7120
    0.4230     -0.6800
    0.3058     -0.6480
    0.2222     -0.6160
    0.2586     -0.5840
    0.4459     -0.5520
    0.6161     -0.5200
    0.5903     -0.4880
    0.4503     -0.4560
    0.3965     -0.4240
    0.4865     -0.3920
    0.5560     -0.3600
    0.4765     -0.3280
    0.3564     -0.2960
    0.3150     -0.2640
    0.4113     -0.2320
    0.5540     -0.2000
    0.6615     -0.1680
    0.7452     -0.1360
    0.7979     -0.1040
    0.8667     -0.0720
    0.8194     -0.0400
    0.5576     -0.0080
    0.3189      0.0240
    0.3036      0.0560
    0.3749      0.0880
    0.3960      0.1200
    0.3879      0.1520
    0.3796      0.1840
    0.3547      0.2160
    0.2695      0.2480
    0.1825      0.2800
    0.1636      0.3120
    0.2133      0.3440
    0.2560      0.3760
    0.1898      0.4080
    0.1139      0.4400
    0.1447      0.4720
    0.2189      0.5040
    0.2481      0.5360
    0.2111      0.5680
    0.1784      0.6000
    0.2109      0.6320
    0.2659      0.6640
    0.2515      0.6960
    0.1987      0.7280
    0.1890      0.7600
    0.2063      0.7920
    0.2198      0.8240
    0.2310      0.8560
    0.2794      0.8880
    0.3222      0.9200
    0.2651      0.9520
    0.1902      0.9840
    0.1921      1.0160
    0.2436      1.0480
    0.2344      1.0800
    0.1632      1.1120
    0.1649      1.1440
    0.3122      1.1760
    0.4940      1.2080
    0.5140      1.2400
    0.4609      1.2720
    0.4828      1.3040
    0.5611      1.3360
    0.6244      1.3680
    0.6159      1.4000
    0.5381      1.4320
    0.3583      1.4640
    0.2063      1.4960
    0.2179      1.5280
    0.3550      1.5600
    0.4047      1.5920
    0.3714      1.6240
    0.4475      1.6560
    0.5003      1.6880
    0.3892      1.7200
    0.2793      1.7520
    0.2680      1.7840
    0.2349      1.8160
    0.1724      1.8480
    0.1322      1.8800
    0.1382      1.9120
    0.2053      1.9440
    0.2578      1.9760
