    0.4056     -8.0000
    0.4451     -7.9800
    0.6132     -7.9600
    0.8346     -7.9400
    1.0041     -7.9200
    1.1025     -7.9000
    1.1963     -7.8800
    1.3371     -7.8600
    1.4455     -7.8400
    1.3432     -7.8200
    0.9813     -7.8000
    0.5433     -7.7800
    0.2474     -7.7600
    0.1759     -7.7400
    0.3177     -7.7200
    0.6270     -7.7000
    0.9895     -7.6800
    1.2368     -7.6600
    1.2857     -7.6400
    1.2630     -7.6200
    1.4155     -7.6000
    1.8274     -7.5800
    2.2838     -7.5600
    2.5110     -7.5400
    2.4577     -7.5200
    2.2614     -7.5000
    2.0630     -7.4800
    1.8812     -7.4600
    1.6264     -7.4400
    1.3090     -7.4200
    1.1359     -7.4000
    1.2334     -7.3800
    1.4233     -7.3600
    1.4710     -7.3400
    1.4173     -7.3200
    1.4407     -7.3000
    1.5351     -7.2800
    1.5919     -7.2600
    1.6599     -7.2400
    1.8558     -7.2200
    2.1612     -7.2000
    2.5297     -7.1800
    2.9916     -7.1600
    3.4464     -7.1400
    3.5847     -7.1200
    3.2402     -7.1000
    2.6892     -7.0800
    2.5148     -7.0600
    3.3602     -7.0400
    5.8137     -7.0200
    9.9245     -7.0000
   14.2097     -6.9800
   15.9012     -6.9600
   13.5621     -6.9400
    8.9358     -6.9200
    5.0858     -6.9000
    3.5167     -6.8800
    3.7631     -6.8600
    4.7565     -6.8400
    5.8493     -6.8200
    6.8138     -6.8000
    7.3919     -6.7800
    7.2645     -6.7600
    6.4081     -6.7400
    5.1160     -6.7200
    3.7486     -6.7000
    2.6704     -6.6800
    2.1672     -6.6600
    2.2597     -6.6400
    2.7732     -6.6200
    3.5925     -6.6000
    4.6871     -6.5800
    5.9102     -6.5600
    6.9765     -6.5400
    7.7609     -6.5200
    8.5177     -6.5000
    9.5843     -6.4800
   10.8689     -6.4600
   11.8967     -6.4400
   12.3388     -6.4200
   12.2360     -6.4000
   11.7777     -6.3800
   11.1211     -6.3600
   10.4568     -6.3400
   10.0702     -6.3200
   10.1500     -6.3000
   10.6189     -6.2800
   11.4029     -6.2600
   12.7347     -6.2400
   14.7784     -6.2200
   16.9616     -6.2000
   18.1409     -6.1800
   17.6574     -6.1600
   15.9892     -6.1400
   14.2694     -6.1200
   13.4132     -6.1000
   13.6539     -6.0800
   14.5552     -6.0600
   15.4374     -6.0400
   16.0332     -6.0200
   16.6992     -6.0000
   17.8016     -5.9800
   19.0945     -5.9600
   19.9454     -5.9400
   20.0080     -5.9200
   19.5956     -5.9000
   19.4666     -5.8800
   20.1758     -5.8600
   21.7036     -5.8400
   23.6696     -5.8200
   25.6331     -5.8000
   27.3060     -5.7800
   28.6426     -5.7600
   29.5786     -5.7400
   29.8891     -5.7200
   29.4609     -5.7000
   28.4238     -5.6800
   27.0530     -5.6600
   25.6534     -5.6400
   24.4055     -5.6200
   23.3775     -5.6000
   22.5514     -5.5800
   21.7571     -5.5600
   21.1348     -5.5400
   21.4852     -5.5200
   23.2932     -5.5000
   25.7691     -5.4800
   27.6351     -5.4600
   28.3208     -5.4400
   27.7479     -5.4200
   25.8515     -5.4000
   23.1822     -5.3800
   21.1770     -5.3600
   21.0818     -5.3400
   22.7361     -5.3200
   24.4284     -5.3000
   24.2269     -5.2800
   21.8659     -5.2600
   18.9001     -5.2400
   16.8431     -5.2200
   15.9357     -5.2000
   15.7738     -5.1800
   16.1378     -5.1600
   17.0116     -5.1400
   18.4858     -5.1200
   20.6525     -5.1000
   23.2683     -5.0800
   25.8627     -5.0600
   28.1748     -5.0400
   30.0519     -5.0200
   31.2206     -5.0000
   31.5117     -4.9800
   30.9990     -4.9600
   29.7984     -4.9400
   28.1425     -4.9200
   26.6494     -4.9000
   25.9133     -4.8800
   25.8415     -4.8600
   26.0094     -4.8400
   26.6055     -4.8200
   28.3679     -4.8000
   31.4719     -4.7800
   35.0218     -4.7600
   37.7128     -4.7400
   38.5159     -4.7200
   36.8854     -4.7000
   33.0837     -4.6800
   28.4623     -4.6600
   24.9047     -4.6400
   23.5979     -4.6200
   24.1621     -4.6000
   24.9895     -4.5800
   24.6742     -4.5600
   23.2723     -4.5400
   22.0897     -4.5200
   22.3203     -4.5000
   24.2114     -4.4800
   27.2736     -4.4600
   30.6102     -4.4400
   33.1911     -4.4200
   34.5041     -4.4000
   34.9420     -4.3800
   35.2537     -4.3600
   36.0255     -4.3400
   37.7754     -4.3200
   40.4108     -4.3000
   42.4852     -4.2800
   42.5379     -4.2600
   41.1156     -4.2400
   40.0457     -4.2200
   40.2133     -4.2000
   41.1813     -4.1800
   42.3399     -4.1600
   43.6039     -4.1400
   45.2158     -4.1200
   47.2784     -4.1000
   49.5115     -4.0800
   51.2167     -4.0600
   51.6151     -4.0400
   50.6353     -4.0200
   49.2649     -4.0000
   48.7498     -3.9800
   49.4109     -3.9600
   50.3751     -3.9400
   50.3723     -3.9200
   48.7607     -3.9000
   45.9500     -3.8800
   42.9706     -3.8600
   40.7460     -3.8400
   39.7700     -3.8200
   40.0874     -3.8000
   41.2775     -3.7800
   42.6522     -3.7600
   43.5185     -3.7400
   43.2926     -3.7200
   41.8568     -3.7000
   39.8088     -3.6800
   37.8362     -3.6600
   35.9334     -3.6400
   33.7361     -3.6200
   31.5828     -3.6000
   30.7095     -3.5800
   32.0843     -3.5600
   35.1603     -3.5400
   37.9844     -3.5200
   38.5871     -3.5000
   36.3186     -3.4800
   32.2238     -3.4600
   28.4457     -3.4400
   26.8536     -3.4200
   27.7988     -3.4000
   30.2400     -3.3800
   32.9618     -3.3600
   35.3868     -3.3400
   37.3849     -3.3200
   38.9677     -3.3000
   40.4144     -3.2800
   42.1598     -3.2600
   44.2453     -3.2400
   46.1248     -3.2200
   47.0591     -3.2000
   46.4336     -3.1800
   43.9803     -3.1600
   40.2864     -3.1400
   36.7587     -3.1200
   34.5966     -3.1000
   34.1198     -3.0800
   34.9970     -3.0600
   36.4579     -3.0400
   37.4041     -3.0200
   36.9505     -3.0000
   35.0199     -2.9800
   32.4583     -2.9600
   30.6985     -2.9400
   30.9351     -2.9200
   33.2210     -2.9000
   36.4373     -2.8800
   39.1073     -2.8600
   40.0957     -2.8400
   39.0173     -2.8200
   36.8132     -2.8000
   35.5725     -2.7800
   36.6769     -2.7600
   39.3202     -2.7400
   41.5902     -2.7200
   42.6209     -2.7000
   43.0312     -2.6800
   43.5677     -2.6600
   44.2428     -2.6400
   44.8700     -2.6200
   45.4474     -2.6000
   45.7028     -2.5800
   44.9541     -2.5600
   42.8608     -2.5400
   40.3223     -2.5200
   39.2186     -2.5000
   40.5536     -2.4800
   43.0569     -2.4600
   44.4693     -2.4400
   43.8443     -2.4200
   41.8280     -2.4000
   39.4640     -2.3800
   37.5817     -2.3600
   36.6592     -2.3400
   36.5753     -2.3200
   36.6832     -2.3000
   36.3849     -2.2800
   35.7038     -2.2600
   35.2574     -2.2400
   35.5849     -2.2200
   36.5947     -2.2000
   37.8825     -2.1800
   39.5017     -2.1600
   41.8813     -2.1400
   44.8902     -2.1200
   47.7234     -2.1000
   49.9301     -2.0800
   51.8294     -2.0600
   53.7632     -2.0400
   55.5449     -2.0200
   56.6952     -2.0000
   56.9188     -1.9800
   56.2564     -1.9600
   54.5738     -1.9400
   51.1970     -1.9200
   46.0445     -1.9000
   40.8009     -1.8800
   37.4234     -1.8600
   35.8486     -1.8400
   34.6562     -1.8200
   33.1950     -1.8000
   31.6433     -1.7800
   29.9362     -1.7600
   27.8699     -1.7400
   25.6061     -1.7200
   23.4150     -1.7000
   21.3144     -1.6800
   19.0653     -1.6600
   16.3369     -1.6400
   13.1290     -1.6200
   10.0169     -1.6000
    7.6431     -1.5800
    6.1934     -1.5600
    5.5906     -1.5400
    5.8034     -1.5200
    6.6487     -1.5000
    7.4938     -1.4800
    7.5549     -1.4600
    6.6264     -1.4400
    5.3151     -1.4200
    4.4441     -1.4000
    4.3057     -1.3800
    4.5141     -1.3600
    4.5870     -1.3400
    4.6025     -1.3200
    4.9935     -1.3000
    5.6762     -1.2800
    5.8851     -1.2600
    5.1164     -1.2400
    3.8122     -1.2200
    2.7854     -1.2000
    2.3377     -1.1800
    2.3395     -1.1600
    2.8323     -1.1400
    3.9653     -1.1200
    5.3934     -1.1000
    6.3348     -1.0800
    6.4280     -1.0600
    6.0594     -1.0400
    5.6798     -1.0200
    5.3184     -1.0000
    4.8943     -0.9800
    4.5009     -0.9600
    4.2773     -0.9400
    4.3214     -0.9200
    4.7057     -0.9000
    5.3416     -0.8800
    5.8949     -0.8600
    6.0734     -0.8400
    5.9324     -0.8200
    5.6709     -0.8000
    5.3464     -0.7800
    5.0713     -0.7600
    5.1208     -0.7400
    5.5192     -0.7200
    5.9279     -0.7000
    6.1369     -0.6800
    6.1888     -0.6600
    6.0688     -0.6400
    5.7269     -0.6200
    5.1759     -0.6000
    4.4505     -0.5800
    3.8518     -0.5600
    3.9867     -0.5400
    5.0633     -0.5200
    6.4270     -0.5000
    7.1764     -0.4800
    6.9806     -0.4600
    6.0777     -0.4400
    4.8416     -0.4200
    3.6308     -0.4000
    2.8013     -0.3800
    2.6033     -0.3600
    3.0391     -0.3400
    3.7795     -0.3200
    4.3296     -0.3000
    4.5385     -0.2800
    4.7771     -0.2600
    5.3350     -0.2400
    5.9996     -0.2200
    6.4634     -0.2000
    6.6704     -0.1800
    6.6538     -0.1600
    6.4502     -0.1400
    6.1637     -0.1200
    5.9197     -0.1000
    5.8223     -0.0800
    5.9340     -0.0600
    6.1204     -0.0400
    5.9977     -0.0200
    5.3163      0.0000
    4.3839      0.0200
    3.8055      0.0400
    3.8058      0.0600
    4.1123      0.0800
    4.4590      0.1000
    4.8567      0.1200
    5.3023      0.1400
    5.5510      0.1600
    5.4430      0.1800
    5.1808      0.2000
    4.9798      0.2200
    4.7963      0.2400
    4.5958      0.2600
    4.4951      0.2800
    4.5731      0.3000
    4.7510      0.3200
    4.7802      0.3400
    4.3828      0.3600
    3.5749      0.3800
    2.7928      0.4000
    2.6400      0.4200
    3.4857      0.4400
    5.1437      0.4600
    6.8353      0.4800
    7.6390      0.5000
    7.2399      0.5200
    6.2405      0.5400
    5.5131      0.5600
    5.2814      0.5800
    5.0882      0.6000
    4.5597      0.6200
    3.8757      0.6400
    3.5425      0.6600
    3.9523      0.6800
    5.0805      0.7000
    6.4299      0.7200
    7.3448      0.7400
    7.4885      0.7600
    7.0397      0.7800
    6.5270      0.8000
    6.5142      0.8200
    7.2138      0.8400
    8.1537      0.8600
    8.3949      0.8800
    7.4432      0.9000
    5.8630      0.9200
    4.6209      0.9400
    3.9778      0.9600
    3.4898      0.9800
    2.9428      1.0000
    2.7656      1.0200
    3.4560      1.0400
    4.8935      1.0600
    6.3434      1.0800
    7.0736      1.1000
    6.9201      1.1200
    6.2416      1.1400
    5.4616      1.1600
    4.8257      1.1800
    4.4066      1.2000
    4.0998      1.2200
    3.7413      1.2400
    3.3020      1.2600
    2.9009      1.2800
    2.6553      1.3000
    2.5130      1.3200
    2.3144      1.3400
    2.0972      1.3600
    2.1717      1.3800
    2.8336      1.4000
    4.0797      1.4200
    5.4610      1.4400
    6.2037      1.4600
    5.8641      1.4800
    4.9062      1.5000
    4.2111      1.5200
    4.1178      1.5400
    4.3687      1.5600
    4.7354      1.5800
    5.1846      1.6000
    5.5412      1.6200
    5.4720      1.6400
    4.9485      1.6600
    4.4072      1.6800
    4.2116      1.7000
    4.1935      1.7200
    3.9946      1.7400
    3.7099      1.7600
    3.8893      1.7800
    4.8373      1.8000
    6.1295      1.8200
    6.9371      1.8400
    6.7037      1.8600
    5.5503      1.8800
    4.2254      1.9000
    3.5386      1.9200
    3.6114      1.9400
    3.7885      1.9600
    3.4065      1.9800
    2.5178      2.0000
