    0.0000     -8.0000
    0.0000     -7.9810
    0.0000     -7.9620
    0.0000     -7.9430
    0.0000     -7.9240
    0.0000     -7.9050
    0.0000     -7.8860
    0.0000     -7.8670
    0.0000     -7.8480
    0.0000     -7.8290
    0.0000     -7.8100
    0.0000     -7.7910
    0.0000     -7.7720
    0.0000     -7.7530
    0.0000     -7.7340
    0.0002     -7.7150
    0.0024     -7.6960
    0.0180     -7.6770
    0.1000     -7.6580
    0.4180     -7.6390
    1.3134     -7.6200
    3.1005     -7.6010
    5.4983     -7.5820
    7.3237     -7.5630
    7.3263     -7.5440
    5.5035     -7.5250
    3.1041     -7.5060
    1.3144     -7.4870
    0.4178     -7.4680
    0.0997     -7.4490
    0.0178     -7.4300
    0.0024     -7.4110
    0.0002     -7.3920
    0.0000     -7.3730
    0.0000     -7.3540
    0.0000     -7.3350
    0.0000     -7.3160
    0.0000     -7.2970
    0.0000     -7.2780
    0.0000     -7.2590
    0.0000     -7.2400
    0.0000     -7.2210
    0.0000     -7.2020
    0.0000     -7.1830
    0.0001     -7.1640
    0.0005     -7.1450
    0.0014     -7.1260
    0.0036     -7.1070
    0.0075     -7.0880
    0.0132     -7.0690
    0.0191     -7.0500
    0.0225     -7.0310
    0.0217     -7.0120
    0.0184     -6.9930
    0.0167     -6.9740
    0.0185     -6.9550
    0.0217     -6.9360
    0.0230     -6.9170
    0.0209     -6.8980
    0.0159     -6.8790
    0.0103     -6.8600
    0.0066     -6.8410
    0.0068     -6.8220
    0.0109     -6.8030
    0.0164     -6.7840
    0.0194     -6.7650
    0.0178     -6.7460
    0.0133     -6.7270
    0.0094     -6.7080
    0.0072     -6.6890
    0.0056     -6.6700
    0.0039     -6.6510
    0.0025     -6.6320
    0.0023     -6.6130
    0.0035     -6.5940
    0.0058     -6.5750
    0.0081     -6.5560
    0.0093     -6.5370
    0.0086     -6.5180
    0.0063     -6.4990
    0.0038     -6.4800
    0.0022     -6.4610
    0.0019     -6.4420
    0.0023     -6.4230
    0.0027     -6.4040
    0.0025     -6.3850
    0.0019     -6.3660
    0.0018     -6.3470
    0.0025     -6.3280
    0.0040     -6.3090
    0.0056     -6.2900
    0.0066     -6.2710
    0.0069     -6.2520
    0.0064     -6.2330
    0.0057     -6.2140
    0.0051     -6.1950
    0.0049     -6.1760
    0.0047     -6.1570
    0.0045     -6.1380
    0.0043     -6.1190
    0.0044     -6.1000
    0.0048     -6.0810
    0.0053     -6.0620
    0.0055     -6.0430
    0.0054     -6.0240
    0.0050     -6.0050
    0.0049     -5.9860
    0.0055     -5.9670
    0.0065     -5.9480
    0.0075     -5.9290
    0.0082     -5.9100
    0.0087     -5.8910
    0.0092     -5.8720
    0.0099     -5.8530
    0.0113     -5.8340
    0.0132     -5.8150
    0.0150     -5.7960
    0.0162     -5.7770
    0.0168     -5.7580
    0.0170     -5.7390
    0.0168     -5.7200
    0.0159     -5.7010
    0.0150     -5.6820
    0.0148     -5.6630
    0.0156     -5.6440
    0.0170     -5.6250
    0.0181     -5.6060
    0.0184     -5.5870
    0.0178     -5.5680
    0.0166     -5.5490
    0.0153     -5.5300
    0.0146     -5.5110
    0.0154     -5.4920
    0.0188     -5.4730
    0.0251     -5.4540
    0.0332     -5.4350
    0.0412     -5.4160
    0.0483     -5.3970
    0.0549     -5.3780
    0.0611     -5.3590
    0.0655     -5.3400
    0.0675     -5.3210
    0.0699     -5.3020
    0.0774     -5.2830
    0.0927     -5.2640
    0.1159     -5.2450
    0.1461     -5.2260
    0.1828     -5.2070
    0.2290     -5.1880
    0.2918     -5.1690
    0.3736     -5.1500
    0.4603     -5.1310
    0.5287     -5.1120
    0.5713     -5.0930
    0.6045     -5.0740
    0.6492     -5.0550
    0.7180     -5.0360
    0.8216     -5.0170
    0.9655     -4.9980
    1.1337     -4.9790
    1.3091     -4.9600
    1.5179     -4.9410
    1.8146     -4.9220
    2.1826     -4.9030
    2.4718     -4.8840
    2.4932     -4.8650
    2.1910     -4.8460
    1.6926     -4.8270
    1.1903     -4.8080
    0.8088     -4.7890
    0.5736     -4.7700
    0.4576     -4.7510
    0.4241     -4.7320
    0.4316     -4.7130
    0.4332     -4.6940
    0.3967     -4.6750
    0.3261     -4.6560
    0.2520     -4.6370
    0.2012     -4.6180
    0.1782     -4.5990
    0.1705     -4.5800
    0.1662     -4.5610
    0.1627     -4.5420
    0.1610     -4.5230
    0.1573     -4.5040
    0.1450     -4.4850
    0.1243     -4.4660
    0.1035     -4.4470
    0.0912     -4.4280
    0.0881     -4.4090
    0.0896     -4.3900
    0.0933     -4.3710
    0.0996     -4.3520
    0.1082     -4.3330
    0.1151     -4.3140
    0.1157     -4.2950
    0.1082     -4.2760
    0.0944     -4.2570
    0.0789     -4.2380
    0.0670     -4.2190
    0.0617     -4.2000
    0.0620     -4.1810
    0.0637     -4.1620
    0.0634     -4.1430
    0.0610     -4.1240
    0.0591     -4.1050
    0.0600     -4.0860
    0.0639     -4.0670
    0.0685     -4.0480
    0.0704     -4.0290
    0.0674     -4.0100
    0.0604     -3.9910
    0.0531     -3.9720
    0.0488     -3.9530
    0.0478     -3.9340
    0.0485     -3.9150
    0.0491     -3.8960
    0.0485     -3.8770
    0.0473     -3.8580
    0.0468     -3.8390
    0.0476     -3.8200
    0.0492     -3.8010
    0.0503     -3.7820
    0.0500     -3.7630
    0.0488     -3.7440
    0.0474     -3.7250
    0.0474     -3.7060
    0.0504     -3.6870
    0.0574     -3.6680
    0.0669     -3.6490
    0.0748     -3.6300
    0.0768     -3.6110
    0.0716     -3.5920
    0.0622     -3.5730
    0.0528     -3.5540
    0.0455     -3.5350
    0.0409     -3.5160
    0.0384     -3.4970
    0.0368     -3.4780
    0.0348     -3.4590
    0.0319     -3.4400
    0.0291     -3.4210
    0.0279     -3.4020
    0.0288     -3.3830
    0.0315     -3.3640
    0.0348     -3.3450
    0.0371     -3.3260
    0.0377     -3.3070
    0.0362     -3.2880
    0.0330     -3.2690
    0.0286     -3.2500
    0.0238     -3.2310
    0.0196     -3.2120
    0.0167     -3.1930
    0.0151     -3.1740
    0.0137     -3.1550
    0.0121     -3.1360
    0.0107     -3.1170
    0.0105     -3.0980
    0.0115     -3.0790
    0.0132     -3.0600
    0.0147     -3.0410
    0.0153     -3.0220
    0.0150     -3.0030
    0.0139     -2.9840
    0.0126     -2.9650
    0.0111     -2.9460
    0.0095     -2.9270
    0.0081     -2.9080
    0.0068     -2.8890
    0.0055     -2.8700
    0.0042     -2.8510
    0.0036     -2.8320
    0.0042     -2.8130
    0.0065     -2.7940
    0.0096     -2.7750
    0.0120     -2.7560
    0.0122     -2.7370
    0.0105     -2.7180
    0.0083     -2.6990
    0.0063     -2.6800
    0.0047     -2.6610
    0.0033     -2.6420
    0.0025     -2.6230
    0.0022     -2.6040
    0.0020     -2.5850
    0.0018     -2.5660
    0.0017     -2.5470
    0.0019     -2.5280
    0.0023     -2.5090
    0.0024     -2.4900
    0.0025     -2.4710
    0.0030     -2.4520
    0.0042     -2.4330
    0.0058     -2.4140
    0.0071     -2.3950
    0.0080     -2.3760
    0.0085     -2.3570
    0.0085     -2.3380
    0.0078     -2.3190
    0.0069     -2.3000
    0.0068     -2.2810
    0.0074     -2.2620
    0.0078     -2.2430
    0.0072     -2.2240
    0.0054     -2.2050
    0.0033     -2.1860
    0.0018     -2.1670
    0.0014     -2.1480
    0.0018     -2.1290
    0.0025     -2.1100
    0.0029     -2.0910
    0.0030     -2.0720
    0.0028     -2.0530
    0.0030     -2.0340
    0.0036     -2.0150
    0.0044     -1.9960
    0.0052     -1.9770
    0.0056     -1.9580
    0.0057     -1.9390
    0.0056     -1.9200
    0.0054     -1.9010
    0.0056     -1.8820
    0.0064     -1.8630
    0.0074     -1.8440
    0.0081     -1.8250
    0.0083     -1.8060
    0.0076     -1.7870
    0.0064     -1.7680
    0.0050     -1.7490
    0.0044     -1.7300
    0.0047     -1.7110
    0.0058     -1.6920
    0.0069     -1.6730
    0.0076     -1.6540
    0.0077     -1.6350
    0.0077     -1.6160
    0.0079     -1.5970
    0.0080     -1.5780
    0.0071     -1.5590
    0.0053     -1.5400
    0.0031     -1.5210
    0.0015     -1.5020
    0.0009     -1.4830
    0.0012     -1.4640
    0.0021     -1.4450
    0.0035     -1.4260
    0.0049     -1.4070
    0.0064     -1.3880
    0.0079     -1.3690
    0.0091     -1.3500
    0.0099     -1.3310
    0.0099     -1.3120
    0.0093     -1.2930
    0.0081     -1.2740
    0.0069     -1.2550
    0.0064     -1.2360
    0.0066     -1.2170
    0.0071     -1.1980
    0.0076     -1.1790
    0.0076     -1.1600
    0.0072     -1.1410
    0.0065     -1.1220
    0.0057     -1.1030
    0.0051     -1.0840
    0.0050     -1.0650
    0.0059     -1.0460
    0.0076     -1.0270
    0.0093     -1.0080
    0.0100     -0.9890
    0.0096     -0.9700
    0.0089     -0.9510
    0.0096     -0.9320
    0.0123     -0.9130
    0.0163     -0.8940
    0.0208     -0.8750
    0.0250     -0.8560
    0.0295     -0.8370
    0.0355     -0.8180
    0.0442     -0.7990
    0.0551     -0.7800
    0.0659     -0.7610
    0.0741     -0.7420
    0.0782     -0.7230
    0.0782     -0.7040
    0.0751     -0.6850
    0.0712     -0.6660
    0.0687     -0.6470
    0.0684     -0.6280
    0.0680     -0.6090
    0.0643     -0.5900
    0.0575     -0.5710
    0.0519     -0.5520
    0.0517     -0.5330
    0.0561     -0.5140
    0.0603     -0.4950
    0.0613     -0.4760
    0.0598     -0.4570
    0.0592     -0.4380
    0.0610     -0.4190
    0.0633     -0.4000
    0.0628     -0.3810
    0.0591     -0.3620
    0.0550     -0.3430
    0.0527     -0.3240
    0.0520     -0.3050
    0.0514     -0.2860
    0.0506     -0.2670
    0.0502     -0.2480
    0.0502     -0.2290
    0.0493     -0.2100
    0.0458     -0.1910
    0.0392     -0.1720
    0.0312     -0.1530
    0.0242     -0.1340
    0.0195     -0.1150
    0.0171     -0.0960
    0.0158     -0.0770
    0.0149     -0.0580
    0.0144     -0.0390
    0.0147     -0.0200
    0.0159     -0.0010
    0.0173      0.0180
    0.0188      0.0370
    0.0215      0.0560
    0.0264      0.0750
    0.0329      0.0940
    0.0391      0.1130
    0.0431      0.1320
    0.0442      0.1510
    0.0420      0.1700
    0.0362      0.1890
    0.0280      0.2080
    0.0204      0.2270
    0.0164      0.2460
    0.0172      0.2650
    0.0224      0.2840
    0.0302      0.3030
    0.0369      0.3220
    0.0382      0.3410
    0.0323      0.3600
    0.0225      0.3790
    0.0136      0.3980
    0.0087      0.4170
    0.0080      0.4360
    0.0123      0.4550
    0.0226      0.4740
    0.0371      0.4930
    0.0497      0.5120
    0.0538      0.5310
    0.0490      0.5500
    0.0409      0.5690
    0.0354      0.5880
    0.0336      0.6070
    0.0328      0.6260
    0.0317      0.6450
    0.0317      0.6640
    0.0353      0.6830
    0.0414      0.7020
    0.0455      0.7210
    0.0434      0.7400
    0.0358      0.7590
    0.0273      0.7780
    0.0223      0.7970
    0.0221      0.8160
    0.0252      0.8350
    0.0290      0.8540
    0.0305      0.8730
    0.0281      0.8920
    0.0242      0.9110
    0.0234      0.9300
    0.0272      0.9490
    0.0314      0.9680
    0.0311      0.9870
    0.0264      1.0060
    0.0230      1.0250
    0.0255      1.0440
    0.0331      1.0630
    0.0403      1.0820
    0.0423      1.1010
    0.0391      1.1200
    0.0343      1.1390
    0.0308      1.1580
    0.0285      1.1770
    0.0255      1.1960
    0.0209      1.2150
    0.0169      1.2340
    0.0159      1.2530
    0.0189      1.2720
    0.0249      1.2910
    0.0312      1.3100
    0.0356      1.3290
    0.0381      1.3480
    0.0408      1.3670
    0.0454      1.3860
    0.0505      1.4050
    0.0527      1.4240
    0.0506      1.4430
    0.0460      1.4620
    0.0419      1.4810
    0.0388      1.5000
    0.0355      1.5190
    0.0309      1.5380
    0.0257      1.5570
    0.0218      1.5760
    0.0204      1.5950
    0.0213      1.6140
    0.0241      1.6330
    0.0291      1.6520
    0.0350      1.6710
    0.0392      1.6900
    0.0393      1.7090
    0.0352      1.7280
    0.0297      1.7470
    0.0258      1.7660
    0.0253      1.7850
    0.0281      1.8040
    0.0327      1.8230
    0.0356      1.8420
    0.0339      1.8610
    0.0284      1.8800
    0.0224      1.8990
    0.0193      1.9180
    0.0198      1.9370
    0.0216      1.9560
    0.0226      1.9750
    0.0231      1.9940
