    0.0117     -7.9880
    0.0080     -7.9700
    0.0077     -7.9520
    0.0125     -7.9340
    0.0223     -7.9160
    0.0343     -7.8980
    0.0422     -7.8800
    0.0407     -7.8620
    0.0311     -7.8440
    0.0200     -7.8260
    0.0133     -7.8080
    0.0132     -7.7900
    0.0193     -7.7720
    0.0290     -7.7540
    0.0372     -7.7360
    0.0383     -7.7180
    0.0309     -7.7000
    0.0195     -7.6820
    0.0101     -7.6640
    0.0058     -7.6460
    0.0065     -7.6280
    0.0122     -7.6100
    0.0233     -7.5920
    0.0402     -7.5740
    0.0588     -7.5560
    0.0705     -7.5380
    0.0685     -7.5200
    0.0571     -7.5020
    0.0505     -7.4840
    0.0608     -7.4660
    0.0873     -7.4480
    0.1162     -7.4300
    0.1310     -7.4120
    0.1242     -7.3940
    0.1008     -7.3760
    0.0733     -7.3580
    0.0551     -7.3400
    0.0559     -7.3220
    0.0764     -7.3040
    0.1035     -7.2860
    0.1169     -7.2680
    0.1059     -7.2500
    0.0792     -7.2320
    0.0544     -7.2140
    0.0411     -7.1960
    0.0376     -7.1780
    0.0392     -7.1600
    0.0435     -7.1420
    0.0468     -7.1240
    0.0442     -7.1060
    0.0347     -7.0880
    0.0238     -7.0700
    0.0204     -7.0520
    0.0319     -7.0340
    0.0620     -7.0160
    0.1057     -6.9980
    0.1456     -6.9800
    0.1605     -6.9620
    0.1436     -6.9440
    0.1104     -6.9260
    0.0841     -6.9080
    0.0759     -6.8900
    0.0816     -6.8720
    0.0895     -6.8540
    0.0886     -6.8360
    0.0745     -6.8180
    0.0528     -6.8000
    0.0355     -6.7820
    0.0320     -6.7640
    0.0440     -6.7460
    0.0659     -6.7280
    0.0888     -6.7100
    0.1032     -6.6920
    0.1024     -6.6740
    0.0857     -6.6560
    0.0602     -6.6380
    0.0365     -6.6200
    0.0227     -6.6020
    0.0212     -6.5840
    0.0311     -6.5660
    0.0485     -6.5480
    0.0675     -6.5300
    0.0834     -6.5120
    0.0984     -6.4940
    0.1176     -6.4760
    0.1368     -6.4580
    0.1420     -6.4400
    0.1256     -6.4220
    0.0968     -6.4040
    0.0737     -6.3860
    0.0675     -6.3680
    0.0772     -6.3500
    0.0929     -6.3320
    0.1052     -6.3140
    0.1127     -6.2960
    0.1189     -6.2780
    0.1228     -6.2600
    0.1186     -6.2420
    0.1084     -6.2240
    0.1061     -6.2060
    0.1238     -6.1880
    0.1571     -6.1700
    0.1908     -6.1520
    0.2126     -6.1340
    0.2149     -6.1160
    0.1932     -6.0980
    0.1547     -6.0800
    0.1284     -6.0620
    0.1520     -6.0440
    0.2453     -6.0260
    0.3902     -6.0080
    0.5395     -5.9900
    0.6497     -5.9720
    0.7041     -5.9540
    0.7004     -5.9360
    0.6344     -5.9180
    0.5164     -5.9000
    0.3918     -5.8820
    0.3272     -5.8640
    0.3772     -5.8460
    0.5621     -5.8280
    0.8564     -5.8100
    1.1812     -5.7920
    1.4191     -5.7740
    1.4686     -5.7560
    1.3182     -5.7380
    1.0696     -5.7200
    0.8577     -5.7020
    0.7327     -5.6840
    0.6447     -5.6660
    0.5419     -5.6480
    0.4380     -5.6300
    0.3758     -5.6120
    0.3764     -5.5940
    0.4481     -5.5760
    0.6114     -5.5580
    0.8950     -5.5400
    1.3084     -5.5220
    1.8114     -5.5040
    2.3020     -5.4860
    2.6594     -5.4680
    2.8222     -5.4500
    2.8112     -5.4320
    2.6753     -5.4140
    2.4327     -5.3960
    2.0844     -5.3780
    1.6792     -5.3600
    1.3307     -5.3420
    1.1327     -5.3240
    1.0714     -5.3060
    1.0465     -5.2880
    0.9754     -5.2700
    0.8611     -5.2520
    0.7633     -5.2340
    0.7183     -5.2160
    0.7007     -5.1980
    0.6616     -5.1800
    0.5855     -5.1620
    0.4960     -5.1440
    0.4174     -5.1260
    0.3534     -5.1080
    0.2995     -5.0900
    0.2613     -5.0720
    0.2542     -5.0540
    0.2884     -5.0360
    0.3520     -5.0180
    0.4085     -5.0000
    0.4236     -4.9820
    0.3972     -4.9640
    0.3652     -4.9460
    0.3702     -4.9280
    0.4245     -4.9100
    0.4929     -4.8920
    0.5193     -4.8740
    0.4836     -4.8560
    0.4288     -4.8380
    0.4188     -4.8200
    0.4735     -4.8020
    0.5549     -4.7840
    0.6103     -4.7660
    0.6191     -4.7480
    0.6008     -4.7300
    0.5853     -4.7120
    0.5858     -4.6940
    0.5961     -4.6760
    0.6071     -4.6580
    0.6181     -4.6400
    0.6314     -4.6220
    0.6434     -4.6040
    0.6521     -4.5860
    0.6685     -4.5680
    0.7032     -4.5500
    0.7431     -4.5320
    0.7628     -4.5140
    0.7612     -4.4960
    0.7641     -4.4780
    0.7818     -4.4600
    0.7889     -4.4420
    0.7586     -4.4240
    0.6989     -4.4060
    0.6409     -4.3880
    0.6041     -4.3700
    0.5850     -4.3520
    0.5716     -4.3340
    0.5542     -4.3160
    0.5280     -4.2980
    0.4955     -4.2800
    0.4617     -4.2620
    0.4259     -4.2440
    0.3839     -4.2260
    0.3381     -4.2080
    0.2983     -4.1900
    0.2722     -4.1720
    0.2613     -4.1540
    0.2623     -4.1360
    0.2714     -4.1180
    0.2858     -4.1000
    0.3032     -4.0820
    0.3209     -4.0640
    0.3355     -4.0460
    0.3446     -4.0280
    0.3467     -4.0100
    0.3397     -3.9920
    0.3218     -3.9740
    0.2949     -3.9560
    0.2658     -3.9380
    0.2429     -3.9200
    0.2319     -3.9020
    0.2329     -3.8840
    0.2398     -3.8660
    0.2445     -3.8480
    0.2441     -3.8300
    0.2404     -3.8120
    0.2361     -3.7940
    0.2327     -3.7760
    0.2338     -3.7580
    0.2459     -3.7400
    0.2694     -3.7220
    0.2926     -3.7040
    0.3001     -3.6860
    0.2879     -3.6680
    0.2651     -3.6500
    0.2433     -3.6320
    0.2275     -3.6140
    0.2167     -3.5960
    0.2083     -3.5780
    0.2019     -3.5600
    0.1990     -3.5420
    0.2010     -3.5240
    0.2055     -3.5060
    0.2061     -3.4880
    0.1976     -3.4700
    0.1820     -3.4520
    0.1688     -3.4340
    0.1677     -3.4160
    0.1790     -3.3980
    0.1916     -3.3800
    0.1924     -3.3620
    0.1780     -3.3440
    0.1560     -3.3260
    0.1358     -3.3080
    0.1222     -3.2900
    0.1169     -3.2720
    0.1236     -3.2540
    0.1484     -3.2360
    0.1942     -3.2180
    0.2524     -3.2000
    0.3042     -3.1820
    0.3313     -3.1640
    0.3281     -3.1460
    0.3035     -3.1280
    0.2720     -3.1100
    0.2449     -3.0920
    0.2293     -3.0740
    0.2276     -3.0560
    0.2373     -3.0380
    0.2511     -3.0200
    0.2616     -3.0020
    0.2667     -2.9840
    0.2716     -2.9660
    0.2824     -2.9480
    0.2980     -2.9300
    0.3114     -2.9120
    0.3162     -2.8940
    0.3103     -2.8760
    0.2932     -2.8580
    0.2672     -2.8400
    0.2405     -2.8220
    0.2236     -2.8040
    0.2207     -2.7860
    0.2267     -2.7680
    0.2325     -2.7500
    0.2321     -2.7320
    0.2266     -2.7140
    0.2217     -2.6960
    0.2247     -2.6780
    0.2387     -2.6600
    0.2594     -2.6420
    0.2789     -2.6240
    0.2925     -2.6060
    0.3039     -2.5880
    0.3195     -2.5700
    0.3406     -2.5520
    0.3611     -2.5340
    0.3733     -2.5160
    0.3724     -2.4980
    0.3569     -2.4800
    0.3289     -2.4620
    0.2972     -2.4440
    0.2731     -2.4260
    0.2617     -2.4080
    0.2584     -2.3900
    0.2564     -2.3720
    0.2528     -2.3540
    0.2478     -2.3360
    0.2391     -2.3180
    0.2231     -2.3000
    0.2001     -2.2820
    0.1759     -2.2640
    0.1584     -2.2460
    0.1528     -2.2280
    0.1598     -2.2100
    0.1766     -2.1920
    0.1993     -2.1740
    0.2239     -2.1560
    0.2445     -2.1380
    0.2531     -2.1200
    0.2457     -2.1020
    0.2282     -2.0840
    0.2129     -2.0660
    0.2073     -2.0480
    0.2086     -2.0300
    0.2082     -2.0120
    0.2010     -1.9940
    0.1893     -1.9760
    0.1785     -1.9580
    0.1718     -1.9400
    0.1685     -1.9220
    0.1664     -1.9040
    0.1632     -1.8860
    0.1576     -1.8680
    0.1486     -1.8500
    0.1372     -1.8320
    0.1256     -1.8140
    0.1155     -1.7960
    0.1074     -1.7780
    0.1026     -1.7600
    0.1030     -1.7420
    0.1085     -1.7240
    0.1159     -1.7060
    0.1209     -1.6880
    0.1216     -1.6700
    0.1184     -1.6520
    0.1126     -1.6340
    0.1056     -1.6160
    0.0997     -1.5980
    0.0973     -1.5800
    0.0995     -1.5620
    0.1034     -1.5440
    0.1032     -1.5260
    0.0951     -1.5080
    0.0801     -1.4900
    0.0634     -1.4720
    0.0520     -1.4540
    0.0510     -1.4360
    0.0618     -1.4180
    0.0815     -1.4000
    0.1059     -1.3820
    0.1338     -1.3640
    0.1642     -1.3460
    0.1914     -1.3280
    0.2050     -1.3100
    0.1988     -1.2920
    0.1776     -1.2740
    0.1543     -1.2560
    0.1388     -1.2380
    0.1304     -1.2200
    0.1207     -1.2020
    0.1034     -1.1840
    0.0828     -1.1660
    0.0719     -1.1480
    0.0831     -1.1300
    0.1195     -1.1120
    0.1762     -1.0940
    0.2505     -1.0760
    0.3462     -1.0580
    0.4641     -1.0400
    0.5889     -1.0220
    0.6901     -1.0040
    0.7300     -0.9860
    0.6846     -0.9680
    0.5693     -0.9500
    0.4354     -0.9320
    0.3296     -0.9140
    0.2622     -0.8960
    0.2174     -0.8780
    0.1810     -0.8600
    0.1534     -0.8420
    0.1482     -0.8240
    0.1815     -0.8060
    0.2559     -0.7880
    0.3469     -0.7700
    0.4094     -0.7520
    0.4120     -0.7340
    0.3685     -0.7160
    0.3243     -0.6980
    0.3128     -0.6800
    0.3395     -0.6620
    0.4026     -0.6440
    0.4997     -0.6260
    0.6048     -0.6080
    0.6689     -0.5900
    0.6677     -0.5720
    0.6308     -0.5540
    0.6013     -0.5360
    0.5845     -0.5180
    0.5569     -0.5000
    0.5218     -0.4820
    0.5344     -0.4640
    0.6523     -0.4460
    0.8550     -0.4280
    1.0413     -0.4100
    1.1228     -0.3920
    1.0998     -0.3740
    1.0300     -0.3560
    0.9584     -0.3380
    0.9066     -0.3200
    0.8997     -0.3020
    0.9567     -0.2840
    1.0490     -0.2660
    1.1028     -0.2480
    1.0728     -0.2300
    0.9962     -0.2120
    0.9418     -0.1940
    0.9256     -0.1760
    0.9105     -0.1580
    0.8655     -0.1400
    0.7945     -0.1220
    0.7233     -0.1040
    0.6831     -0.0860
    0.6909     -0.0680
    0.7280     -0.0500
    0.7425     -0.0320
    0.6924     -0.0140
    0.5907      0.0040
    0.4950      0.0220
    0.4515      0.0400
    0.4618      0.0580
    0.4990      0.0760
    0.5338      0.0940
    0.5444      0.1120
    0.5216      0.1300
    0.4727      0.1480
    0.4163      0.1660
    0.3678      0.1840
    0.3349      0.2020
    0.3306      0.2200
    0.3799      0.2380
    0.4964      0.2560
    0.6520      0.2740
    0.7780      0.2920
    0.8061      0.3100
    0.7164      0.3280
    0.5556      0.3460
    0.4048      0.3640
    0.3172      0.3820
    0.2880      0.4000
    0.2890      0.4180
    0.3188      0.4360
    0.3985      0.4540
    0.5181      0.4720
    0.6216      0.4900
    0.6606      0.5080
    0.6402      0.5260
    0.5944      0.5440
    0.5427      0.5620
    0.4856      0.5800
    0.4233      0.5980
    0.3664      0.6160
    0.3348      0.6340
    0.3442      0.6520
    0.3919      0.6700
    0.4703      0.6880
    0.6004      0.7060
    0.8213      0.7240
    1.1154      0.7420
    1.3615      0.7600
    1.4196      0.7780
    1.2698      0.7960
    1.0250      0.8140
    0.8132      0.8320
    0.6930      0.8500
    0.6702      0.8680
    0.7270      0.8860
    0.8153      0.9040
    0.8627      0.9220
    0.8167      0.9400
    0.6890      0.9580
    0.5583      0.9760
    0.5180      0.9940
    0.6054      1.0120
    0.7753      1.0300
    0.9428      1.0480
    1.0454      1.0660
    1.0720      1.0840
    1.0490      1.1020
    1.0155      1.1200
    0.9985      1.1380
    0.9929      1.1560
    0.9671      1.1740
    0.9013      1.1920
    0.8106      1.2100
    0.7212      1.2280
    0.6395      1.2460
    0.5588      1.2640
    0.4866      1.2820
    0.4492      1.3000
    0.4609      1.3180
    0.5020      1.3360
    0.5467      1.3540
    0.6074      1.3720
    0.7179      1.3900
    0.8595      1.4080
    0.9398      1.4260
    0.8819      1.4440
    0.7147      1.4620
    0.5446      1.4800
    0.4519      1.4980
    0.4388      1.5160
    0.4599      1.5340
    0.4713      1.5520
    0.4486      1.5700
    0.3889      1.5880
    0.3158      1.6060
    0.2668      1.6240
    0.2621      1.6420
    0.2892      1.6600
    0.3246      1.6780
    0.3622      1.6960
    0.4136      1.7140
    0.4871      1.7320
    0.5696      1.7500
    0.6252      1.7680
    0.6231      1.7860
    0.5744      1.8040
    0.5283      1.8220
    0.5176      1.8400
    0.5218      1.8580
    0.4981      1.8760
    0.4395      1.8940
    0.3886      1.9120
    0.3993      1.9300
    0.4932      1.9480
    0.6367      1.9660
    0.7493      1.9840
