    0.0000     -7.9875
    0.0000     -7.9700
    0.0000     -7.9525
    0.0000     -7.9350
    0.0000     -7.9175
    0.0000     -7.9000
    0.0000     -7.8825
    0.0000     -7.8650
    0.0000     -7.8475
    0.0001     -7.8300
    0.0006     -7.8125
    0.0042     -7.7950
    0.0230     -7.7775
    0.1013     -7.7600
    0.3593     -7.7425
    1.0305     -7.7250
    2.3943     -7.7075
    4.5092     -7.6900
    6.8757     -7.6725
    8.4687     -7.6550
    8.3989     -7.6375
    6.6833     -7.6200
    4.2516     -7.6025
    2.1552     -7.5850
    0.8680     -7.5675
    0.2771     -7.5500
    0.0700     -7.5325
    0.0139     -7.5150
    0.0022     -7.4975
    0.0003     -7.4800
    0.0000     -7.4625
    0.0000     -7.4450
    0.0000     -7.4275
    0.0000     -7.4100
    0.0000     -7.3925
    0.0000     -7.3750
    0.0000     -7.3575
    0.0000     -7.3400
    0.0000     -7.3225
    0.0000     -7.3050
    0.0000     -7.2875
    0.0001     -7.2700
    0.0006     -7.2525
    0.0029     -7.2350
    0.0108     -7.2175
    0.0332     -7.2000
    0.0853     -7.1825
    0.1848     -7.1650
    0.3385     -7.1475
    0.5198     -7.1300
    0.6657     -7.1125
    0.7214     -7.0950
    0.7060     -7.0775
    0.7095     -7.0600
    0.8012     -7.0425
    0.9507     -7.0250
    1.0549     -7.0075
    1.0271     -6.9900
    0.8611     -6.9725
    0.6407     -6.9550
    0.5007     -6.9375
    0.5530     -6.9200
    0.8043     -6.9025
    1.1237     -6.8850
    1.3218     -6.8675
    1.3070     -6.8500
    1.1509     -6.8325
    0.9752     -6.8150
    0.8229     -6.7975
    0.6848     -6.7800
    0.6065     -6.7625
    0.7003     -6.7450
    1.0363     -6.7275
    1.5317     -6.7100
    1.9574     -6.6925
    2.0882     -6.6750
    1.8805     -6.6575
    1.5018     -6.6400
    1.1765     -6.6225
    1.0005     -6.6050
    0.9032     -6.5875
    0.7666     -6.5700
    0.5568     -6.5525
    0.3373     -6.5350
    0.1917     -6.5175
    0.1716     -6.5000
    0.3208     -6.4825
    0.7333     -6.4650
    1.5707     -6.4475
    2.9575     -6.4300
    4.7493     -6.4125
    6.3811     -6.3950
    7.1035     -6.3775
    6.5409     -6.3600
    5.0123     -6.3425
    3.2517     -6.3250
    1.8747     -6.3075
    1.1334     -6.2900
    1.0172     -6.2725
    1.3960     -6.2550
    2.0483     -6.2375
    2.6735     -6.2200
    3.0186     -6.2025
    3.0409     -6.1850
    2.9088     -6.1675
    2.8707     -6.1500
    3.2034     -6.1325
    4.2020     -6.1150
    5.9818     -6.0975
    8.2246     -6.0800
   10.3129     -6.0625
   11.8638     -6.0450
   13.0675     -6.0275
   14.4405     -6.0100
   16.3121     -5.9925
   18.5660     -5.9750
   20.7964     -5.9575
   22.6920     -5.9400
   24.2949     -5.9225
   25.8846     -5.9050
   27.6313     -5.8875
   29.3918     -5.8700
   30.8314     -5.8525
   31.7261     -5.8350
   32.1460     -5.8175
   32.3321     -5.8000
   32.4487     -5.7825
   32.5268     -5.7650
   32.6311     -5.7475
   33.0241     -5.7300
   34.1303     -5.7125
   36.2377     -5.6950
   39.1496     -5.6775
   42.1938     -5.6600
   44.6316     -5.6425
   46.1075     -5.6250
   46.8696     -5.6075
   47.5743     -5.5900
   48.6216     -5.5725
   49.6360     -5.5550
   49.8694     -5.5375
   49.1633     -5.5200
   48.2455     -5.5025
   47.9266     -5.4850
   48.1833     -5.4675
   48.2371     -5.4500
   47.4128     -5.4325
   45.6474     -5.4150
   43.2295     -5.3975
   40.4450     -5.3800
   37.6420     -5.3625
   35.3441     -5.3450
   33.9851     -5.3275
   33.5519     -5.3100
   33.6566     -5.2925
   33.9877     -5.2750
   34.6072     -5.2575
   35.7487     -5.2400
   37.3806     -5.2225
   39.1075     -5.2050
   40.5519     -5.1875
   41.6732     -5.1700
   42.6229     -5.1525
   43.5097     -5.1350
   44.4597     -5.1175
   45.6542     -5.1000
   47.0531     -5.0825
   48.2353     -5.0650
   48.7893     -5.0475
   48.7453     -5.0300
   48.3275     -5.0125
   47.4699     -4.9950
   45.9944     -4.9775
   44.1225     -4.9600
   42.4166     -4.9425
   41.2861     -4.9250
   40.7559     -4.9075
   40.5716     -4.8900
   40.3505     -4.8725
   39.7338     -4.8550
   38.5883     -4.8375
   37.1832     -4.8200
   36.1580     -4.8025
   36.1645     -4.7850
   37.3981     -4.7675
   39.4690     -4.7500
   41.7506     -4.7325
   43.8487     -4.7150
   45.7373     -4.6975
   47.4496     -4.6800
   48.7297     -4.6625
   49.2025     -4.6450
   48.9564     -4.6275
   48.7562     -4.6100
   49.5461     -4.5925
   51.8772     -4.5750
   55.8078     -4.5575
   60.9822     -4.5400
   66.5705     -4.5225
   71.4083     -4.5050
   74.5829     -4.4875
   75.9951     -4.4700
   76.3185     -4.4525
   76.3846     -4.4350
   76.5384     -4.4175
   76.4728     -4.4000
   75.5279     -4.3825
   73.0969     -4.3650
   69.0155     -4.3475
   63.9067     -4.3300
   59.0775     -4.3125
   55.7195     -4.2950
   54.0501     -4.2775
   53.3342     -4.2600
   52.7364     -4.2425
   51.9245     -4.2250
   50.8214     -4.2075
   49.2357     -4.1900
   47.1442     -4.1725
   45.1432     -4.1550
   44.2151     -4.1375
   45.0015     -4.1200
   47.3339     -4.1025
   50.2744     -4.0850
   52.6095     -4.0675
   53.6814     -4.0500
   53.9343     -4.0325
   54.5029     -4.0150
   56.1762     -3.9975
   58.7322     -3.9800
   61.1436     -3.9625
   62.3867     -3.9450
   62.1985     -3.9275
   61.1727     -3.9100
   60.1305     -3.8925
   59.3793     -3.8750
   58.5784     -3.8575
   57.2888     -3.8400
   55.5672     -3.8225
   53.9982     -3.8050
   53.2041     -3.7875
   53.3019     -3.7700
   53.7912     -3.7525
   54.0366     -3.7350
   53.9147     -3.7175
   53.9307     -3.7000
   54.7194     -3.6825
   56.4963     -3.6650
   58.8944     -3.6475
   61.2050     -3.6300
   62.8498     -3.6125
   63.7199     -3.5950
   64.0314     -3.5775
   63.9264     -3.5600
   63.3901     -3.5425
   62.4582     -3.5250
   61.2232     -3.5075
   59.6717     -3.4900
   57.7899     -3.4725
   55.8420     -3.4550
   54.3659     -3.4375
   53.8730     -3.4200
   54.5744     -3.4025
   56.2757     -3.3850
   58.4567     -3.3675
   60.5390     -3.3500
   62.1801     -3.3325
   63.3603     -3.3150
   64.2580     -3.2975
   65.0623     -3.2800
   65.7685     -3.2625
   66.0459     -3.2450
   65.4468     -3.2275
   63.9393     -3.2100
   62.1743     -3.1925
   61.0461     -3.1750
   61.0063     -3.1575
   61.9905     -3.1400
   63.9428     -3.1225
   67.0025     -3.1050
   70.9968     -3.0875
   75.0932     -3.0700
   78.2009     -3.0525
   79.4957     -3.0350
   78.4865     -3.0175
   75.0507     -3.0000
   69.7537     -2.9825
   63.8279     -2.9650
   58.4431     -2.9475
   54.0054     -2.9300
   50.2037     -2.9125
   46.5045     -2.8950
   42.4527     -2.8775
   37.7541     -2.8600
   32.4028     -2.8425
   26.7354     -2.8250
   21.2713     -2.8075
   16.5261     -2.7900
   12.8783     -2.7725
   10.4103     -2.7550
    8.8384     -2.7375
    7.6830     -2.7200
    6.5707     -2.7025
    5.4228     -2.6850
    4.3946     -2.6675
    3.6333     -2.6500
    3.1003     -2.6325
    2.6455     -2.6150
    2.2364     -2.5975
    2.0579     -2.5800
    2.3591     -2.5625
    3.2209     -2.5450
    4.4557     -2.5275
    5.6669     -2.5100
    6.4252     -2.4925
    6.5296     -2.4750
    6.1776     -2.4575
    5.7950     -2.4400
    5.6367     -2.4225
    5.6211     -2.4050
    5.5748     -2.3875
    5.4927     -2.3700
    5.4672     -2.3525
    5.4736     -2.3350
    5.3608     -2.3175
    5.0285     -2.3000
    4.5321     -2.2825
    4.0455     -2.2650
    3.7823     -2.2475
    3.8914     -2.2300
    4.3422     -2.2125
    4.9152     -2.1950
    5.3381     -2.1775
    5.4663     -2.1600
    5.4044     -2.1425
    5.4413     -2.1250
    5.7493     -2.1075
    6.1474     -2.0900
    6.2920     -2.0725
    6.0893     -2.0550
    5.7754     -2.0375
    5.6015     -2.0200
    5.5740     -2.0025
    5.4962     -1.9850
    5.1704     -1.9675
    4.5791     -1.9500
    3.9359     -1.9325
    3.5475     -1.9150
    3.5985     -1.8975
    4.0468     -1.8800
    4.6626     -1.8625
    5.1568     -1.8450
    5.3586     -1.8275
    5.3273     -1.8100
    5.2650     -1.7925
    5.2865     -1.7750
    5.2822     -1.7575
    5.0580     -1.7400
    4.6183     -1.7225
    4.2298     -1.7050
    4.1358     -1.6875
    4.2570     -1.6700
    4.2536     -1.6525
    3.8804     -1.6350
    3.2365     -1.6175
    2.6639     -1.6000
    2.4319     -1.5825
    2.5352     -1.5650
    2.7685     -1.5475
    2.9531     -1.5300
    3.0735     -1.5125
    3.2260     -1.4950
    3.5068     -1.4775
    3.9731     -1.4600
    4.6368     -1.4425
    5.4148     -1.4250
    6.1087     -1.4075
    6.5109     -1.3900
    6.5448     -1.3725
    6.2621     -1.3550
    5.7337     -1.3375
    5.0364     -1.3200
    4.3377     -1.3025
    3.8702     -1.2850
    3.7701     -1.2675
    3.9756     -1.2500
    4.2716     -1.2325
    4.4208     -1.2150
    4.3181     -1.1975
    4.0723     -1.1800
    3.9121     -1.1625
    3.9841     -1.1450
    4.2354     -1.1275
    4.4708     -1.1100
    4.5216     -1.0925
    4.3734     -1.0750
    4.1414     -1.0575
    3.9448     -1.0400
    3.8446     -1.0225
    3.8924     -1.0050
    4.1574     -0.9875
    4.6451     -0.9700
    5.2060     -0.9525
    5.5755     -0.9350
    5.5365     -0.9175
    5.0661     -0.9000
    4.3602     -0.8825
    3.7165     -0.8650
    3.3493     -0.8475
    3.2646     -0.8300
    3.3002     -0.8125
    3.3012     -0.7950
    3.2690     -0.7775
    3.3430     -0.7600
    3.6596     -0.7425
    4.2370     -0.7250
    4.9395     -0.7075
    5.5027     -0.6900
    5.6430     -0.6725
    5.2245     -0.6550
    4.3520     -0.6375
    3.3275     -0.6200
    2.5366     -0.6025
    2.3099     -0.5850
    2.7558     -0.5675
    3.6460     -0.5500
    4.5089     -0.5325
    4.9406     -0.5150
    4.8757     -0.4975
    4.5509     -0.4800
    4.2235     -0.4625
    3.9807     -0.4450
    3.8040     -0.4275
    3.6918     -0.4100
    3.6670     -0.3925
    3.7516     -0.3750
    3.9699     -0.3575
    4.3163     -0.3400
    4.7093     -0.3225
    5.0134     -0.3050
    5.1059     -0.2875
    4.9356     -0.2700
    4.5638     -0.2525
    4.1549     -0.2350
    3.8794     -0.2175
    3.8126     -0.2000
    3.9582     -0.1825
    4.3312     -0.1650
    4.9248     -0.1475
    5.5795     -0.1300
    5.9649     -0.1125
    5.7768     -0.0950
    5.0020     -0.0775
    3.9754     -0.0600
    3.1407     -0.0425
    2.7484     -0.0250
    2.7577     -0.0075
    2.9540      0.0100
    3.1348      0.0275
    3.2528      0.0450
    3.4253      0.0625
    3.7792      0.0800
    4.2944      0.0975
    4.8359      0.1150
    5.2921      0.1325
    5.6025      0.1500
    5.7081      0.1675
    5.6048      0.1850
    5.4308      0.2025
    5.3548      0.2200
    5.3542      0.2375
    5.2313      0.2550
    4.8861      0.2725
    4.4692      0.2900
    4.2387      0.3075
    4.3328      0.3250
    4.6704      0.3425
    4.9934      0.3600
    5.0084      0.3775
    4.5666      0.3950
    3.7741      0.4125
    2.9378      0.4300
    2.3724      0.4475
    2.1993      0.4650
    2.3020      0.4825
    2.4823      0.5000
    2.6608      0.5175
    2.9261      0.5350
    3.4078      0.5525
    4.1334      0.5700
    5.0122      0.5875
    5.8938      0.6050
    6.5662      0.6225
    6.7732      0.6400
    6.4229      0.6575
    5.8051      0.6750
    5.4353      0.6925
    5.6126      0.7100
    6.1934      0.7275
    6.7765      0.7450
    6.9996      0.7625
    6.6931      0.7800
    5.9137      0.7975
    4.9055      0.8150
    3.9627      0.8325
    3.2661      0.8500
    2.8270      0.8675
    2.5575      0.8850
    2.3806      0.9025
    2.2956      0.9200
    2.3514      0.9375
    2.5532      0.9550
    2.8167      0.9725
    3.0427      0.9900
    3.2059      1.0075
    3.3142      1.0250
    3.3219      1.0425
    3.1771      1.0600
    2.9449      1.0775
    2.7806      1.0950
    2.7477      1.1125
    2.7420      1.1300
    2.6437      1.1475
    2.4810      1.1650
    2.3801      1.1825
    2.3931      1.2000
    2.4500      1.2175
    2.4747      1.2350
    2.5070      1.2525
    2.6898      1.2700
    3.1248      1.2875
    3.7333      1.3050
    4.2693      1.3225
    4.4835      1.3400
    4.2873      1.3575
    3.7923      1.3750
    3.2511      1.3925
    2.9723      1.4100
    3.2087      1.4275
    4.0140      1.4450
    5.1433      1.4625
    6.1193      1.4800
    6.5083      1.4975
    6.2413      1.5150
    5.6701      1.5325
    5.2422      1.5500
    5.0915      1.5675
    4.9785      1.5850
    4.6428      1.6025
    4.1334      1.6200
    3.7081      1.6375
    3.4838      1.6550
    3.3239      1.6725
    3.0581      1.6900
    2.6941      1.7075
    2.3843      1.7250
    2.2703      1.7425
    2.4094      1.7600
    2.7812      1.7775
    3.2683      1.7950
    3.6491      1.8125
    3.7139      1.8300
    3.4314      1.8475
    2.9724      1.8650
    2.5706      1.8825
    2.3916      1.9000
    2.5050      1.9175
    2.8956      1.9350
    3.4492      1.9525
    3.9605      1.9700
    4.2241      1.9875
