    0.0019     -7.9875
    0.0035     -7.9680
    0.0058     -7.9485
    0.0073     -7.9290
    0.0068     -7.9095
    0.0047     -7.8900
    0.0026     -7.8705
    0.0019     -7.8510
    0.0033     -7.8315
    0.0071     -7.8120
    0.0120     -7.7925
    0.0151     -7.7730
    0.0146     -7.7535
    0.0119     -7.7340
    0.0106     -7.7145
    0.0124     -7.6950
    0.0148     -7.6755
    0.0143     -7.6560
    0.0104     -7.6365
    0.0057     -7.6170
    0.0023     -7.5975
    0.0010     -7.5780
    0.0013     -7.5585
    0.0033     -7.5390
    0.0078     -7.5195
    0.0150     -7.5000
    0.0234     -7.4805
    0.0291     -7.4610
    0.0290     -7.4415
    0.0249     -7.4220
    0.0236     -7.4025
    0.0299     -7.3830
    0.0420     -7.3635
    0.0532     -7.3440
    0.0571     -7.3245
    0.0511     -7.3050
    0.0384     -7.2855
    0.0265     -7.2660
    0.0239     -7.2465
    0.0338     -7.2270
    0.0507     -7.2075
    0.0631     -7.1880
    0.0639     -7.1685
    0.0560     -7.1490
    0.0485     -7.1295
    0.0481     -7.1100
    0.0572     -7.0905
    0.0796     -7.0710
    0.1164     -7.0515
    0.1572     -7.0320
    0.1824     -7.0125
    0.1841     -6.9930
    0.1729     -6.9735
    0.1626     -6.9540
    0.1545     -6.9345
    0.1411     -6.9150
    0.1188     -6.8955
    0.0910     -6.8760
    0.0633     -6.8565
    0.0421     -6.8370
    0.0332     -6.8175
    0.0368     -6.7980
    0.0457     -6.7785
    0.0496     -6.7590
    0.0431     -6.7395
    0.0297     -6.7200
    0.0170     -6.7005
    0.0096     -6.6810
    0.0073     -6.6615
    0.0092     -6.6420
    0.0138     -6.6225
    0.0188     -6.6030
    0.0209     -6.5835
    0.0192     -6.5640
    0.0159     -6.5445
    0.0136     -6.5250
    0.0142     -6.5055
    0.0178     -6.4860
    0.0230     -6.4665
    0.0286     -6.4470
    0.0337     -6.4275
    0.0371     -6.4080
    0.0370     -6.3885
    0.0341     -6.3690
    0.0299     -6.3495
    0.0245     -6.3300
    0.0184     -6.3105
    0.0139     -6.2910
    0.0145     -6.2715
    0.0201     -6.2520
    0.0265     -6.2325
    0.0288     -6.2130
    0.0268     -6.1935
    0.0251     -6.1740
    0.0269     -6.1545
    0.0305     -6.1350
    0.0329     -6.1155
    0.0337     -6.0960
    0.0337     -6.0765
    0.0334     -6.0570
    0.0337     -6.0375
    0.0355     -6.0180
    0.0367     -5.9985
    0.0333     -5.9790
    0.0245     -5.9595
    0.0141     -5.9400
    0.0068     -5.9205
    0.0047     -5.9010
    0.0082     -5.8815
    0.0177     -5.8620
    0.0329     -5.8425
    0.0502     -5.8230
    0.0641     -5.8035
    0.0720     -5.7840
    0.0761     -5.7645
    0.0795     -5.7450
    0.0822     -5.7255
    0.0840     -5.7060
    0.0846     -5.6865
    0.0797     -5.6670
    0.0648     -5.6475
    0.0443     -5.6280
    0.0302     -5.6085
    0.0313     -5.5890
    0.0476     -5.5695
    0.0699     -5.5500
    0.0863     -5.5305
    0.0898     -5.5110
    0.0811     -5.4915
    0.0671     -5.4720
    0.0579     -5.4525
    0.0632     -5.4330
    0.0868     -5.4135
    0.1227     -5.3940
    0.1579     -5.3745
    0.1800     -5.3550
    0.1841     -5.3355
    0.1741     -5.3160
    0.1573     -5.2965
    0.1385     -5.2770
    0.1198     -5.2575
    0.1048     -5.2380
    0.1012     -5.2185
    0.1140     -5.1990
    0.1381     -5.1795
    0.1607     -5.1600
    0.1718     -5.1405
    0.1686     -5.1210
    0.1523     -5.1015
    0.1251     -5.0820
    0.0922     -5.0625
    0.0617     -5.0430
    0.0410     -5.0235
    0.0343     -5.0040
    0.0417     -4.9845
    0.0609     -4.9650
    0.0861     -4.9455
    0.1098     -4.9260
    0.1268     -4.9065
    0.1391     -4.8870
    0.1505     -4.8675
    0.1573     -4.8480
    0.1495     -4.8285
    0.1256     -4.8090
    0.0989     -4.7895
    0.0852     -4.7700
    0.0871     -4.7505
    0.0974     -4.7310
    0.1123     -4.7115
    0.1314     -4.6920
    0.1489     -4.6725
    0.1558     -4.6530
    0.1503     -4.6335
    0.1406     -4.6140
    0.1363     -4.5945
    0.1389     -4.5750
    0.1421     -4.5555
    0.1391     -4.5360
    0.1291     -4.5165
    0.1168     -4.4970
    0.1075     -4.4775
    0.1046     -4.4580
    0.1107     -4.4385
    0.1256     -4.4190
    0.1423     -4.3995
    0.1522     -4.3800
    0.1540     -4.3605
    0.1542     -4.3410
    0.1573     -4.3215
    0.1638     -4.3020
    0.1766     -4.2825
    0.1997     -4.2630
    0.2300     -4.2435
    0.2564     -4.2240
    0.2688     -4.2045
    0.2681     -4.1850
    0.2650     -4.1655
    0.2690     -4.1460
    0.2802     -4.1265
    0.2911     -4.1070
    0.2934     -4.0875
    0.2864     -4.0680
    0.2770     -4.0485
    0.2732     -4.0290
    0.2785     -4.0095
    0.2897     -3.9900
    0.2973     -3.9705
    0.2910     -3.9510
    0.2705     -3.9315
    0.2479     -3.9120
    0.2322     -3.8925
    0.2202     -3.8730
    0.2071     -3.8535
    0.1951     -3.8340
    0.1878     -3.8145
    0.1857     -3.7950
    0.1887     -3.7755
    0.1979     -3.7560
    0.2141     -3.7365
    0.2375     -3.7170
    0.2666     -3.6975
    0.2962     -3.6780
    0.3172     -3.6585
    0.3213     -3.6390
    0.3075     -3.6195
    0.2841     -3.6000
    0.2607     -3.5805
    0.2406     -3.5610
    0.2231     -3.5415
    0.2129     -3.5220
    0.2178     -3.5025
    0.2357     -3.4830
    0.2519     -3.4635
    0.2508     -3.4440
    0.2274     -3.4245
    0.1924     -3.4050
    0.1677     -3.3855
    0.1708     -3.3660
    0.1976     -3.3465
    0.2237     -3.3270
    0.2270     -3.3075
    0.2061     -3.2880
    0.1748     -3.2685
    0.1460     -3.2490
    0.1268     -3.2295
    0.1215     -3.2100
    0.1325     -3.1905
    0.1593     -3.1710
    0.1954     -3.1515
    0.2275     -3.1320
    0.2440     -3.1125
    0.2455     -3.0930
    0.2394     -3.0735
    0.2285     -3.0540
    0.2109     -3.0345
    0.1893     -3.0150
    0.1727     -2.9955
    0.1691     -2.9760
    0.1798     -2.9565
    0.1994     -2.9370
    0.2210     -2.9175
    0.2399     -2.8980
    0.2540     -2.8785
    0.2633     -2.8590
    0.2697     -2.8395
    0.2757     -2.8200
    0.2847     -2.8005
    0.3008     -2.7810
    0.3252     -2.7615
    0.3508     -2.7420
    0.3654     -2.7225
    0.3630     -2.7030
    0.3495     -2.6835
    0.3367     -2.6640
    0.3338     -2.6445
    0.3464     -2.6250
    0.3754     -2.6055
    0.4145     -2.5860
    0.4531     -2.5665
    0.4812     -2.5470
    0.4894     -2.5275
    0.4705     -2.5080
    0.4293     -2.4885
    0.3838     -2.4690
    0.3523     -2.4495
    0.3444     -2.4300
    0.3590     -2.4105
    0.3877     -2.3910
    0.4179     -2.3715
    0.4383     -2.3520
    0.4436     -2.3325
    0.4378     -2.3130
    0.4319     -2.2935
    0.4302     -2.2740
    0.4228     -2.2545
    0.3951     -2.2350
    0.3447     -2.2155
    0.2862     -2.1960
    0.2398     -2.1765
    0.2174     -2.1570
    0.2167     -2.1375
    0.2280     -2.1180
    0.2422     -2.0985
    0.2550     -2.0790
    0.2666     -2.0595
    0.2776     -2.0400
    0.2882     -2.0205
    0.2964     -2.0010
    0.2964     -1.9815
    0.2835     -1.9620
    0.2628     -1.9425
    0.2466     -1.9230
    0.2437     -1.9035
    0.2525     -1.8840
    0.2661     -1.8645
    0.2774     -1.8450
    0.2809     -1.8255
    0.2728     -1.8060
    0.2530     -1.7865
    0.2259     -1.7670
    0.1977     -1.7475
    0.1726     -1.7280
    0.1539     -1.7085
    0.1434     -1.6890
    0.1397     -1.6695
    0.1381     -1.6500
    0.1339     -1.6305
    0.1249     -1.6110
    0.1121     -1.5915
    0.1004     -1.5720
    0.0948     -1.5525
    0.0964     -1.5330
    0.1005     -1.5135
    0.1008     -1.4940
    0.0940     -1.4745
    0.0809     -1.4550
    0.0660     -1.4355
    0.0561     -1.4160
    0.0564     -1.3965
    0.0653     -1.3770
    0.0766     -1.3575
    0.0868     -1.3380
    0.0962     -1.3185
    0.1060     -1.2990
    0.1187     -1.2795
    0.1376     -1.2600
    0.1624     -1.2405
    0.1862     -1.2210
    0.1992     -1.2015
    0.1929     -1.1820
    0.1649     -1.1625
    0.1238     -1.1430
    0.0857     -1.1235
    0.0645     -1.1040
    0.0645     -1.0845
    0.0828     -1.0650
    0.1178     -1.0455
    0.1731     -1.0260
    0.2516     -1.0065
    0.3445     -0.9870
    0.4319     -0.9675
    0.4964     -0.9480
    0.5389     -0.9285
    0.5731     -0.9090
    0.6088     -0.8895
    0.6532     -0.8700
    0.7026     -0.8505
    0.7143     -0.8310
    0.6337     -0.8115
    0.4693     -0.7920
    0.3023     -0.7725
    0.2116     -0.7530
    0.2169     -0.7335
    0.2919     -0.7140
    0.4117     -0.6945
    0.5822     -0.6750
    0.8075     -0.6555
    1.0393     -0.6360
    1.2073     -0.6165
    1.3068     -0.5970
    1.3894     -0.5775
    1.4511     -0.5580
    1.4277     -0.5385
    1.3432     -0.5190
    1.3454     -0.4995
    1.5010     -0.4800
    1.6511     -0.4605
    1.6042     -0.4410
    1.4235     -0.4215
    1.3751     -0.4020
    1.5935     -0.3825
    1.9401     -0.3630
    2.2278     -0.3435
    2.4505     -0.3240
    2.6913     -0.3045
    2.9288     -0.2850
    3.1023     -0.2655
    3.2765     -0.2460
    3.5616     -0.2265
    3.9059     -0.2070
    4.0960     -0.1875
    3.9716     -0.1680
    3.6120     -0.1485
    3.3083     -0.1290
    3.3356     -0.1095
    3.7159     -0.0900
    4.2035     -0.0705
    4.5116     -0.0510
    4.5150     -0.0315
    4.2375     -0.0120
    3.7348      0.0075
    3.0638      0.0270
    2.3448      0.0465
    1.7837      0.0660
    1.5832      0.0855
    1.7759      0.1050
    2.1185      0.1245
    2.2475      0.1440
    2.0208      0.1635
    1.6334      0.1830
    1.3431      0.2025
    1.1926      0.2220
    1.0600      0.2415
    0.8788      0.2610
    0.7295      0.2805
    0.7562      0.3000
    1.0174      0.3195
    1.3854      0.3390
    1.6162      0.3585
    1.5748      0.3780
    1.3617      0.3975
    1.1501      0.4170
    0.9708      0.4365
    0.7564      0.4560
    0.5206      0.4755
    0.3751      0.4950
    0.4042      0.5145
    0.5902      0.5340
    0.8317      0.5535
    1.0042      0.5730
    1.0317      0.5925
    0.9314      0.6120
    0.7988      0.6315
    0.7368      0.6510
    0.7747      0.6705
    0.8525      0.6900
    0.9097      0.7095
    0.9663      0.7290
    1.0616      0.7485
    1.1371      0.7680
    1.0790      0.7875
    0.8834      0.8070
    0.6915      0.8265
    0.6511      0.8460
    0.7917      0.8655
    1.0165      0.8850
    1.1704      0.9045
    1.1398      0.9240
    0.9294      0.9435
    0.6403      0.9630
    0.3770      0.9825
    0.1928      1.0020
    0.1023      1.0215
    0.1089      1.0410
    0.2125      1.0605
    0.3841      1.0800
    0.5408      1.0995
    0.5903      1.1190
    0.5251      1.1385
    0.4388      1.1580
    0.4252      1.1775
    0.4818      1.1970
    0.5254      1.2165
    0.4895      1.2360
    0.3912      1.2555
    0.2993      1.2750
    0.2572      1.2945
    0.2556      1.3140
    0.2642      1.3335
    0.2699      1.3530
    0.2855      1.3725
    0.3296      1.3920
    0.4091      1.4115
    0.5163      1.4310
    0.6307      1.4505
    0.7267      1.4700
    0.7931      1.4895
    0.8377      1.5090
    0.8676      1.5285
    0.8734      1.5480
    0.8402      1.5675
    0.7594      1.5870
    0.6330      1.6065
    0.4833      1.6260
    0.3477      1.6455
    0.2509      1.6650
    0.1928      1.6845
    0.1671      1.7040
    0.1753      1.7235
    0.2139      1.7430
    0.2642      1.7625
    0.3081      1.7820
    0.3442      1.8015
    0.3718      1.8210
    0.3747      1.8405
    0.3366      1.8600
    0.2629      1.8795
    0.1804      1.8990
    0.1234      1.9185
    0.1162      1.9380
    0.1573      1.9575
    0.2170      1.9770
    0.2601      1.9965
