    0.0079     -7.9925
    0.0045     -7.9790
    0.0027     -7.9655
    0.0024     -7.9520
    0.0030     -7.9385
    0.0043     -7.9250
    0.0061     -7.9115
    0.0080     -7.8980
    0.0096     -7.8845
    0.0104     -7.8710
    0.0100     -7.8575
    0.0086     -7.8440
    0.0067     -7.8305
    0.0052     -7.8170
    0.0048     -7.8035
    0.0057     -7.7900
    0.0079     -7.7765
    0.0111     -7.7630
    0.0147     -7.7495
    0.0180     -7.7360
    0.0201     -7.7225
    0.0208     -7.7090
    0.0208     -7.6955
    0.0209     -7.6820
    0.0221     -7.6685
    0.0239     -7.6550
    0.0248     -7.6415
    0.0237     -7.6280
    0.0201     -7.6145
    0.0149     -7.6010
    0.0096     -7.5875
    0.0053     -7.5740
    0.0026     -7.5605
    0.0012     -7.5470
    0.0007     -7.5335
    0.0009     -7.5200
    0.0019     -7.5065
    0.0037     -7.4930
    0.0067     -7.4795
    0.0106     -7.4660
    0.0152     -7.4525
    0.0201     -7.4390
    0.0252     -7.4255
    0.0306     -7.4120
    0.0360     -7.3985
    0.0406     -7.3850
    0.0434     -7.3715
    0.0439     -7.3580
    0.0431     -7.3445
    0.0428     -7.3310
    0.0448     -7.3175
    0.0494     -7.3040
    0.0554     -7.2905
    0.0603     -7.2770
    0.0622     -7.2635
    0.0602     -7.2500
    0.0549     -7.2365
    0.0477     -7.2230
    0.0397     -7.2095
    0.0324     -7.1960
    0.0263     -7.1825
    0.0218     -7.1690
    0.0187     -7.1555
    0.0170     -7.1420
    0.0177     -7.1285
    0.0221     -7.1150
    0.0309     -7.1015
    0.0431     -7.0880
    0.0549     -7.0745
    0.0619     -7.0610
    0.0616     -7.0475
    0.0548     -7.0340
    0.0454     -7.0205
    0.0377     -7.0070
    0.0339     -6.9935
    0.0331     -6.9800
    0.0333     -6.9665
    0.0326     -6.9530
    0.0310     -6.9395
    0.0293     -6.9260
    0.0285     -6.9125
    0.0287     -6.8990
    0.0300     -6.8855
    0.0321     -6.8720
    0.0353     -6.8585
    0.0403     -6.8450
    0.0476     -6.8315
    0.0576     -6.8180
    0.0698     -6.8045
    0.0823     -6.7910
    0.0912     -6.7775
    0.0925     -6.7640
    0.0841     -6.7505
    0.0678     -6.7370
    0.0483     -6.7235
    0.0309     -6.7100
    0.0186     -6.6965
    0.0119     -6.6830
    0.0100     -6.6695
    0.0118     -6.6560
    0.0169     -6.6425
    0.0247     -6.6290
    0.0338     -6.6155
    0.0418     -6.6020
    0.0461     -6.5885
    0.0453     -6.5750
    0.0401     -6.5615
    0.0326     -6.5480
    0.0251     -6.5345
    0.0197     -6.5210
    0.0176     -6.5075
    0.0194     -6.4940
    0.0252     -6.4805
    0.0343     -6.4670
    0.0452     -6.4535
    0.0566     -6.4400
    0.0677     -6.4265
    0.0781     -6.4130
    0.0869     -6.3995
    0.0925     -6.3860
    0.0935     -6.3725
    0.0896     -6.3590
    0.0814     -6.3455
    0.0702     -6.3320
    0.0572     -6.3185
    0.0437     -6.3050
    0.0320     -6.2915
    0.0243     -6.2780
    0.0226     -6.2645
    0.0272     -6.2510
    0.0367     -6.2375
    0.0479     -6.2240
    0.0568     -6.2105
    0.0605     -6.1970
    0.0583     -6.1835
    0.0527     -6.1700
    0.0477     -6.1565
    0.0461     -6.1430
    0.0483     -6.1295
    0.0524     -6.1160
    0.0561     -6.1025
    0.0592     -6.0890
    0.0633     -6.0755
    0.0700     -6.0620
    0.0786     -6.0485
    0.0864     -6.0350
    0.0899     -6.0215
    0.0881     -6.0080
    0.0822     -5.9945
    0.0741     -5.9810
    0.0649     -5.9675
    0.0549     -5.9540
    0.0443     -5.9405
    0.0345     -5.9270
    0.0274     -5.9135
    0.0256     -5.9000
    0.0314     -5.8865
    0.0466     -5.8730
    0.0705     -5.8595
    0.0990     -5.8460
    0.1264     -5.8325
    0.1473     -5.8190
    0.1594     -5.8055
    0.1638     -5.7920
    0.1620     -5.7785
    0.1560     -5.7650
    0.1485     -5.7515
    0.1440     -5.7380
    0.1473     -5.7245
    0.1594     -5.7110
    0.1755     -5.6975
    0.1869     -5.6840
    0.1858     -5.6705
    0.1696     -5.6570
    0.1418     -5.6435
    0.1101     -5.6300
    0.0833     -5.6165
    0.0693     -5.6030
    0.0733     -5.5895
    0.0967     -5.5760
    0.1354     -5.5625
    0.1797     -5.5490
    0.2175     -5.5355
    0.2396     -5.5220
    0.2436     -5.5085
    0.2332     -5.4950
    0.2138     -5.4815
    0.1882     -5.4680
    0.1581     -5.4545
    0.1268     -5.4410
    0.1006     -5.4275
    0.0870     -5.4140
    0.0905     -5.4005
    0.1109     -5.3870
    0.1448     -5.3735
    0.1873     -5.3600
    0.2342     -5.3465
    0.2818     -5.3330
    0.3261     -5.3195
    0.3624     -5.3060
    0.3862     -5.2925
    0.3938     -5.2790
    0.3833     -5.2655
    0.3556     -5.2520
    0.3142     -5.2385
    0.2666     -5.2250
    0.2224     -5.2115
    0.1911     -5.1980
    0.1788     -5.1845
    0.1857     -5.1710
    0.2066     -5.1575
    0.2341     -5.1440
    0.2620     -5.1305
    0.2864     -5.1170
    0.3043     -5.1035
    0.3138     -5.0900
    0.3147     -5.0765
    0.3102     -5.0630
    0.3060     -5.0495
    0.3065     -5.0360
    0.3115     -5.0225
    0.3189     -5.0090
    0.3304     -4.9955
    0.3554     -4.9820
    0.4091     -4.9685
    0.5024     -4.9550
    0.6320     -4.9415
    0.7763     -4.9280
    0.9013     -4.9145
    0.9747     -4.9010
    0.9794     -4.8875
    0.9219     -4.8740
    0.8300     -4.8605
    0.7420     -4.8470
    0.6898     -4.8335
    0.6851     -4.8200
    0.7167     -4.8065
    0.7596     -4.7930
    0.7914     -4.7795
    0.8056     -4.7660
    0.8146     -4.7525
    0.8393     -4.7390
    0.8925     -4.7255
    0.9669     -4.7120
    1.0363     -4.6985
    1.0708     -4.6850
    1.0551     -4.6715
    0.9959     -4.6580
    0.9151     -4.6445
    0.8348     -4.6310
    0.7662     -4.6175
    0.7091     -4.6040
    0.6582     -4.5905
    0.6104     -4.5770
    0.5663     -4.5635
    0.5296     -4.5500
    0.5061     -4.5365
    0.5026     -4.5230
    0.5243     -4.5095
    0.5718     -4.4960
    0.6380     -4.4825
    0.7099     -4.4690
    0.7760     -4.4555
    0.8334     -4.4420
    0.8904     -4.4285
    0.9608     -4.4150
    1.0527     -4.4015
    1.1601     -4.3880
    1.2630     -4.3745
    1.3396     -4.3610
    1.3805     -4.3475
    1.3931     -4.3340
    1.3940     -4.3205
    1.3962     -4.3070
    1.4049     -4.2935
    1.4235     -4.2800
    1.4586     -4.2665
    1.5179     -4.2530
    1.6020     -4.2395
    1.7014     -4.2260
    1.7996     -4.2125
    1.8768     -4.1990
    1.9128     -4.1855
    1.8906     -4.1720
    1.8046     -4.1585
    1.6673     -4.1450
    1.5077     -4.1315
    1.3628     -4.1180
    1.2641     -4.1045
    1.2264     -4.0910
    1.2429     -4.0775
    1.2894     -4.0640
    1.3348     -4.0505
    1.3563     -4.0370
    1.3478     -4.0235
    1.3180     -4.0100
    1.2798     -3.9965
    1.2394     -3.9830
    1.1962     -3.9695
    1.1506     -3.9560
    1.1116     -3.9425
    1.0954     -3.9290
    1.1167     -3.9155
    1.1807     -3.9020
    1.2797     -3.8885
    1.3922     -3.8750
    1.4863     -3.8615
    1.5286     -3.8480
    1.4991     -3.8345
    1.4018     -3.8210
    1.2635     -3.8075
    1.1190     -3.7940
    0.9957     -3.7805
    0.9050     -3.7670
    0.8455     -3.7535
    0.8099     -3.7400
    0.7901     -3.7265
    0.7792     -3.7130
    0.7705     -3.6995
    0.7577     -3.6860
    0.7359     -3.6725
    0.7027     -3.6590
    0.6582     -3.6455
    0.6050     -3.6320
    0.5477     -3.6185
    0.4933     -3.6050
    0.4511     -3.5915
    0.4327     -3.5780
    0.4504     -3.5645
    0.5129     -3.5510
    0.6183     -3.5375
    0.7485     -3.5240
    0.8721     -3.5105
    0.9562     -3.4970
    0.9810     -3.4835
    0.9472     -3.4700
    0.8734     -3.4565
    0.7855     -3.4430
    0.7063     -3.4295
    0.6495     -3.4160
    0.6194     -3.4025
    0.6137     -3.3890
    0.6261     -3.3755
    0.6474     -3.3620
    0.6661     -3.3485
    0.6713     -3.3350
    0.6555     -3.3215
    0.6183     -3.3080
    0.5657     -3.2945
    0.5080     -3.2810
    0.4558     -3.2675
    0.4172     -3.2540
    0.3960     -3.2405
    0.3919     -3.2270
    0.4022     -3.2135
    0.4238     -3.2000
    0.4558     -3.1865
    0.4985     -3.1730
    0.5516     -3.1595
    0.6102     -3.1460
    0.6642     -3.1325
    0.7022     -3.1190
    0.7175     -3.1055
    0.7124     -3.0920
    0.6955     -3.0785
    0.6756     -3.0650
    0.6574     -3.0515
    0.6409     -3.0380
    0.6247     -3.0245
    0.6091     -3.0110
    0.5969     -2.9975
    0.5920     -2.9840
    0.5985     -2.9705
    0.6175     -2.9570
    0.6465     -2.9435
    0.6795     -2.9300
    0.7095     -2.9165
    0.7306     -2.9030
    0.7392     -2.8895
    0.7345     -2.8760
    0.7188     -2.8625
    0.6966     -2.8490
    0.6735     -2.8355
    0.6528     -2.8220
    0.6342     -2.8085
    0.6136     -2.7950
    0.5872     -2.7815
    0.5546     -2.7680
    0.5198     -2.7545
    0.4891     -2.7410
    0.4671     -2.7275
    0.4545     -2.7140
    0.4483     -2.7005
    0.4442     -2.6870
    0.4398     -2.6735
    0.4365     -2.6600
    0.4387     -2.6465
    0.4509     -2.6330
    0.4742     -2.6195
    0.5051     -2.6060
    0.5368     -2.5925
    0.5620     -2.5790
    0.5762     -2.5655
    0.5775     -2.5520
    0.5671     -2.5385
    0.5496     -2.5250
    0.5330     -2.5115
    0.5263     -2.4980
    0.5351     -2.4845
    0.5576     -2.4710
    0.5848     -2.4575
    0.6055     -2.4440
    0.6118     -2.4305
    0.6029     -2.4170
    0.5841     -2.4035
    0.5641     -2.3900
    0.5508     -2.3765
    0.5482     -2.3630
    0.5546     -2.3495
    0.5636     -2.3360
    0.5679     -2.3225
    0.5623     -2.3090
    0.5452     -2.2955
    0.5180     -2.2820
    0.4831     -2.2685
    0.4436     -2.2550
    0.4033     -2.2415
    0.3667     -2.2280
    0.3389     -2.2145
    0.3240     -2.2010
    0.3244     -2.1875
    0.3391     -2.1740
    0.3642     -2.1605
    0.3941     -2.1470
    0.4231     -2.1335
    0.4474     -2.1200
    0.4659     -2.1065
    0.4797     -2.0930
    0.4900     -2.0795
    0.4978     -2.0660
    0.5031     -2.0525
    0.5057     -2.0390
    0.5057     -2.0255
    0.5042     -2.0120
    0.5038     -1.9985
    0.5074     -1.9850
    0.5170     -1.9715
    0.5327     -1.9580
    0.5532     -1.9445
    0.5772     -1.9310
    0.6037     -1.9175
    0.6329     -1.9040
    0.6647     -1.8905
    0.6971     -1.8770
    0.7252     -1.8635
    0.7406     -1.8500
    0.7337     -1.8365
    0.6999     -1.8230
    0.6440     -1.8095
    0.5808     -1.7960
    0.5282     -1.7825
    0.4999     -1.7690
    0.5004     -1.7555
    0.5259     -1.7420
    0.5686     -1.7285
    0.6186     -1.7150
    0.6644     -1.7015
    0.6941     -1.6880
    0.6984     -1.6745
    0.6750     -1.6610
    0.6308     -1.6475
    0.5791     -1.6340
    0.5336     -1.6205
    0.5034     -1.6070
    0.4915     -1.5935
    0.4960     -1.5800
    0.5127     -1.5665
    0.5366     -1.5530
    0.5629     -1.5395
    0.5877     -1.5260
    0.6074     -1.5125
    0.6187     -1.4990
    0.6174     -1.4855
    0.5992     -1.4720
    0.5609     -1.4585
    0.5024     -1.4450
    0.4281     -1.4315
    0.3475     -1.4180
    0.2727     -1.4045
    0.2152     -1.3910
    0.1823     -1.3775
    0.1742     -1.3640
    0.1856     -1.3505
    0.2083     -1.3370
    0.2357     -1.3235
    0.2646     -1.3100
    0.2943     -1.2965
    0.3232     -1.2830
    0.3465     -1.2695
    0.3584     -1.2560
    0.3545     -1.2425
    0.3355     -1.2290
    0.3065     -1.2155
    0.2745     -1.2020
    0.2462     -1.1885
    0.2251     -1.1750
    0.2120     -1.1615
    0.2069     -1.1480
    0.2103     -1.1345
    0.2238     -1.1210
    0.2467     -1.1075
    0.2739     -1.0940
    0.2965     -1.0805
    0.3098     -1.0670
    0.3222     -1.0535
    0.3563     -1.0400
    0.4395     -1.0265
    0.5878     -1.0130
    0.7934     -0.9995
    1.0237     -0.9860
    1.2302     -0.9725
    1.3637     -0.9590
    1.3889     -0.9455
    1.2967     -0.9320
    1.1096     -0.9185
    0.8750     -0.9050
    0.6458     -0.8915
    0.4612     -0.8780
    0.3362     -0.8645
    0.2671     -0.8510
    0.2431     -0.8375
    0.2535     -0.8240
    0.2904     -0.8105
    0.3479     -0.7970
    0.4217     -0.7835
    0.5044     -0.7700
    0.5807     -0.7565
    0.6271     -0.7430
    0.6222     -0.7295
    0.5622     -0.7160
    0.4671     -0.7025
    0.3742     -0.6890
    0.3234     -0.6755
    0.3463     -0.6620
    0.4605     -0.6485
    0.6662     -0.6350
    0.9399     -0.6215
    1.2311     -0.6080
    1.4714     -0.5945
    1.5986     -0.5810
    1.5841     -0.5675
    1.4453     -0.5540
    1.2360     -0.5405
    1.0241     -0.5270
    0.8704     -0.5135
    0.8127     -0.5000
    0.8583     -0.4865
    0.9840     -0.4730
    1.1471     -0.4595
    1.3018     -0.4460
    1.4127     -0.4325
    1.4602     -0.4190
    1.4393     -0.4055
    1.3569     -0.3920
    1.2275     -0.3785
    1.0688     -0.3650
    0.8975     -0.3515
    0.7264     -0.3380
    0.5644     -0.3245
    0.4195     -0.3110
    0.3004     -0.2975
    0.2144     -0.2840
    0.1635     -0.2705
    0.1423     -0.2570
    0.1411     -0.2435
    0.1497     -0.2300
    0.1622     -0.2165
    0.1773     -0.2030
    0.1975     -0.1895
    0.2260     -0.1760
    0.2639     -0.1625
    0.3089     -0.1490
    0.3570     -0.1355
    0.4068     -0.1220
    0.4631     -0.1085
    0.5337     -0.0950
    0.6217     -0.0815
    0.7199     -0.0680
    0.8135     -0.0545
    0.8899     -0.0410
    0.9439     -0.0275
    0.9763     -0.0140
    0.9864     -0.0005
    0.9677      0.0130
    0.9116      0.0265
    0.8157      0.0400
    0.6882      0.0535
    0.5467      0.0670
    0.4105      0.0805
    0.2939      0.0940
    0.2033      0.1075
    0.1382      0.1210
    0.0945      0.1345
    0.0669      0.1480
    0.0514      0.1615
    0.0450      0.1750
    0.0464      0.1885
    0.0555      0.2020
    0.0724      0.2155
    0.0958      0.2290
    0.1220      0.2425
    0.1460      0.2560
    0.1635      0.2695
    0.1731      0.2830
    0.1760      0.2965
    0.1742      0.3100
    0.1684      0.3235
    0.1583      0.3370
    0.1445      0.3505
    0.1307      0.3640
    0.1256      0.3775
    0.1412      0.3910
    0.1871      0.4045
    0.2639      0.4180
    0.3588      0.4315
    0.4496      0.4450
    0.5143      0.4585
    0.5404      0.4720
    0.5283      0.4855
    0.4886      0.4990
    0.4359      0.5125
    0.3840      0.5260
    0.3426      0.5395
    0.3155      0.5530
    0.3020      0.5665
    0.2998      0.5800
    0.3084      0.5935
    0.3294      0.6070
    0.3642      0.6205
    0.4095      0.6340
    0.4547      0.6475
    0.4836      0.6610
    0.4805      0.6745
    0.4392      0.6880
    0.3672      0.7015
    0.2835      0.7150
    0.2096      0.7285
    0.1605      0.7420
    0.1403      0.7555
    0.1419      0.7690
    0.1531      0.7825
    0.1620      0.7960
    0.1641      0.8095
    0.1635      0.8230
    0.1710      0.8365
    0.1967      0.8500
    0.2416      0.8635
    0.2946      0.8770
    0.3363      0.8905
    0.3505      0.9040
    0.3335      0.9175
    0.2968      0.9310
    0.2601      0.9445
    0.2399      0.9580
    0.2416      0.9715
    0.2601      0.9850
    0.2854      0.9985
    0.3091      1.0120
    0.3265      1.0255
    0.3377      1.0390
    0.3470      1.0525
    0.3625      1.0660
    0.3929      1.0795
    0.4406      1.0930
    0.4971      1.1065
    0.5446      1.1200
    0.5650      1.1335
    0.5485      1.1470
    0.4972      1.1605
    0.4231      1.1740
    0.3437      1.1875
    0.2769      1.2010
    0.2350      1.2145
    0.2191      1.2280
    0.2186      1.2415
    0.2186      1.2550
    0.2090      1.2685
    0.1892      1.2820
    0.1659      1.2955
    0.1462      1.3090
    0.1336      1.3225
    0.1293      1.3360
    0.1346      1.3495
    0.1518      1.3630
    0.1816      1.3765
    0.2197      1.3900
    0.2573      1.4035
    0.2838      1.4170
    0.2938      1.4305
    0.2920      1.4440
    0.2931      1.4575
    0.3154      1.4710
    0.3703      1.4845
    0.4532      1.4980
    0.5419      1.5115
    0.6052      1.5250
    0.6184      1.5385
    0.5784      1.5520
    0.5078      1.5655
    0.4440      1.5790
    0.4183      1.5925
    0.4388      1.6060
    0.4872      1.6195
    0.5321      1.6330
    0.5484      1.6465
    0.5316      1.6600
    0.4965      1.6735
    0.4651      1.6870
    0.4510      1.7005
    0.4518      1.7140
    0.4514      1.7275
    0.4310      1.7410
    0.3812      1.7545
    0.3083      1.7680
    0.2313      1.7815
    0.1714      1.7950
    0.1425      1.8085
    0.1466      1.8220
    0.1746      1.8355
    0.2115      1.8490
    0.2430      1.8625
    0.2599      1.8760
    0.2600      1.8895
    0.2470      1.9030
    0.2290      1.9165
    0.2183      1.9300
    0.2308      1.9435
    0.2808      1.9570
    0.3722      1.9705
    0.4911      1.9840
    0.6087      1.9975
