    0.0000     -8.0000
    0.0000     -7.9875
    0.0000     -7.9750
    0.0000     -7.9625
    0.0000     -7.9500
    0.0000     -7.9375
    0.0000     -7.9250
    0.0000     -7.9125
    0.0000     -7.9000
    0.0000     -7.8875
    0.0000     -7.8750
    0.0000     -7.8625
    0.0000     -7.8500
    0.0000     -7.8375
    0.0000     -7.8250
    0.0000     -7.8125
    0.0000     -7.8000
    0.0000     -7.7875
    0.0000     -7.7750
    0.0000     -7.7625
    0.0000     -7.7500
    0.0000     -7.7375
    0.0000     -7.7250
    0.0000     -7.7125
    0.0000     -7.7000
    0.0000     -7.6875
    0.0000     -7.6750
    0.0000     -7.6625
    0.0000     -7.6500
    0.0000     -7.6375
    0.0000     -7.6250
    0.0000     -7.6125
    0.0000     -7.6000
    0.0000     -7.5875
    0.0000     -7.5750
    0.0000     -7.5625
    0.0000     -7.5500
    0.0000     -7.5375
    0.0000     -7.5250
    0.0000     -7.5125
    0.0000     -7.5000
    0.0000     -7.4875
    0.0000     -7.4750
    0.0000     -7.4625
    0.0000     -7.4500
    0.0000     -7.4375
    0.0000     -7.4250
    0.0000     -7.4125
    0.0000     -7.4000
    0.0000     -7.3875
    0.0000     -7.3750
    0.0000     -7.3625
    0.0000     -7.3500
    0.0000     -7.3375
    0.0000     -7.3250
    0.0000     -7.3125
    0.0000     -7.3000
    0.0000     -7.2875
    0.0000     -7.2750
    0.0000     -7.2625
    0.0000     -7.2500
    0.0000     -7.2375
    0.0001     -7.2250
    0.0005     -7.2125
    0.0015     -7.2000
    0.0040     -7.1875
    0.0099     -7.1750
    0.0220     -7.1625
    0.0445     -7.1500
    0.0826     -7.1375
    0.1420     -7.1250
    0.2262     -7.1125
    0.3331     -7.1000
    0.4514     -7.0875
    0.5593     -7.0750
    0.6314     -7.0625
    0.6518     -7.0500
    0.6267     -7.0375
    0.5853     -7.0250
    0.5668     -7.0125
    0.5989     -7.0000
    0.6834     -6.9875
    0.7960     -6.9750
    0.8997     -6.9625
    0.9605     -6.9500
    0.9573     -6.9375
    0.8857     -6.9250
    0.7576     -6.9125
    0.6003     -6.9000
    0.4514     -6.8875
    0.3514     -6.8750
    0.3338     -6.8625
    0.4162     -6.8500
    0.5907     -6.8375
    0.8188     -6.8250
    1.0367     -6.8125
    1.1774     -6.8000
    1.2025     -6.7875
    1.1224     -6.7750
    0.9891     -6.7625
    0.8622     -6.7500
    0.7741     -6.7375
    0.7178     -6.7250
    0.6622     -6.7125
    0.5817     -6.7000
    0.4757     -6.6875
    0.3691     -6.6750
    0.2984     -6.6625
    0.2965     -6.6500
    0.3824     -6.6375
    0.5575     -6.6250
    0.8037     -6.6125
    1.0832     -6.6000
    1.3415     -6.5875
    1.5183     -6.5750
    1.5654     -6.5625
    1.4670     -6.5500
    1.2510     -6.5375
    0.9821     -6.5250
    0.7364     -6.5125
    0.5709     -6.5000
    0.5042     -6.4875
    0.5153     -6.4750
    0.5586     -6.4625
    0.5874     -6.4500
    0.5744     -6.4375
    0.5229     -6.4250
    0.4644     -6.4125
    0.4441     -6.4000
    0.5017     -6.3875
    0.6532     -6.3750
    0.8824     -6.3625
    1.1457     -6.3500
    1.3919     -6.3375
    1.5836     -6.3250
    1.7067     -6.3125
    1.7626     -6.3000
    1.7537     -6.2875
    1.6799     -6.2750
    1.5521     -6.2625
    1.4042     -6.2500
    1.2871     -6.2375
    1.2424     -6.2250
    1.2782     -6.2125
    1.3654     -6.2000
    1.4586     -6.1875
    1.5255     -6.1750
    1.5657     -6.1625
    1.6093     -6.1500
    1.7011     -6.1375
    1.8820     -6.1250
    2.1785     -6.1125
    2.6008     -6.1000
    3.1478     -6.0875
    3.8146     -6.0750
    4.5984     -6.0625
    5.4979     -6.0500
    6.5045     -6.0375
    7.5967     -6.0250
    8.7487     -6.0125
    9.9511     -6.0000
   11.2238     -5.9875
   12.6019     -5.9750
   14.1011     -5.9625
   15.6961     -5.9500
   17.3430     -5.9375
   19.0397     -5.9250
   20.8723     -5.9125
   22.9855     -5.9000
   25.4715     -5.8875
   28.2448     -5.8750
   30.9987     -5.8625
   33.2937     -5.8500
   34.7459     -5.8375
   35.2183     -5.8250
   34.9004     -5.8125
   34.2115     -5.8000
   33.5746     -5.7875
   33.2012     -5.7750
   33.0320     -5.7625
   32.8653     -5.7500
   32.5703     -5.7375
   32.2374     -5.7250
   32.1695     -5.7125
   32.7266     -5.7000
   34.1209     -5.6875
   36.2782     -5.6750
   38.8453     -5.6625
   41.3353     -5.6500
   43.3267     -5.6375
   44.6112     -5.6250
   45.2360     -5.6125
   45.4546     -5.6000
   45.6203     -5.5875
   46.0379     -5.5750
   46.7988     -5.5625
   47.6819     -5.5500
   48.2338     -5.5375
   48.0426     -5.5250
   47.0399     -5.5125
   45.5850     -5.5000
   44.2322     -5.4875
   43.3475     -5.4750
   42.8830     -5.4625
   42.4753     -5.4500
   41.7630     -5.4375
   40.6558     -5.4250
   39.3623     -5.4125
   38.1969     -5.4000
   37.3355     -5.3875
   36.7067     -5.3750
   36.0823     -5.3625
   35.2809     -5.3500
   34.3194     -5.3375
   33.3995     -5.3250
   32.7637     -5.3125
   32.5570     -5.3000
   32.8006     -5.2875
   33.4679     -5.2750
   34.5637     -5.2625
   36.1239     -5.2500
   38.1312     -5.2375
   40.4235     -5.2250
   42.6879     -5.2125
   44.5787     -5.2000
   45.8932     -5.1875
   46.6717     -5.1750
   47.1319     -5.1625
   47.4865     -5.1500
   47.8040     -5.1375
   48.0353     -5.1250
   48.1564     -5.1125
   48.2578     -5.1000
   48.4696     -5.0875
   48.8026     -5.0750
   49.0816     -5.0625
   49.0562     -5.0500
   48.5812     -5.0375
   47.7004     -5.0250
   46.5753     -5.0125
   45.3553     -5.0000
   44.1121     -4.9875
   42.8691     -4.9750
   41.6657     -4.9625
   40.5904     -4.9500
   39.7637     -4.9375
   39.2916     -4.9250
   39.2140     -4.9125
   39.4719     -4.9000
   39.9141     -4.8875
   40.3418     -4.8750
   40.5623     -4.8625
   40.4269     -4.8500
   39.8667     -4.8375
   38.9412     -4.8250
   37.8731     -4.8125
   37.0015     -4.8000
   36.6310     -4.7875
   36.8586     -4.7750
   37.5069     -4.7625
   38.2250     -4.7500
   38.6901     -4.7375
   38.7788     -4.7250
   38.6141     -4.7125
   38.4921     -4.7000
   38.7460     -4.6875
   39.6075     -4.6750
   41.1020     -4.6625
   43.0167     -4.6500
   44.9769     -4.6375
   46.6290     -4.6250
   47.8458     -4.6125
   48.8322     -4.6000
   50.0480     -4.5875
   51.9775     -4.5750
   54.8763     -4.5625
   58.6407     -4.5500
   62.8665     -4.5375
   67.0361     -4.5250
   70.7069     -4.5125
   73.6086     -4.5000
   75.6482     -4.4875
   76.8743     -4.4750
   77.4411     -4.4625
   77.5712     -4.4500
   77.4997     -4.4375
   77.4051     -4.4250
   77.3514     -4.4125
   77.2680     -4.4000
   76.9658     -4.3875
   76.1785     -4.3750
   74.6212     -4.3625
   72.0828     -4.3500
   68.5429     -4.3375
   64.2555     -4.3250
   59.7197     -4.3125
   55.5289     -4.3000
   52.1880     -4.2875
   50.0107     -4.2750
   49.1103     -4.2625
   49.4153     -4.2500
   50.6516     -4.2375
   52.3315     -4.2250
   53.8268     -4.2125
   54.5503     -4.2000
   54.1756     -4.1875
   52.7780     -4.1750
   50.8068     -4.1625
   48.8879     -4.1500
   47.5572     -4.1375
   47.0723     -4.1250
   47.3852     -4.1125
   48.2446     -4.1000
   49.3314     -4.0875
   50.3586     -4.0750
   51.1371     -4.0625
   51.6310     -4.0500
   51.9865     -4.0375
   52.4917     -4.0250
   53.4495     -4.0125
   55.0155     -4.0000
   57.0849     -3.9875
   59.2924     -3.9750
   61.1256     -3.9625
   62.1109     -3.9500
   62.0058     -3.9375
   60.9174     -3.9250
   59.2701     -3.9125
   57.6086     -3.9000
   56.3376     -3.8875
   55.5656     -3.8750
   55.1494     -3.8625
   54.8859     -3.8500
   54.6879     -3.8375
   54.6243     -3.8250
   54.8289     -3.8125
   55.3756     -3.8000
   56.2151     -3.7875
   57.1991     -3.7750
   58.1511     -3.7625
   58.9247     -3.7500
   59.4184     -3.7375
   59.5637     -3.7250
   59.3253     -3.7125
   58.7289     -3.7000
   57.8907     -3.6875
   57.0165     -3.6750
   56.3602     -3.6625
   56.1579     -3.6500
   56.5628     -3.6375
   57.6001     -3.6250
   59.1547     -3.6125
   60.9975     -3.6000
   62.8401     -3.5875
   64.3961     -3.5750
   65.4332     -3.5625
   65.8116     -3.5500
   65.5111     -3.5375
   64.6362     -3.5250
   63.3862     -3.5125
   61.9860     -3.5000
   60.6027     -3.4875
   59.2972     -3.4750
   58.0485     -3.4625
   56.8446     -3.4500
   55.7740     -3.4375
   55.0380     -3.4250
   54.8588     -3.4125
   55.3480     -3.4000
   56.4416     -3.3875
   57.9503     -3.3750
   59.6633     -3.3625
   61.4038     -3.3500
   63.0094     -3.3375
   64.3099     -3.3250
   65.1738     -3.3125
   65.5937     -3.3000
   65.7045     -3.2875
   65.6861     -3.2750
   65.6253     -3.2625
   65.4609     -3.2500
   65.0598     -3.2375
   64.3489     -3.2250
   63.3953     -3.2125
   62.3928     -3.2000
   61.5848     -3.1875
   61.1746     -3.1750
   61.2531     -3.1625
   61.7760     -3.1500
   62.6172     -3.1375
   63.6818     -3.1250
   64.9902     -3.1125
   66.6507     -3.1000
   68.7367     -3.0875
   71.1776     -3.0750
   73.7531     -3.0625
   76.1681     -3.0500
   78.1189     -3.0375
   79.3108     -3.0250
   79.4730     -3.0125
   78.4173     -3.0000
   76.1221     -2.9875
   72.7721     -2.9750
   68.7118     -2.9625
   64.3319     -2.9500
   59.9509     -2.9375
   55.7480     -2.9250
   51.7758     -2.9125
   48.0265     -2.9000
   44.4919     -2.8875
   41.1715     -2.8750
   38.0457     -2.8625
   35.0640     -2.8500
   32.1669     -2.8375
   29.3032     -2.8250
   26.4170     -2.8125
   23.4319     -2.8000
   20.2788     -2.7875
   16.9648     -2.7750
   13.6207     -2.7625
   10.4776     -2.7500
    7.7772     -2.7375
    5.6778     -2.7250
    4.2065     -2.7125
    3.2737     -2.7000
    2.7235     -2.6875
    2.3878     -2.6750
    2.1260     -2.6625
    1.8478     -2.6500
    1.5214     -2.6375
    1.1661     -2.6250
    0.8317     -2.6125
    0.5743     -2.6000
    0.4396     -2.5875
    0.4575     -2.5750
    0.6420     -2.5625
    0.9875     -2.5500
    1.4679     -2.5375
    2.0478     -2.5250
    2.7091     -2.5125
    3.4755     -2.5000
    4.4016     -2.4875
    5.5156     -2.4750
    6.7492     -2.4625
    7.9146     -2.4500
    8.7621     -2.4375
    9.0880     -2.4250
    8.8216     -2.4125
    8.0414     -2.4000
    6.9266     -2.3875
    5.6884     -2.3750
    4.5186     -2.3625
    3.5603     -2.3500
    2.8939     -2.3375
    2.5318     -2.3250
    2.4258     -2.3125
    2.4861     -2.3000
    2.6094     -2.2875
    2.7027     -2.2750
    2.6988     -2.2625
    2.5628     -2.2500
    2.2961     -2.2375
    1.9396     -2.2250
    1.5682     -2.2125
    1.2707     -2.2000
    1.1191     -2.1875
    1.1406     -2.1750
    1.3061     -2.1625
    1.5393     -2.1500
    1.7471     -2.1375
    1.8585     -2.1250
    1.8559     -2.1125
    1.7792     -2.1000
    1.6981     -2.0875
    1.6720     -2.0750
    1.7203     -2.0625
    1.8234     -2.0500
    1.9473     -2.0375
    2.0717     -2.0250
    2.2017     -2.0125
    2.3627     -2.0000
    2.5899     -1.9875
    2.9207     -1.9750
    3.3888     -1.9625
    4.0100     -1.9500
    4.7616     -1.9375
    5.5695     -1.9250
    6.3213     -1.9125
    6.9065     -1.9000
    7.2666     -1.8875
    7.4221     -1.8750
    7.4554     -1.8625
    7.4564     -1.8500
    7.4681     -1.8375
    7.4667     -1.8250
    7.3912     -1.8125
    7.1980     -1.8000
    6.9066     -1.7875
    6.6042     -1.7750
    6.4032     -1.7625
    6.3743     -1.7500
    6.4965     -1.7375
    6.6616     -1.7250
    6.7357     -1.7125
    6.6379     -1.7000
    6.3791     -1.6875
    6.0407     -1.6750
    5.7130     -1.6625
    5.4426     -1.6500
    5.2171     -1.6375
    4.9857     -1.6250
    4.6905     -1.6125
    4.2902     -1.6000
    3.7740     -1.5875
    3.1670     -1.5750
    2.5270     -1.5625
    1.9304     -1.5500
    1.4481     -1.5375
    1.1249     -1.5250
    0.9731     -1.5125
    0.9804     -1.5000
    1.1266     -1.4875
    1.3992     -1.4750
    1.8015     -1.4625
    2.3539     -1.4500
    3.0824     -1.4375
    3.9998     -1.4250
    5.0833     -1.4125
    6.2647     -1.4000
    7.4451     -1.3875
    8.5330     -1.3750
    9.4859     -1.3625
   10.3245     -1.3500
   11.1036     -1.3375
   11.8501     -1.3250
   12.5092     -1.3125
   12.9390     -1.3000
   12.9662     -1.2875
   12.4693     -1.2750
   11.4374     -1.2625
    9.9747     -1.2500
    8.2617     -1.2375
    6.5049     -1.2250
    4.8965     -1.2125
    3.5889     -1.2000
    2.6782     -1.1875
    2.1942     -1.1750
    2.0987     -1.1625
    2.2945     -1.1500
    2.6532     -1.1375
    3.0590     -1.1250
    3.4526     -1.1125
    3.8454     -1.1000
    4.2862     -1.0875
    4.7960     -1.0750
    5.3198     -1.0625
    5.7372     -1.0500
    5.9359     -1.0375
    5.8991     -1.0250
    5.7448     -1.0125
    5.6830     -1.0000
    5.9087     -0.9875
    6.4910     -0.9750
    7.3259     -0.9625
    8.1793     -0.9500
    8.7960     -0.9375
    9.0091     -0.9250
    8.7962     -0.9125
    8.2651     -0.9000
    7.5941     -0.8875
    6.9621     -0.8750
    6.4945     -0.8625
    6.2382     -0.8500
    6.1738     -0.8375
    6.2567     -0.8250
    6.4592     -0.8125
    6.7769     -0.8000
    7.1925     -0.7875
    7.6346     -0.7750
    7.9815     -0.7625
    8.1165     -0.7500
    7.9910     -0.7375
    7.6389     -0.7250
    7.1321     -0.7125
    6.5208     -0.7000
    5.8095     -0.6875
    4.9848     -0.6750
    4.0647     -0.6625
    3.1248     -0.6500
    2.2805     -0.6375
    1.6408     -0.6250
    1.2627     -0.6125
    1.1320     -0.6000
    1.1742     -0.5875
    1.2879     -0.5750
    1.3854     -0.5625
    1.4221     -0.5500
    1.4025     -0.5375
    1.3594     -0.5250
    1.3217     -0.5125
    1.2944     -0.5000
    1.2642     -0.4875
    1.2248     -0.4750
    1.1987     -0.4625
    1.2389     -0.4500
    1.4137     -0.4375
    1.7903     -0.4250
    2.4268     -0.4125
    3.3589     -0.4000
    4.5670     -0.3875
    5.9305     -0.3750
    7.2127     -0.3625
    8.1195     -0.3500
    8.4223     -0.3375
    8.0785     -0.3250
    7.2632     -0.3125
    6.2851     -0.3000
    5.4397     -0.2875
    4.8903     -0.2750
    4.6404     -0.2625
    4.5879     -0.2500
    4.6062     -0.2375
    4.5950     -0.2250
    4.4882     -0.2125
    4.2480     -0.2000
    3.8705     -0.1875
    3.4015     -0.1750
    2.9338     -0.1625
    2.5721     -0.1500
    2.3824     -0.1375
    2.3588     -0.1250
    2.4336     -0.1125
    2.5259     -0.1000
    2.5967     -0.0875
    2.6732     -0.0750
    2.8251     -0.0625
    3.1113     -0.0500
    3.5355     -0.0375
    4.0347     -0.0250
    4.5000     -0.0125
    4.8132      0.0000
    4.8859      0.0125
    4.6900      0.0250
    4.2703      0.0375
    3.7284      0.0500
    3.1825      0.0625
    2.7281      0.0750
    2.4172      0.0875
    2.2596      0.1000
    2.2284      0.1125
    2.2640      0.1250
    2.2841      0.1375
    2.2096      0.1500
    1.9997      0.1625
    1.6719      0.1750
    1.2951      0.1875
    0.9565      0.2000
    0.7267      0.2125
    0.6367      0.2250
    0.6777      0.2375
    0.8161      0.2500
    1.0155      0.2625
    1.2523      0.2750
    1.5178      0.2875
    1.8080      0.3000
    2.1124      0.3125
    2.4136      0.3250
    2.6991      0.3375
    2.9726      0.3500
    3.2535      0.3625
    3.5661      0.3750
    3.9285      0.3875
    4.3534      0.4000
    4.8503      0.4125
    5.4188      0.4250
    6.0278      0.4375
    6.6008      0.4500
    7.0299      0.4625
    7.2196      0.4750
    7.1384      0.4875
    6.8406      0.5000
    6.4458      0.5125
    6.0893      0.5250
    5.8713      0.5375
    5.8285      0.5500
    5.9272      0.5625
    6.0750      0.5750
    6.1451      0.5875
    6.0146      0.6000
    5.6090      0.6125
    4.9353      0.6250
    4.0838      0.6375
    3.1953      0.6500
    2.4144      0.6625
    1.8536      0.6750
    1.5770      0.6875
    1.5970      0.7000
    1.8699      0.7125
    2.2977      0.7250
    2.7476      0.7375
    3.0930      0.7500
    3.2573      0.7625
    3.2315      0.7750
    3.0597      0.7875
    2.8062      0.8000
    2.5286      0.8125
    2.2662      0.8250
    2.0360      0.8375
    1.8341      0.8500
    1.6421      0.8625
    1.4439      0.8750
    1.2446      0.8875
    1.0790      0.9000
    1.0026      0.9125
    1.0684      0.9250
    1.3013      0.9375
    1.6795      0.9500
    2.1321      0.9625
    2.5553      0.9750
    2.8463      0.9875
    2.9452      1.0000
    2.8671      1.0125
    2.7016      1.0250
    2.5772      1.0375
    2.6017      1.0500
    2.8129      1.0625
    3.1639      1.0750
    3.5484      1.0875
    3.8496      1.1000
    3.9874      1.1125
    3.9420      1.1250
    3.7500      1.1375
    3.4813      1.1500
    3.2156      1.1625
    3.0266      1.1750
    2.9731      1.1875
    3.0905      1.2000
    3.3795      1.2125
    3.7998      1.2250
    4.2770      1.2375
    4.7224      1.2500
    5.0586      1.2625
    5.2400      1.2750
    5.2649      1.2875
    5.1757      1.3000
    5.0478      1.3125
    4.9648      1.3250
    4.9856      1.3375
    5.1164      1.3500
    5.3050      1.3625
    5.4643      1.3750
    5.5122      1.3875
    5.4039      1.4000
    5.1436      1.4125
    4.7733      1.4250
    4.3497      1.4375
    3.9231      1.4500
    3.5257      1.4625
    3.1794      1.4750
    2.9121      1.4875
    2.7673      1.5000
    2.7880      1.5125
    2.9826      1.5250
    3.2990      1.5375
    3.6315      1.5500
    3.8599      1.5625
    3.8978      1.5750
    3.7228      1.5875
    3.3758      1.6000
    2.9370      1.6125
    2.4963      1.6250
    2.1291      1.6375
    1.8810      1.6500
    1.7617      1.6625
    1.7469      1.6750
    1.7915      1.6875
    1.8482      1.7000
    1.8848      1.7125
    1.8915      1.7250
    1.8793      1.7375
    1.8742      1.7500
    1.9112      1.7625
    2.0293      1.7750
    2.2656      1.7875
    2.6437      1.8000
    3.1610      1.8125
    3.7793      1.8250
    4.4262      1.8375
    5.0095      1.8500
    5.4421      1.8625
    5.6686      1.8750
    5.6792      1.8875
    5.5032      1.9000
    5.1810      1.9125
    4.7387      1.9250
    4.1862      1.9375
    3.5413      1.9500
    2.8559      1.9625
    2.2191      1.9750
    1.7317      1.9875
    1.4702      2.0000
