    0.1191     -8.0000
    0.0840     -7.9800
    0.0492     -7.9600
    0.0273     -7.9400
    0.0166     -7.9200
    0.0109     -7.9000
    0.0094     -7.8800
    0.0174     -7.8600
    0.0426     -7.8400
    0.0871     -7.8200
    0.1502     -7.8000
    0.2903     -7.7800
    0.7933     -7.7600
    2.3183     -7.7400
    5.5443     -7.7200
   10.0190     -7.7000
   13.4487     -7.6800
   13.3731     -7.6600
    9.8838     -7.6400
    5.5030     -7.6200
    2.3982     -7.6000
    0.8917     -7.5800
    0.3175     -7.5600
    0.1112     -7.5400
    0.0349     -7.5200
    0.0105     -7.5000
    0.0078     -7.4800
    0.0146     -7.4600
    0.0243     -7.4400
    0.0299     -7.4200
    0.0280     -7.4000
    0.0231     -7.3800
    0.0247     -7.3600
    0.0378     -7.3400
    0.0589     -7.3200
    0.0787     -7.3000
    0.0880     -7.2800
    0.0834     -7.2600
    0.0715     -7.2400
    0.0645     -7.2200
    0.0689     -7.2000
    0.0785     -7.1800
    0.0809     -7.1600
    0.0692     -7.1400
    0.0469     -7.1200
    0.0248     -7.1000
    0.0119     -7.0800
    0.0115     -7.0600
    0.0234     -7.0400
    0.0434     -7.0200
    0.0600     -7.0000
    0.0624     -6.9800
    0.0528     -6.9600
    0.0441     -6.9400
    0.0429     -6.9200
    0.0432     -6.9000
    0.0381     -6.8800
    0.0283     -6.8600
    0.0196     -6.8400
    0.0180     -6.8200
    0.0270     -6.8000
    0.0449     -6.7800
    0.0638     -6.7600
    0.0730     -6.7400
    0.0669     -6.7200
    0.0491     -6.7000
    0.0295     -6.6800
    0.0157     -6.6600
    0.0088     -6.6400
    0.0070     -6.6200
    0.0087     -6.6000
    0.0129     -6.5800
    0.0178     -6.5600
    0.0209     -6.5400
    0.0203     -6.5200
    0.0158     -6.5000
    0.0101     -6.4800
    0.0072     -6.4600
    0.0097     -6.4400
    0.0174     -6.4200
    0.0283     -6.4000
    0.0397     -6.3800
    0.0479     -6.3600
    0.0486     -6.3400
    0.0400     -6.3200
    0.0262     -6.3000
    0.0137     -6.2800
    0.0065     -6.2600
    0.0051     -6.2400
    0.0084     -6.2200
    0.0141     -6.2000
    0.0185     -6.1800
    0.0189     -6.1600
    0.0163     -6.1400
    0.0145     -6.1200
    0.0160     -6.1000
    0.0189     -6.0800
    0.0205     -6.0600
    0.0208     -6.0400
    0.0221     -6.0200
    0.0245     -6.0000
    0.0257     -5.9800
    0.0238     -5.9600
    0.0190     -5.9400
    0.0126     -5.9200
    0.0067     -5.9000
    0.0030     -5.8800
    0.0018     -5.8600
    0.0023     -5.8400
    0.0038     -5.8200
    0.0062     -5.8000
    0.0091     -5.7800
    0.0124     -5.7600
    0.0162     -5.7400
    0.0207     -5.7200
    0.0250     -5.7000
    0.0273     -5.6800
    0.0268     -5.6600
    0.0245     -5.6400
    0.0213     -5.6200
    0.0178     -5.6000
    0.0145     -5.5800
    0.0115     -5.5600
    0.0084     -5.5400
    0.0059     -5.5200
    0.0058     -5.5000
    0.0097     -5.4800
    0.0178     -5.4600
    0.0265     -5.4400
    0.0300     -5.4200
    0.0260     -5.4000
    0.0183     -5.3800
    0.0120     -5.3600
    0.0093     -5.3400
    0.0090     -5.3200
    0.0097     -5.3000
    0.0112     -5.2800
    0.0151     -5.2600
    0.0223     -5.2400
    0.0299     -5.2200
    0.0332     -5.2000
    0.0301     -5.1800
    0.0236     -5.1600
    0.0182     -5.1400
    0.0151     -5.1200
    0.0128     -5.1000
    0.0104     -5.0800
    0.0085     -5.0600
    0.0084     -5.0400
    0.0102     -5.0200
    0.0125     -5.0000
    0.0137     -4.9800
    0.0140     -4.9600
    0.0149     -4.9400
    0.0170     -4.9200
    0.0196     -4.9000
    0.0219     -4.8800
    0.0232     -4.8600
    0.0227     -4.8400
    0.0203     -4.8200
    0.0172     -4.8000
    0.0159     -4.7800
    0.0168     -4.7600
    0.0187     -4.7400
    0.0203     -4.7200
    0.0215     -4.7000
    0.0219     -4.6800
    0.0211     -4.6600
    0.0200     -4.6400
    0.0205     -4.6200
    0.0226     -4.6000
    0.0243     -4.5800
    0.0237     -4.5600
    0.0212     -4.5400
    0.0185     -4.5200
    0.0168     -4.5000
    0.0172     -4.4800
    0.0205     -4.4600
    0.0268     -4.4400
    0.0345     -4.4200
    0.0398     -4.4000
    0.0399     -4.3800
    0.0362     -4.3600
    0.0324     -4.3400
    0.0307     -4.3200
    0.0305     -4.3000
    0.0302     -4.2800
    0.0289     -4.2600
    0.0267     -4.2400
    0.0251     -4.2200
    0.0253     -4.2000
    0.0272     -4.1800
    0.0291     -4.1600
    0.0293     -4.1400
    0.0277     -4.1200
    0.0253     -4.1000
    0.0230     -4.0800
    0.0209     -4.0600
    0.0200     -4.0400
    0.0225     -4.0200
    0.0287     -4.0000
    0.0355     -3.9800
    0.0382     -3.9600
    0.0358     -3.9400
    0.0309     -3.9200
    0.0272     -3.9000
    0.0271     -3.8800
    0.0300     -3.8600
    0.0341     -3.8400
    0.0380     -3.8200
    0.0421     -3.8000
    0.0472     -3.7800
    0.0547     -3.7600
    0.0662     -3.7400
    0.0815     -3.7200
    0.0987     -3.7000
    0.1140     -3.6800
    0.1233     -3.6600
    0.1255     -3.6400
    0.1237     -3.6200
    0.1233     -3.6000
    0.1281     -3.5800
    0.1356     -3.5600
    0.1397     -3.5400
    0.1379     -3.5200
    0.1337     -3.5000
    0.1322     -3.4800
    0.1362     -3.4600
    0.1481     -3.4400
    0.1710     -3.4200
    0.2046     -3.4000
    0.2427     -3.3800
    0.2739     -3.3600
    0.2900     -3.3400
    0.2902     -3.3200
    0.2828     -3.3000
    0.2830     -3.2800
    0.3010     -3.2600
    0.3299     -3.2400
    0.3518     -3.2200
    0.3582     -3.2000
    0.3552     -3.1800
    0.3444     -3.1600
    0.3160     -3.1400
    0.2698     -3.1200
    0.2270     -3.1000
    0.2077     -3.0800
    0.2091     -3.0600
    0.2148     -3.0400
    0.2166     -3.0200
    0.2189     -3.0000
    0.2274     -2.9800
    0.2437     -2.9600
    0.2660     -2.9400
    0.2856     -2.9200
    0.2902     -2.9000
    0.2742     -2.8800
    0.2432     -2.8600
    0.2089     -2.8400
    0.1810     -2.8200
    0.1612     -2.8000
    0.1451     -2.7800
    0.1310     -2.7600
    0.1224     -2.7400
    0.1221     -2.7200
    0.1269     -2.7000
    0.1289     -2.6800
    0.1209     -2.6600
    0.1034     -2.6400
    0.0841     -2.6200
    0.0710     -2.6000
    0.0679     -2.5800
    0.0746     -2.5600
    0.0867     -2.5400
    0.0960     -2.5200
    0.0962     -2.5000
    0.0869     -2.4800
    0.0731     -2.4600
    0.0608     -2.4400
    0.0550     -2.4200
    0.0582     -2.4000
    0.0702     -2.3800
    0.0869     -2.3600
    0.1013     -2.3400
    0.1070     -2.3200
    0.1012     -2.3000
    0.0865     -2.2800
    0.0696     -2.2600
    0.0576     -2.2400
    0.0529     -2.2200
    0.0530     -2.2000
    0.0548     -2.1800
    0.0578     -2.1600
    0.0632     -2.1400
    0.0726     -2.1200
    0.0853     -2.1000
    0.0970     -2.0800
    0.1034     -2.0600
    0.1059     -2.0400
    0.1080     -2.0200
    0.1090     -2.0000
    0.1054     -1.9800
    0.0990     -1.9600
    0.0953     -1.9400
    0.0966     -1.9200
    0.0997     -1.9000
    0.1013     -1.8800
    0.1015     -1.8600
    0.1017     -1.8400
    0.1013     -1.8200
    0.0982     -1.8000
    0.0919     -1.7800
    0.0848     -1.7600
    0.0807     -1.7400
    0.0827     -1.7200
    0.0916     -1.7000
    0.1034     -1.6800
    0.1103     -1.6600
    0.1068     -1.6400
    0.0960     -1.6200
    0.0881     -1.6000
    0.0909     -1.5800
    0.1035     -1.5600
    0.1190     -1.5400
    0.1325     -1.5200
    0.1434     -1.5000
    0.1518     -1.4800
    0.1546     -1.4600
    0.1472     -1.4400
    0.1265     -1.4200
    0.0955     -1.4000
    0.0634     -1.3800
    0.0397     -1.3600
    0.0263     -1.3400
    0.0190     -1.3200
    0.0148     -1.3000
    0.0138     -1.2800
    0.0164     -1.2600
    0.0208     -1.2400
    0.0239     -1.2200
    0.0236     -1.2000
    0.0208     -1.1800
    0.0182     -1.1600
    0.0170     -1.1400
    0.0152     -1.1200
    0.0115     -1.1000
    0.0073     -1.0800
    0.0054     -1.0600
    0.0068     -1.0400
    0.0099     -1.0200
    0.0122     -1.0000
    0.0128     -0.9800
    0.0128     -0.9600
    0.0138     -0.9400
    0.0159     -0.9200
    0.0187     -0.9000
    0.0216     -0.8800
    0.0246     -0.8600
    0.0269     -0.8400
    0.0272     -0.8200
    0.0244     -0.8000
    0.0194     -0.7800
    0.0148     -0.7600
    0.0127     -0.7400
    0.0137     -0.7200
    0.0175     -0.7000
    0.0223     -0.6800
    0.0260     -0.6600
    0.0293     -0.6400
    0.0341     -0.6200
    0.0419     -0.6000
    0.0526     -0.5800
    0.0644     -0.5600
    0.0721     -0.5400
    0.0699     -0.5200
    0.0586     -0.5000
    0.0460     -0.4800
    0.0377     -0.4600
    0.0319     -0.4400
    0.0251     -0.4200
    0.0190     -0.4000
    0.0172     -0.3800
    0.0197     -0.3600
    0.0230     -0.3400
    0.0269     -0.3200
    0.0364     -0.3000
    0.0550     -0.2800
    0.0776     -0.2600
    0.0933     -0.2400
    0.0967     -0.2200
    0.0947     -0.2000
    0.0982     -0.1800
    0.1077     -0.1600
    0.1137     -0.1400
    0.1083     -0.1200
    0.0937     -0.1000
    0.0773     -0.0800
    0.0650     -0.0600
    0.0575     -0.0400
    0.0517     -0.0200
    0.0440      0.0000
    0.0354      0.0200
    0.0311      0.0400
    0.0366      0.0600
    0.0527      0.0800
    0.0714      0.1000
    0.0797      0.1200
    0.0719      0.1400
    0.0554      0.1600
    0.0402      0.1800
    0.0291      0.2000
    0.0208      0.2200
    0.0166      0.2400
    0.0195      0.2600
    0.0313      0.2800
    0.0539      0.3000
    0.0917      0.3200
    0.1444      0.3400
    0.1967      0.3600
    0.2231      0.3800
    0.2099      0.4000
    0.1689      0.4200
    0.1229      0.4400
    0.0857      0.4600
    0.0614      0.4800
    0.0546      0.5000
    0.0694      0.5200
    0.0983      0.5400
    0.1217      0.5600
    0.1245      0.5800
    0.1096      0.6000
    0.0906      0.6200
    0.0766      0.6400
    0.0684      0.6600
    0.0659      0.6800
    0.0704      0.7000
    0.0810      0.7200
    0.0917      0.7400
    0.0953      0.7600
    0.0913      0.7800
    0.0881      0.8000
    0.0979      0.8200
    0.1257      0.8400
    0.1665      0.8600
    0.2097      0.8800
    0.2418      0.9000
    0.2499      0.9200
    0.2322      0.9400
    0.2010      0.9600
    0.1716      0.9800
    0.1529      1.0000
    0.1508      1.0200
    0.1692      1.0400
    0.1986      1.0600
    0.2137      1.0800
    0.1962      1.1000
    0.1553      1.1200
    0.1152      1.1400
    0.0898      1.1600
    0.0772      1.1800
    0.0723      1.2000
    0.0777      1.2200
    0.1008      1.2400
    0.1441      1.2600
    0.1995      1.2800
    0.2495      1.3000
    0.2781      1.3200
    0.2833      1.3400
    0.2716      1.3600
    0.2474      1.3800
    0.2216      1.4000
    0.2176      1.4200
    0.2466      1.4400
    0.2930      1.4600
    0.3291      1.4800
    0.3366      1.5000
    0.3191      1.5200
    0.2968      1.5400
    0.2831      1.5600
    0.2761      1.5800
    0.2744      1.6000
    0.2853      1.6200
    0.3153      1.6400
    0.3615      1.6600
    0.4066      1.6800
    0.4229      1.7000
    0.3875      1.7200
    0.3035      1.7400
    0.2137      1.7600
    0.1857      1.7800
    0.2684      1.8000
    0.4469      1.8200
    0.6410      1.8400
    0.7661      1.8600
    0.7927      1.8800
    0.7426      1.9000
    0.6620      1.9200
    0.6155      1.9400
    0.6500      1.9600
    0.7318      1.9800
    0.7635      2.0000
