    0.0000     -8.0000
    0.0000     -7.9875
    0.0000     -7.9750
    0.0000     -7.9625
    0.0000     -7.9500
    0.0000     -7.9375
    0.0000     -7.9250
    0.0000     -7.9125
    0.0000     -7.9000
    0.0000     -7.8875
    0.0000     -7.8750
    0.0000     -7.8625
    0.0000     -7.8500
    0.0000     -7.8375
    0.0000     -7.8250
    0.0000     -7.8125
    0.0000     -7.8000
    0.0000     -7.7875
    0.0000     -7.7750
    0.0000     -7.7625
    0.0000     -7.7500
    0.0000     -7.7375
    0.0000     -7.7250
    0.0000     -7.7125
    0.0000     -7.7000
    0.0000     -7.6875
    0.0000     -7.6750
    0.0000     -7.6625
    0.0000     -7.6500
    0.0000     -7.6375
    0.0000     -7.6250
    0.0000     -7.6125
    0.0000     -7.6000
    0.0000     -7.5875
    0.0000     -7.5750
    0.0000     -7.5625
    0.0000     -7.5500
    0.0000     -7.5375
    0.0000     -7.5250
    0.0000     -7.5125
    0.0000     -7.5000
    0.0000     -7.4875
    0.0000     -7.4750
    0.0000     -7.4625
    0.0000     -7.4500
    0.0000     -7.4375
    0.0000     -7.4250
    0.0000     -7.4125
    0.0000     -7.4000
    0.0000     -7.3875
    0.0000     -7.3750
    0.0000     -7.3625
    0.0000     -7.3500
    0.0000     -7.3375
    0.0000     -7.3250
    0.0000     -7.3125
    0.0000     -7.3000
    0.0000     -7.2875
    0.0000     -7.2750
    0.0000     -7.2625
    0.0001     -7.2500
    0.0003     -7.2375
    0.0006     -7.2250
    0.0011     -7.2125
    0.0020     -7.2000
    0.0034     -7.1875
    0.0053     -7.1750
    0.0077     -7.1625
    0.0103     -7.1500
    0.0126     -7.1375
    0.0139     -7.1250
    0.0142     -7.1125
    0.0135     -7.1000
    0.0125     -7.0875
    0.0122     -7.0750
    0.0131     -7.0625
    0.0151     -7.0500
    0.0176     -7.0375
    0.0198     -7.0250
    0.0210     -7.0125
    0.0208     -7.0000
    0.0191     -6.9875
    0.0163     -6.9750
    0.0128     -6.9625
    0.0096     -6.9500
    0.0076     -6.9375
    0.0074     -6.9250
    0.0096     -6.9125
    0.0138     -6.9000
    0.0193     -6.8875
    0.0245     -6.8750
    0.0279     -6.8625
    0.0285     -6.8500
    0.0267     -6.8375
    0.0236     -6.8250
    0.0207     -6.8125
    0.0187     -6.8000
    0.0176     -6.7875
    0.0164     -6.7750
    0.0145     -6.7625
    0.0120     -6.7500
    0.0093     -6.7375
    0.0075     -6.7250
    0.0074     -6.7125
    0.0096     -6.7000
    0.0140     -6.6875
    0.0205     -6.6750
    0.0280     -6.6625
    0.0352     -6.6500
    0.0404     -6.6375
    0.0423     -6.6250
    0.0404     -6.6125
    0.0354     -6.6000
    0.0291     -6.5875
    0.0231     -6.5750
    0.0190     -6.5625
    0.0167     -6.5500
    0.0156     -6.5375
    0.0147     -6.5250
    0.0135     -6.5125
    0.0122     -6.5000
    0.0116     -6.4875
    0.0125     -6.4750
    0.0155     -6.4625
    0.0202     -6.4500
    0.0255     -6.4375
    0.0298     -6.4250
    0.0321     -6.4125
    0.0323     -6.4000
    0.0316     -6.3875
    0.0315     -6.3750
    0.0329     -6.3625
    0.0356     -6.3500
    0.0383     -6.3375
    0.0399     -6.3250
    0.0400     -6.3125
    0.0388     -6.3000
    0.0372     -6.2875
    0.0361     -6.2750
    0.0358     -6.2625
    0.0366     -6.2500
    0.0385     -6.2375
    0.0413     -6.2250
    0.0448     -6.2125
    0.0491     -6.2000
    0.0543     -6.1875
    0.0612     -6.1750
    0.0703     -6.1625
    0.0822     -6.1500
    0.0977     -6.1375
    0.1174     -6.1250
    0.1411     -6.1125
    0.1674     -6.1000
    0.1934     -6.0875
    0.2157     -6.0750
    0.2325     -6.0625
    0.2434     -6.0500
    0.2496     -6.0375
    0.2527     -6.0250
    0.2541     -6.0125
    0.2552     -6.0000
    0.2577     -5.9875
    0.2629     -5.9750
    0.2711     -5.9625
    0.2814     -5.9500
    0.2931     -5.9375
    0.3053     -5.9250
    0.3180     -5.9125
    0.3305     -5.9000
    0.3413     -5.8875
    0.3482     -5.8750
    0.3485     -5.8625
    0.3409     -5.8500
    0.3266     -5.8375
    0.3092     -5.8250
    0.2942     -5.8125
    0.2869     -5.8000
    0.2899     -5.7875
    0.3022     -5.7750
    0.3191     -5.7625
    0.3350     -5.7500
    0.3451     -5.7375
    0.3485     -5.7250
    0.3470     -5.7125
    0.3436     -5.7000
    0.3403     -5.6875
    0.3371     -5.6750
    0.3330     -5.6625
    0.3274     -5.6500
    0.3208     -5.6375
    0.3141     -5.6250
    0.3082     -5.6125
    0.3032     -5.6000
    0.2992     -5.5875
    0.2961     -5.5750
    0.2940     -5.5625
    0.2928     -5.5500
    0.2921     -5.5375
    0.2911     -5.5250
    0.2890     -5.5125
    0.2852     -5.5000
    0.2793     -5.4875
    0.2710     -5.4750
    0.2604     -5.4625
    0.2478     -5.4500
    0.2338     -5.4375
    0.2200     -5.4250
    0.2084     -5.4125
    0.2009     -5.4000
    0.1985     -5.3875
    0.1999     -5.3750
    0.2031     -5.3625
    0.2063     -5.3500
    0.2090     -5.3375
    0.2124     -5.3250
    0.2179     -5.3125
    0.2264     -5.3000
    0.2367     -5.2875
    0.2466     -5.2750
    0.2539     -5.2625
    0.2576     -5.2500
    0.2587     -5.2375
    0.2586     -5.2250
    0.2584     -5.2125
    0.2578     -5.2000
    0.2562     -5.1875
    0.2535     -5.1750
    0.2504     -5.1625
    0.2481     -5.1500
    0.2469     -5.1375
    0.2463     -5.1250
    0.2448     -5.1125
    0.2409     -5.1000
    0.2338     -5.0875
    0.2235     -5.0750
    0.2111     -5.0625
    0.1980     -5.0500
    0.1859     -5.0375
    0.1757     -5.0250
    0.1673     -5.0125
    0.1600     -5.0000
    0.1530     -4.9875
    0.1461     -4.9750
    0.1402     -4.9625
    0.1362     -4.9500
    0.1348     -4.9375
    0.1363     -4.9250
    0.1402     -4.9125
    0.1462     -4.9000
    0.1543     -4.8875
    0.1644     -4.8750
    0.1757     -4.8625
    0.1867     -4.8500
    0.1948     -4.8375
    0.1975     -4.8250
    0.1932     -4.8125
    0.1822     -4.8000
    0.1666     -4.7875
    0.1496     -4.7750
    0.1344     -4.7625
    0.1229     -4.7500
    0.1158     -4.7375
    0.1129     -4.7250
    0.1135     -4.7125
    0.1168     -4.7000
    0.1221     -4.6875
    0.1283     -4.6750
    0.1342     -4.6625
    0.1385     -4.6500
    0.1406     -4.6375
    0.1402     -4.6250
    0.1377     -4.6125
    0.1343     -4.6000
    0.1312     -4.5875
    0.1303     -4.5750
    0.1329     -4.5625
    0.1400     -4.5500
    0.1511     -4.5375
    0.1650     -4.5250
    0.1801     -4.5125
    0.1944     -4.5000
    0.2064     -4.4875
    0.2145     -4.4750
    0.2176     -4.4625
    0.2156     -4.4500
    0.2094     -4.4375
    0.2008     -4.4250
    0.1923     -4.4125
    0.1860     -4.4000
    0.1836     -4.3875
    0.1852     -4.3750
    0.1902     -4.3625
    0.1969     -4.3500
    0.2041     -4.3375
    0.2104     -4.3250
    0.2149     -4.3125
    0.2168     -4.3000
    0.2157     -4.2875
    0.2115     -4.2750
    0.2045     -4.2625
    0.1957     -4.2500
    0.1863     -4.2375
    0.1775     -4.2250
    0.1703     -4.2125
    0.1654     -4.2000
    0.1632     -4.1875
    0.1639     -4.1750
    0.1665     -4.1625
    0.1696     -4.1500
    0.1718     -4.1375
    0.1726     -4.1250
    0.1724     -4.1125
    0.1725     -4.1000
    0.1738     -4.0875
    0.1766     -4.0750
    0.1806     -4.0625
    0.1851     -4.0500
    0.1895     -4.0375
    0.1935     -4.0250
    0.1969     -4.0125
    0.2000     -4.0000
    0.2035     -3.9875
    0.2080     -3.9750
    0.2138     -3.9625
    0.2199     -3.9500
    0.2242     -3.9375
    0.2246     -3.9250
    0.2202     -3.9125
    0.2118     -3.9000
    0.2015     -3.8875
    0.1913     -3.8750
    0.1825     -3.8625
    0.1752     -3.8500
    0.1689     -3.8375
    0.1633     -3.8250
    0.1580     -3.8125
    0.1536     -3.8000
    0.1508     -3.7875
    0.1498     -3.7750
    0.1510     -3.7625
    0.1543     -3.7500
    0.1597     -3.7375
    0.1668     -3.7250
    0.1745     -3.7125
    0.1807     -3.7000
    0.1831     -3.6875
    0.1802     -3.6750
    0.1718     -3.6625
    0.1598     -3.6500
    0.1467     -3.6375
    0.1350     -3.6250
    0.1260     -3.6125
    0.1198     -3.6000
    0.1158     -3.5875
    0.1130     -3.5750
    0.1110     -3.5625
    0.1095     -3.5500
    0.1087     -3.5375
    0.1083     -3.5250
    0.1078     -3.5125
    0.1069     -3.5000
    0.1051     -3.4875
    0.1027     -3.4750
    0.1001     -3.4625
    0.0974     -3.4500
    0.0951     -3.4375
    0.0933     -3.4250
    0.0922     -3.4125
    0.0917     -3.4000
    0.0918     -3.3875
    0.0923     -3.3750
    0.0930     -3.3625
    0.0936     -3.3500
    0.0937     -3.3375
    0.0933     -3.3250
    0.0920     -3.3125
    0.0898     -3.3000
    0.0865     -3.2875
    0.0821     -3.2750
    0.0768     -3.2625
    0.0718     -3.2500
    0.0681     -3.2375
    0.0666     -3.2250
    0.0670     -3.2125
    0.0686     -3.2000
    0.0698     -3.1875
    0.0696     -3.1750
    0.0678     -3.1625
    0.0649     -3.1500
    0.0617     -3.1375
    0.0594     -3.1250
    0.0585     -3.1125
    0.0587     -3.1000
    0.0594     -3.0875
    0.0598     -3.0750
    0.0590     -3.0625
    0.0568     -3.0500
    0.0537     -3.0375
    0.0504     -3.0250
    0.0477     -3.0125
    0.0455     -3.0000
    0.0436     -2.9875
    0.0418     -2.9750
    0.0401     -2.9625
    0.0388     -2.9500
    0.0390     -2.9375
    0.0414     -2.9250
    0.0463     -2.9125
    0.0530     -2.9000
    0.0598     -2.8875
    0.0643     -2.8750
    0.0650     -2.8625
    0.0613     -2.8500
    0.0543     -2.8375
    0.0457     -2.8250
    0.0373     -2.8125
    0.0303     -2.8000
    0.0255     -2.7875
    0.0231     -2.7750
    0.0228     -2.7625
    0.0235     -2.7500
    0.0242     -2.7375
    0.0236     -2.7250
    0.0215     -2.7125
    0.0179     -2.7000
    0.0139     -2.6875
    0.0106     -2.6750
    0.0091     -2.6625
    0.0098     -2.6500
    0.0126     -2.6375
    0.0168     -2.6250
    0.0219     -2.6125
    0.0274     -2.6000
    0.0341     -2.5875
    0.0434     -2.5750
    0.0565     -2.5625
    0.0737     -2.5500
    0.0939     -2.5375
    0.1142     -2.5250
    0.1313     -2.5125
    0.1417     -2.5000
    0.1428     -2.4875
    0.1337     -2.4750
    0.1164     -2.4625
    0.0953     -2.4500
    0.0761     -2.4375
    0.0632     -2.4250
    0.0585     -2.4125
    0.0602     -2.4000
    0.0648     -2.3875
    0.0685     -2.3750
    0.0688     -2.3625
    0.0650     -2.3500
    0.0576     -2.3375
    0.0479     -2.3250
    0.0376     -2.3125
    0.0281     -2.3000
    0.0212     -2.2875
    0.0179     -2.2750
    0.0187     -2.2625
    0.0227     -2.2500
    0.0285     -2.2375
    0.0340     -2.2250
    0.0376     -2.2125
    0.0385     -2.2000
    0.0374     -2.1875
    0.0359     -2.1750
    0.0357     -2.1625
    0.0375     -2.1500
    0.0409     -2.1375
    0.0447     -2.1250
    0.0474     -2.1125
    0.0488     -2.1000
    0.0495     -2.0875
    0.0509     -2.0750
    0.0543     -2.0625
    0.0609     -2.0500
    0.0713     -2.0375
    0.0861     -2.0250
    0.1056     -2.0125
    0.1287     -2.0000
    0.1529     -1.9875
    0.1745     -1.9750
    0.1900     -1.9625
    0.1981     -1.9500
    0.1989     -1.9375
    0.1935     -1.9250
    0.1825     -1.9125
    0.1663     -1.9000
    0.1458     -1.8875
    0.1233     -1.8750
    0.1025     -1.8625
    0.0872     -1.8500
    0.0803     -1.8375
    0.0825     -1.8250
    0.0914     -1.8125
    0.1029     -1.8000
    0.1124     -1.7875
    0.1171     -1.7750
    0.1166     -1.7625
    0.1137     -1.7500
    0.1115     -1.7375
    0.1119     -1.7250
    0.1134     -1.7125
    0.1122     -1.7000
    0.1044     -1.6875
    0.0891     -1.6750
    0.0687     -1.6625
    0.0474     -1.6500
    0.0295     -1.6375
    0.0173     -1.6250
    0.0110     -1.6125
    0.0101     -1.6000
    0.0134     -1.5875
    0.0197     -1.5750
    0.0274     -1.5625
    0.0351     -1.5500
    0.0420     -1.5375
    0.0483     -1.5250
    0.0556     -1.5125
    0.0654     -1.5000
    0.0784     -1.4875
    0.0943     -1.4750
    0.1122     -1.4625
    0.1320     -1.4500
    0.1545     -1.4375
    0.1796     -1.4250
    0.2049     -1.4125
    0.2252     -1.4000
    0.2358     -1.3875
    0.2360     -1.3750
    0.2315     -1.3625
    0.2324     -1.3500
    0.2473     -1.3375
    0.2774     -1.3250
    0.3148     -1.3125
    0.3454     -1.3000
    0.3569     -1.2875
    0.3438     -1.2750
    0.3090     -1.2625
    0.2609     -1.2500
    0.2086     -1.2375
    0.1595     -1.2250
    0.1182     -1.2125
    0.0876     -1.2000
    0.0697     -1.1875
    0.0661     -1.1750
    0.0778     -1.1625
    0.1039     -1.1500
    0.1392     -1.1375
    0.1747     -1.1250
    0.2000     -1.1125
    0.2078     -1.1000
    0.1978     -1.0875
    0.1774     -1.0750
    0.1574     -1.0625
    0.1468     -1.0500
    0.1483     -1.0375
    0.1583     -1.0250
    0.1699     -1.0125
    0.1776     -1.0000
    0.1802     -0.9875
    0.1805     -0.9750
    0.1826     -0.9625
    0.1884     -0.9500
    0.1969     -0.9375
    0.2050     -0.9250
    0.2099     -0.9125
    0.2112     -0.9000
    0.2111     -0.8875
    0.2142     -0.8750
    0.2259     -0.8625
    0.2508     -0.8500
    0.2912     -0.8375
    0.3443     -0.8250
    0.4010     -0.8125
    0.4473     -0.8000
    0.4696     -0.7875
    0.4627     -0.7750
    0.4336     -0.7625
    0.4008     -0.7500
    0.3870     -0.7375
    0.4087     -0.7250
    0.4674     -0.7125
    0.5465     -0.7000
    0.6173     -0.6875
    0.6522     -0.6750
    0.6377     -0.6625
    0.5807     -0.6500
    0.5041     -0.6375
    0.4357     -0.6250
    0.3970     -0.6125
    0.3975     -0.6000
    0.4341     -0.5875
    0.4947     -0.5750
    0.5614     -0.5625
    0.6160     -0.5500
    0.6447     -0.5375
    0.6425     -0.5250
    0.6139     -0.5125
    0.5705     -0.5000
    0.5260     -0.4875
    0.4920     -0.4750
    0.4748     -0.4625
    0.4734     -0.4500
    0.4796     -0.4375
    0.4824     -0.4250
    0.4733     -0.4125
    0.4508     -0.4000
    0.4217     -0.3875
    0.3979     -0.3750
    0.3907     -0.3625
    0.4041     -0.3500
    0.4325     -0.3375
    0.4629     -0.3250
    0.4817     -0.3125
    0.4820     -0.3000
    0.4663     -0.2875
    0.4431     -0.2750
    0.4207     -0.2625
    0.4027     -0.2500
    0.3892     -0.2375
    0.3808     -0.2250
    0.3803     -0.2125
    0.3922     -0.2000
    0.4179     -0.1875
    0.4532     -0.1750
    0.4902     -0.1625
    0.5229     -0.1500
    0.5541     -0.1375
    0.5964     -0.1250
    0.6647     -0.1125
    0.7633     -0.1000
    0.8760     -0.0875
    0.9698     -0.0750
    1.0111     -0.0625
    0.9865     -0.0500
    0.9124     -0.0375
    0.8293     -0.0250
    0.7838     -0.0125
    0.8082      0.0000
    0.9073      0.0125
    1.0552      0.0250
    1.2033      0.0375
    1.2991      0.0500
    1.3076      0.0625
    1.2249      0.0750
    1.0766      0.0875
    0.9025      0.1000
    0.7408      0.1125
    0.6187      0.1250
    0.5515      0.1375
    0.5440      0.1500
    0.5895      0.1625
    0.6690      0.1750
    0.7548      0.1875
    0.8204      0.2000
    0.8527      0.2125
    0.8596      0.2250
    0.8659      0.2375
    0.9002      0.2500
    0.9782      0.2625
    1.0938      0.2750
    1.2208      0.2875
    1.3238      0.3000
    1.3721      0.3125
    1.3505      0.3250
    1.2627      0.3375
    1.1284      0.3500
    0.9773      0.3625
    0.8405      0.3750
    0.7424      0.3875
    0.6940      0.4000
    0.6911      0.4125
    0.7174      0.4250
    0.7526      0.4375
    0.7804      0.4500
    0.7923      0.4625
    0.7874      0.4750
    0.7695      0.4875
    0.7454      0.5000
    0.7234      0.5125
    0.7129      0.5250
    0.7211      0.5375
    0.7506      0.5500
    0.7963      0.5625
    0.8462      0.5750
    0.8830      0.5875
    0.8897      0.6000
    0.8561      0.6125
    0.7848      0.6250
    0.6924      0.6375
    0.6044      0.6500
    0.5440      0.6625
    0.5227      0.6750
    0.5357      0.6875
    0.5670      0.7000
    0.5999      0.7125
    0.6281      0.7250
    0.6604      0.7375
    0.7174      0.7500
    0.8207      0.7625
    0.9793      0.7750
    1.1803      0.7875
    1.3903      0.8000
    1.5686      0.8125
    1.6871      0.8250
    1.7466      0.8375
    1.7780      0.8500
    1.8260      0.8625
    1.9231      0.8750
    2.0669      0.8875
    2.2150      0.9000
    2.3020      0.9125
    2.2714      0.9250
    2.1073      0.9375
    1.8442      0.9500
    1.5501      0.9625
    1.2921      0.9750
    1.1074      0.9875
    0.9946      1.0000
    0.9271      1.0125
    0.8747      1.0250
    0.8192      1.0375
    0.7577      1.0500
    0.6981      1.0625
    0.6514      1.0750
    0.6266      1.0875
    0.6285      1.1000
    0.6569      1.1125
    0.7074      1.1250
    0.7732      1.1375
    0.8446      1.1500
    0.9085      1.1625
    0.9484      1.1750
    0.9490      1.1875
    0.9043      1.2000
    0.8225      1.2125
    0.7236      1.2250
    0.6298      1.2375
    0.5558      1.2500
    0.5059      1.2625
    0.4796      1.2750
    0.4776      1.2875
    0.5036      1.3000
    0.5585      1.3125
    0.6337      1.3250
    0.7090      1.3375
    0.7592      1.3500
    0.7655      1.3625
    0.7245      1.3750
    0.6485      1.3875
    0.5574      1.4000
    0.4691      1.4125
    0.3953      1.4250
    0.3419      1.4375
    0.3126      1.4500
    0.3105      1.4625
    0.3364      1.4750
    0.3869      1.4875
    0.4534      1.5000
    0.5231      1.5125
    0.5819      1.5250
    0.6170      1.5375
    0.6191      1.5500
    0.5852      1.5625
    0.5194      1.5750
    0.4333      1.5875
    0.3434      1.6000
    0.2662      1.6125
    0.2133      1.6250
    0.1883      1.6375
    0.1872      1.6500
    0.2027      1.6625
    0.2275      1.6750
    0.2571      1.6875
    0.2882      1.7000
    0.3166      1.7125
    0.3373      1.7250
    0.3462      1.7375
    0.3440      1.7500
    0.3380      1.7625
    0.3410      1.7750
    0.3669      1.7875
    0.4240      1.8000
    0.5087      1.8125
    0.6039      1.8250
    0.6844      1.8375
    0.7276      1.8500
    0.7235      1.8625
    0.6776      1.8750
    0.6055      1.8875
    0.5238      1.9000
    0.4437      1.9125
    0.3700      1.9250
    0.3059      1.9375
    0.2586      1.9500
    0.2419      1.9625
    0.2722      1.9750
    0.3601      1.9875
    0.5007      2.0000
