    0.0000     -7.9920
    0.0000     -7.9800
    0.0000     -7.9680
    0.0000     -7.9560
    0.0000     -7.9440
    0.0000     -7.9320
    0.0000     -7.9200
    0.0000     -7.9080
    0.0000     -7.8960
    0.0000     -7.8840
    0.0000     -7.8720
    0.0000     -7.8600
    0.0000     -7.8480
    0.0000     -7.8360
    0.0000     -7.8240
    0.0000     -7.8120
    0.0000     -7.8000
    0.0000     -7.7880
    0.0000     -7.7760
    0.0000     -7.7640
    0.0000     -7.7520
    0.0000     -7.7400
    0.0000     -7.7280
    0.0000     -7.7160
    0.0000     -7.7040
    0.0000     -7.6920
    0.0000     -7.6800
    0.0000     -7.6680
    0.0000     -7.6560
    0.0000     -7.6440
    0.0000     -7.6320
    0.0000     -7.6200
    0.0000     -7.6080
    0.0000     -7.5960
    0.0000     -7.5840
    0.0000     -7.5720
    0.0000     -7.5600
    0.0000     -7.5480
    0.0000     -7.5360
    0.0000     -7.5240
    0.0000     -7.5120
    0.0000     -7.5000
    0.0000     -7.4880
    0.0000     -7.4760
    0.0000     -7.4640
    0.0000     -7.4520
    0.0000     -7.4400
    0.0000     -7.4280
    0.0000     -7.4160
    0.0000     -7.4040
    0.0000     -7.3920
    0.0000     -7.3800
    0.0000     -7.3680
    0.0000     -7.3560
    0.0000     -7.3440
    0.0000     -7.3320
    0.0000     -7.3200
    0.0000     -7.3080
    0.0000     -7.2960
    0.0001     -7.2840
    0.0004     -7.2720
    0.0011     -7.2600
    0.0031     -7.2480
    0.0075     -7.2360
    0.0165     -7.2240
    0.0333     -7.2120
    0.0620     -7.2000
    0.1074     -7.1880
    0.1737     -7.1760
    0.2625     -7.1640
    0.3695     -7.1520
    0.4815     -7.1400
    0.5775     -7.1280
    0.6355     -7.1160
    0.6442     -7.1040
    0.6123     -7.0920
    0.5676     -7.0800
    0.5454     -7.0680
    0.5712     -7.0560
    0.6480     -7.0440
    0.7565     -7.0320
    0.8646     -7.0200
    0.9409     -7.0080
    0.9636     -6.9960
    0.9238     -6.9840
    0.8257     -6.9720
    0.6863     -6.9600
    0.5337     -6.9480
    0.4023     -6.9360
    0.3261     -6.9240
    0.3313     -6.9120
    0.4291     -6.9000
    0.6084     -6.8880
    0.8324     -6.8760
    1.0435     -6.8640
    1.1824     -6.8520
    1.2141     -6.8400
    1.1456     -6.8280
    1.0207     -6.8160
    0.8940     -6.8040
    0.8005     -6.7920
    0.7409     -6.7800
    0.6904     -6.7680
    0.6223     -6.7560
    0.5279     -6.7440
    0.4228     -6.7320
    0.3387     -6.7200
    0.3096     -6.7080
    0.3608     -6.6960
    0.5027     -6.6840
    0.7274     -6.6720
    1.0063     -6.6600
    1.2919     -6.6480
    1.5261     -6.6360
    1.6558     -6.6240
    1.6519     -6.6120
    1.5217     -6.6000
    1.3053     -6.5880
    1.0574     -6.5760
    0.8245     -6.5640
    0.6317     -6.5520
    0.4852     -6.5400
    0.3854     -6.5280
    0.3365     -6.5160
    0.3473     -6.5040
    0.4229     -6.4920
    0.5525     -6.4800
    0.7049     -6.4680
    0.8344     -6.4560
    0.8975     -6.4440
    0.8720     -6.4320
    0.7690     -6.4200
    0.6303     -6.4080
    0.5154     -6.3960
    0.4843     -6.3840
    0.5840     -6.3720
    0.8345     -6.3600
    1.2172     -6.3480
    1.6683     -6.3360
    2.0890     -6.3240
    2.3773     -6.3120
    2.4706     -6.3000
    2.3751     -6.2880
    2.1657     -6.2760
    1.9516     -6.2640
    1.8296     -6.2520
    1.8459     -6.2400
    1.9865     -6.2280
    2.1962     -6.2160
    2.4128     -6.2040
    2.5943     -6.1920
    2.7255     -6.1800
    2.8053     -6.1680
    2.8300     -6.1560
    2.7871     -6.1440
    2.6672     -6.1320
    2.4833     -6.1200
    2.2886     -6.1080
    2.1812     -6.0960
    2.2941     -6.0840
    2.7690     -6.0720
    3.7140     -6.0600
    5.1537     -6.0480
    6.9900     -6.0360
    8.9986     -6.0240
   10.8822     -6.0120
   12.3746     -6.0000
   13.3559     -5.9880
   13.9175     -5.9760
   14.3272     -5.9640
   14.8987     -5.9520
   15.8373     -5.9400
   17.1622     -5.9280
   18.7540     -5.9160
   20.4829     -5.9040
   22.3096     -5.8920
   24.2787     -5.8800
   26.4210     -5.8680
   28.6514     -5.8560
   30.7510     -5.8440
   32.4498     -5.8320
   33.5518     -5.8200
   34.0217     -5.8080
   33.9845     -5.7960
   33.6506     -5.7840
   33.2231     -5.7720
   32.8415     -5.7600
   32.5790     -5.7480
   32.4698     -5.7360
   32.5347     -5.7240
   32.7921     -5.7120
   33.2673     -5.7000
   34.0009     -5.6880
   35.0456     -5.6760
   36.4307     -5.6640
   38.1073     -5.6520
   39.9185     -5.6400
   41.6347     -5.6280
   43.0446     -5.6160
   44.0476     -5.6040
   44.6945     -5.5920
   45.1569     -5.5800
   45.6361     -5.5680
   46.2442     -5.5560
   46.9085     -5.5440
   47.3704     -5.5320
   47.3157     -5.5200
   46.5835     -5.5080
   45.3143     -5.4960
   43.9181     -5.4840
   42.8652     -5.4720
   42.4352     -5.4600
   42.5831     -5.4480
   42.9913     -5.4360
   43.2486     -5.4240
   43.0363     -5.4120
   42.2274     -5.4000
   40.8777     -5.3880
   39.1552     -5.3760
   37.2733     -5.3640
   35.4583     -5.3520
   33.9357     -5.3400
   32.8909     -5.3280
   32.3966     -5.3160
   32.3544     -5.3040
   32.5253     -5.2920
   32.6655     -5.2800
   32.6906     -5.2680
   32.7519     -5.2560
   33.1601     -5.2440
   34.2010     -5.2320
   35.9587     -5.2200
   38.2508     -5.2080
   40.7042     -5.1960
   42.9213     -5.1840
   44.6351     -5.1720
   45.7758     -5.1600
   46.4288     -5.1480
   46.7391     -5.1360
   46.8385     -5.1240
   46.8420     -5.1120
   46.8808     -5.1000
   47.1033     -5.0880
   47.6066     -5.0760
   48.3439     -5.0640
   49.1041     -5.0520
   49.6069     -5.0400
   49.6591     -5.0280
   49.2476     -5.0160
   48.4976     -5.0040
   47.5390     -4.9920
   46.4028     -4.9800
   45.0343     -4.9680
   43.4016     -4.9560
   41.6014     -4.9440
   39.8742     -4.9320
   38.5179     -4.9200
   37.7568     -4.9080
   37.6499     -4.8960
   38.0843     -4.8840
   38.8432     -4.8720
   39.6893     -4.8600
   40.4134     -4.8480
   40.8496     -4.8360
   40.8934     -4.8240
   40.5445     -4.8120
   39.9406     -4.8000
   39.3253     -4.7880
   38.9411     -4.7760
   38.9051     -4.7640
   39.1502     -4.7520
   39.4689     -4.7400
   39.6328     -4.7280
   39.5245     -4.7160
   39.2196     -4.7040
   38.9772     -4.6920
   39.1262     -4.6800
   39.8894     -4.6680
   41.2386     -4.6560
   42.8842     -4.6440
   44.4227     -4.6320
   45.5636     -4.6200
   46.2915     -4.6080
   46.8700     -4.5960
   47.7041     -4.5840
   49.1546     -4.5720
   51.4007     -4.5600
   54.3874     -4.5480
   57.8506     -4.5360
   61.4024     -4.5240
   64.6561     -4.5120
   67.3529     -4.5000
   69.4368     -4.4880
   71.0406     -4.4760
   72.3951     -4.4640
   73.7176     -4.4520
   75.1378     -4.4400
   76.6795     -4.4280
   78.2768     -4.4160
   79.7886     -4.4040
   80.9991     -4.3920
   81.6185     -4.3800
   81.3141     -4.3680
   79.7872     -4.3560
   76.8787     -4.3440
   72.6621     -4.3320
   67.4799     -4.3200
   61.9052     -4.3080
   56.6352     -4.2960
   52.3453     -4.2840
   49.5401     -4.2720
   48.4367     -4.2600
   48.9078     -4.2480
   50.5021     -4.2360
   52.5494     -4.2240
   54.3300     -4.2120
   55.2661     -4.2000
   55.0717     -4.1880
   53.8121     -4.1760
   51.8524     -4.1640
   49.7155     -4.1520
   47.9051     -4.1400
   46.7638     -4.1280
   46.4168     -4.1160
   46.7975     -4.1040
   47.7108     -4.0920
   48.8843     -4.0800
   50.0035     -4.0680
   50.7695     -4.0560
   50.9997     -4.0440
   50.7380     -4.0320
   50.2942     -4.0200
   50.1538     -4.0080
   50.7795     -3.9960
   52.4059     -3.9840
   54.9342     -3.9720
   57.9730     -3.9600
   60.9766     -3.9480
   63.4069     -3.9360
   64.8633     -3.9240
   65.1738     -3.9120
   64.4351     -3.9000
   62.9778     -3.8880
   61.2414     -3.8760
   59.6079     -3.8640
   58.2851     -3.8520
   57.3055     -3.8400
   56.6118     -3.8280
   56.1410     -3.8160
   55.8440     -3.8040
   55.6629     -3.7920
   55.5290     -3.7800
   55.4092     -3.7680
   55.3543     -3.7560
   55.4815     -3.7440
   55.8791     -3.7320
   56.5028     -3.7200
   57.1584     -3.7080
   57.6037     -3.6960
   57.7001     -3.6840
   57.5046     -3.6720
   57.2362     -3.6600
   57.1460     -3.6480
   57.3836     -3.6360
   57.9405     -3.6240
   58.6930     -3.6120
   59.5035     -3.6000
   60.3083     -3.5880
   61.1317     -3.5760
   62.0223     -3.5640
   62.9614     -3.5520
   63.8174     -3.5400
   64.3839     -3.5280
   64.4749     -3.5160
   64.0143     -3.5040
   63.0676     -3.4920
   61.8060     -3.4800
   60.4361     -3.4680
   59.1366     -3.4560
   58.0309     -3.4440
   57.1970     -3.4320
   56.6969     -3.4200
   56.5977     -3.4080
   56.9636     -3.3960
   57.8206     -3.3840
   59.1125     -3.3720
   60.6819     -3.3600
   62.2902     -3.3480
   63.6709     -3.3360
   64.5989     -3.3240
   64.9608     -3.3120
   64.8050     -3.3000
   64.3404     -3.2880
   63.8621     -3.2760
   63.6264     -3.2640
   63.7351     -3.2520
   64.0939     -3.2400
   64.4665     -3.2280
   64.5936     -3.2160
   64.3167     -3.2040
   63.6504     -3.1920
   62.7684     -3.1800
   61.9126     -3.1680
   61.2734     -3.1560
   60.9195     -3.1440
   60.8328     -3.1320
   61.0285     -3.1200
   61.6656     -3.1080
   63.0314     -3.0960
   65.3745     -3.0840
   68.6896     -3.0720
   72.6161     -3.0600
   76.5320     -3.0480
   79.7742     -3.0360
   81.8396     -3.0240
   82.4754     -3.0120
   81.6702     -3.0000
   79.6046     -2.9880
   76.5863     -2.9760
   72.9692     -2.9640
   69.0676     -2.9520
   65.1000     -2.9400
   61.1850     -2.9280
   57.3727     -2.9160
   53.6809     -2.9040
   50.1104     -2.8920
   46.6403     -2.8800
   43.2201     -2.8680
   39.7830     -2.8560
   36.2841     -2.8440
   32.7414     -2.8320
   29.2426     -2.8200
   25.9042     -2.8080
   22.8080     -2.7960
   19.9613     -2.7840
   17.3034     -2.7720
   14.7517     -2.7600
   12.2612     -2.7480
    9.8661     -2.7360
    7.6867     -2.7240
    5.8930     -2.7120
    4.6387     -2.7000
    3.9920     -2.6880
    3.8948     -2.6760
    4.1729     -2.6640
    4.5938     -2.6520
    4.9471     -2.6400
    5.1090     -2.6280
    5.0593     -2.6160
    4.8490     -2.6040
    4.5430     -2.5920
    4.1765     -2.5800
    3.7538     -2.5680
    3.2818     -2.5560
    2.8066     -2.5440
    2.4177     -2.5320
    2.2095     -2.5200
    2.2300     -2.5080
    2.4530     -2.4960
    2.7968     -2.4840
    3.1737     -2.4720
    3.5363     -2.4600
    3.8865     -2.4480
    4.2492     -2.4360
    4.6378     -2.4240
    5.0425     -2.4120
    5.4424     -2.4000
    5.8171     -2.3880
    6.1389     -2.3760
    6.3557     -2.3640
    6.3949     -2.3520
    6.2008     -2.3400
    5.7799     -2.3280
    5.2137     -2.3160
    4.6247     -2.3040
    4.1186     -2.2920
    3.7447     -2.2800
    3.4951     -2.2680
    3.3338     -2.2560
    3.2274     -2.2440
    3.1561     -2.2320
    3.1050     -2.2200
    3.0477     -2.2080
    2.9416     -2.1960
    2.7423     -2.1840
    2.4322     -2.1720
    2.0402     -2.1600
    1.6389     -2.1480
    1.3143     -2.1360
    1.1302     -2.1240
    1.1047     -2.1120
    1.2128     -2.1000
    1.4063     -2.0880
    1.6360     -2.0760
    1.8637     -2.0640
    2.0602     -2.0520
    2.2000     -2.0400
    2.2631     -2.0280
    2.2456     -2.0160
    2.1725     -2.0040
    2.1001     -1.9920
    2.1033     -1.9800
    2.2520     -1.9680
    2.5856     -1.9560
    3.0928     -1.9440
    3.7069     -1.9320
    4.3261     -1.9200
    4.8548     -1.9080
    5.2448     -1.8960
    5.5096     -1.8840
    5.6989     -1.8720
    5.8564     -1.8600
    5.9906     -1.8480
    6.0753     -1.8360
    6.0689     -1.8240
    5.9312     -1.8120
    5.6335     -1.8000
    5.1707     -1.7880
    4.5778     -1.7760
    3.9379     -1.7640
    3.3631     -1.7520
    2.9527     -1.7400
    2.7500     -1.7280
    2.7269     -1.7160
    2.8020     -1.7040
    2.8830     -1.6920
    2.9080     -1.6800
    2.8694     -1.6680
    2.8075     -1.6560
    2.7817     -1.6440
    2.8354     -1.6320
    2.9729     -1.6200
    3.1544     -1.6080
    3.3086     -1.5960
    3.3553     -1.5840
    3.2327     -1.5720
    2.9211     -1.5600
    2.4534     -1.5480
    1.9049     -1.5360
    1.3669     -1.5240
    0.9184     -1.5120
    0.6073     -1.5000
    0.4470     -1.4880
    0.4227     -1.4760
    0.5025     -1.4640
    0.6478     -1.4520
    0.8279     -1.4400
    1.0352     -1.4280
    1.2936     -1.4160
    1.6492     -1.4040
    2.1410     -1.3920
    2.7668     -1.3800
    3.4670     -1.3680
    4.1434     -1.3560
    4.7032     -1.3440
    5.1042     -1.3320
    5.3712     -1.3200
    5.5746     -1.3080
    5.7844     -1.2960
    6.0262     -1.2840
    6.2619     -1.2720
    6.4033     -1.2600
    6.3517     -1.2480
    6.0434     -1.2360
    5.4800     -1.2240
    4.7324     -1.2120
    3.9180     -1.2000
    3.1640     -1.1880
    2.5706     -1.1760
    2.1840     -1.1640
    1.9888     -1.1520
    1.9231     -1.1400
    1.9130     -1.1280
    1.9086     -1.1160
    1.9005     -1.1040
    1.9110     -1.0920
    1.9721     -1.0800
    2.1104     -1.0680
    2.3419     -1.0560
    2.6679     -1.0440
    3.0623     -1.0320
    3.4600     -1.0200
    3.7648     -1.0080
    3.8847     -0.9960
    3.7760     -0.9840
    3.4680     -0.9720
    3.0521     -0.9600
    2.6443     -0.9480
    2.3463     -0.9360
    2.2250     -0.9240
    2.3111     -0.9120
    2.6063     -0.9000
    3.0856     -0.8880
    3.6934     -0.8760
    4.3411     -0.8640
    4.9170     -0.8520
    5.3107     -0.8400
    5.4441     -0.8280
    5.2940     -0.8160
    4.8950     -0.8040
    4.3273     -0.7920
    3.6989     -0.7800
    3.1287     -0.7680
    2.7286     -0.7560
    2.5854     -0.7440
    2.7426     -0.7320
    3.1887     -0.7200
    3.8535     -0.7080
    4.6186     -0.6960
    5.3418     -0.6840
    5.8947     -0.6720
    6.1993     -0.6600
    6.2493     -0.6480
    6.1051     -0.6360
    5.8674     -0.6240
    5.6360     -0.6120
    5.4667     -0.6000
    5.3484     -0.5880
    5.2182     -0.5760
    5.0150     -0.5640
    4.7347     -0.5520
    4.4485     -0.5400
    4.2677     -0.5280
    4.2831     -0.5160
    4.5191     -0.5040
    4.9233     -0.4920
    5.3894     -0.4800
    5.7948     -0.4680
    6.0371     -0.4560
    6.0600     -0.4440
    5.8619     -0.4320
    5.4890     -0.4200
    5.0189     -0.4080
    4.5420     -0.3960
    4.1410     -0.3840
    3.8710     -0.3720
    3.7472     -0.3600
    3.7455     -0.3480
    3.8186     -0.3360
    3.9198     -0.3240
    4.0240     -0.3120
    4.1385     -0.3000
    4.3017     -0.2880
    4.5690     -0.2760
    4.9890     -0.2640
    5.5765     -0.2520
    6.2918     -0.2400
    7.0383     -0.2280
    7.6824     -0.2160
    8.0890     -0.2040
    8.1605     -0.1920
    7.8667     -0.1800
    7.2627     -0.1680
    6.4878     -0.1560
    5.7373     -0.1440
    5.2028     -0.1320
    4.9986     -0.1200
    5.1146     -0.1080
    5.4326     -0.0960
    5.7999     -0.0840
    6.1131     -0.0720
    6.3529     -0.0600
    6.5553     -0.0480
    6.7549     -0.0360
    6.9494     -0.0240
    7.1055     -0.0120
    7.1900      0.0000
    7.1955      0.0120
    7.1464      0.0240
    7.0854      0.0360
    7.0451      0.0480
    7.0169      0.0600
    6.9375      0.0720
    6.7099      0.0840
    6.2603      0.0960
    5.5951      0.1080
    4.8171      0.1200
    4.0852      0.1320
    3.5436      0.1440
    3.2618      0.1560
    3.2156      0.1680
    3.3120      0.1800
    3.4371      0.1920
    3.5032      0.2040
    3.4739      0.2160
    3.3583      0.2280
    3.1852      0.2400
    2.9767      0.2520
    2.7359      0.2640
    2.4535      0.2760
    2.1270      0.2880
    1.7770      0.3000
    1.4511      0.3120
    1.2096      0.3240
    1.1009      0.3360
    1.1404      0.3480
    1.3064      0.3600
    1.5522      0.3720
    1.8272      0.3840
    2.0938      0.3960
    2.3346      0.4080
    2.5497      0.4200
    2.7482      0.4320
    2.9371      0.4440
    3.1163      0.4560
    3.2830      0.4680
    3.4424      0.4800
    3.6149      0.4920
    3.8280      0.5040
    4.1009      0.5160
    4.4329      0.5280
    4.8091      0.5400
    5.2168      0.5520
    5.6554      0.5640
    6.1262      0.5760
    6.6073      0.5880
    7.0331      0.6000
    7.3024      0.6120
    7.3179      0.6240
    7.0408      0.6360
    6.5251      0.6480
    5.9068      0.6600
    5.3475      0.6720
    4.9638      0.6840
    4.7838      0.6960
    4.7523      0.7080
    4.7770      0.7200
    4.7833      0.7320
    4.7472      0.7440
    4.6915      0.7560
    4.6502      0.7680
    4.6253      0.7800
    4.5656      0.7920
    4.3855      0.8040
    4.0139      0.8160
    3.4425      0.8280
    2.7408      0.8400
    2.0315      0.8520
    1.4433      0.8640
    1.0713      0.8760
    0.9561      0.8880
    1.0817      0.9000
    1.3821      0.9120
    1.7547      0.9240
    2.0878      0.9360
    2.2990      0.9480
    2.3705      0.9600
    2.3572      0.9720
    2.3554      0.9840
    2.4486      0.9960
    2.6613      1.0080
    2.9490      1.0200
    3.2277      1.0320
    3.4219      1.0440
    3.4997      1.0560
    3.4772      1.0680
    3.3945      1.0800
    3.2882      1.0920
    3.1795      1.1040
    3.0849      1.1160
    3.0296      1.1280
    3.0498      1.1400
    3.1764      1.1520
    3.4166      1.1640
    3.7451      1.1760
    4.1100      1.1880
    4.4475      1.2000
    4.6970      1.2120
    4.8110      1.2240
    4.7609      1.2360
    4.5406      1.2480
    4.1731      1.2600
    3.7174      1.2720
    3.2685      1.2840
    2.9407      1.2960
    2.8312      1.3080
    2.9727      1.3200
    3.3046      1.3320
    3.6841      1.3440
    3.9424      1.3560
    3.9582      1.3680
    3.7090      1.3800
    3.2718      1.3920
    2.7805      1.4040
    2.3698      1.4160
    2.1357      1.4280
    2.1294      1.4400
    2.3709      1.4520
    2.8589      1.4640
    3.5602      1.4760
    4.3865      1.4880
    5.1889      1.5000
    5.7916      1.5120
    6.0574      1.5240
    5.9453      1.5360
    5.5255      1.5480
    4.9441      1.5600
    4.3622      1.5720
    3.8995      1.5840
    3.6063      1.5960
    3.4676      1.6080
    3.4316      1.6200
    3.4481      1.6320
    3.4921      1.6440
    3.5599      1.6560
    3.6424      1.6680
    3.7031      1.6800
    3.6823      1.6920
    3.5316      1.7040
    3.2506      1.7160
    2.9001      1.7280
    2.5803      1.7400
    2.3865      1.7520
    2.3678      1.7640
    2.5110      1.7760
    2.7561      1.7880
    3.0315      1.8000
    3.2849      1.8120
    3.4900      1.8240
    3.6292      1.8360
    3.6718      1.8480
    3.5748      1.8600
    3.3107      1.8720
    2.9049      1.8840
    2.4522      1.8960
    2.0956      1.9080
    1.9774      1.9200
    2.1866      1.9320
    2.7243      1.9440
    3.4992      1.9560
    4.3512      1.9680
    5.0957      1.9800
    5.5723      1.9920
