    0.0000     -8.0000
    0.0000     -7.9800
    0.0000     -7.9600
    0.0000     -7.9400
    0.0000     -7.9200
    0.0000     -7.9000
    0.0000     -7.8800
    0.0000     -7.8600
    0.0000     -7.8400
    0.0000     -7.8200
    0.0000     -7.8000
    0.0000     -7.7800
    0.0000     -7.7600
    0.0000     -7.7400
    0.0000     -7.7200
    0.0002     -7.7000
    0.0014     -7.6800
    0.0077     -7.6600
    0.0314     -7.6400
    0.0933     -7.6200
    0.2015     -7.6000
    0.3161     -7.5800
    0.3603     -7.5600
    0.2984     -7.5400
    0.1795     -7.5200
    0.0785     -7.5000
    0.0249     -7.4800
    0.0058     -7.4600
    0.0010     -7.4400
    0.0001     -7.4200
    0.0000     -7.4000
    0.0000     -7.3800
    0.0000     -7.3600
    0.0000     -7.3400
    0.0000     -7.3200
    0.0000     -7.3000
    0.0000     -7.2800
    0.0000     -7.2600
    0.0000     -7.2400
    0.0000     -7.2200
    0.0000     -7.2000
    0.0001     -7.1800
    0.0004     -7.1600
    0.0013     -7.1400
    0.0031     -7.1200
    0.0061     -7.1000
    0.0098     -7.0800
    0.0126     -7.0600
    0.0129     -7.0400
    0.0115     -7.0200
    0.0110     -7.0000
    0.0130     -6.9800
    0.0158     -6.9600
    0.0168     -6.9400
    0.0149     -6.9200
    0.0109     -6.9000
    0.0068     -6.8800
    0.0052     -6.8600
    0.0074     -6.8400
    0.0124     -6.8200
    0.0167     -6.8000
    0.0171     -6.7800
    0.0142     -6.7600
    0.0111     -6.7400
    0.0093     -6.7200
    0.0078     -6.7000
    0.0056     -6.6800
    0.0038     -6.6600
    0.0042     -6.6400
    0.0073     -6.6200
    0.0122     -6.6000
    0.0165     -6.5800
    0.0177     -6.5600
    0.0149     -6.5400
    0.0100     -6.5200
    0.0059     -6.5000
    0.0047     -6.4800
    0.0056     -6.4600
    0.0064     -6.4400
    0.0059     -6.4200
    0.0048     -6.4000
    0.0052     -6.3800
    0.0081     -6.3600
    0.0124     -6.3400
    0.0159     -6.3200
    0.0173     -6.3000
    0.0164     -6.2800
    0.0139     -6.2600
    0.0113     -6.2400
    0.0099     -6.2200
    0.0100     -6.2000
    0.0105     -6.1800
    0.0105     -6.1600
    0.0106     -6.1400
    0.0119     -6.1200
    0.0150     -6.1000
    0.0191     -6.0800
    0.0224     -6.0600
    0.0241     -6.0400
    0.0249     -6.0200
    0.0262     -6.0000
    0.0290     -5.9800
    0.0332     -5.9600
    0.0379     -5.9400
    0.0426     -5.9200
    0.0489     -5.9000
    0.0588     -5.8800
    0.0712     -5.8600
    0.0807     -5.8400
    0.0835     -5.8200
    0.0815     -5.8000
    0.0800     -5.7800
    0.0815     -5.7600
    0.0847     -5.7400
    0.0886     -5.7200
    0.0938     -5.7000
    0.1010     -5.6800
    0.1087     -5.6600
    0.1137     -5.6400
    0.1143     -5.6200
    0.1126     -5.6000
    0.1134     -5.5800
    0.1196     -5.5600
    0.1279     -5.5400
    0.1320     -5.5200
    0.1305     -5.5000
    0.1289     -5.4800
    0.1311     -5.4600
    0.1341     -5.4400
    0.1361     -5.4200
    0.1423     -5.4000
    0.1580     -5.3800
    0.1766     -5.3600
    0.1857     -5.3400
    0.1843     -5.3200
    0.1852     -5.3000
    0.1982     -5.2800
    0.2205     -5.2600
    0.2438     -5.2400
    0.2607     -5.2200
    0.2648     -5.2000
    0.2539     -5.1800
    0.2355     -5.1600
    0.2210     -5.1400
    0.2147     -5.1200
    0.2161     -5.1000
    0.2232     -5.0800
    0.2314     -5.0600
    0.2333     -5.0400
    0.2258     -5.0200
    0.2124     -5.0000
    0.1982     -4.9800
    0.1857     -4.9600
    0.1745     -4.9400
    0.1647     -4.9200
    0.1574     -4.9000
    0.1528     -4.8800
    0.1486     -4.8600
    0.1417     -4.8400
    0.1325     -4.8200
    0.1246     -4.8000
    0.1213     -4.7800
    0.1207     -4.7600
    0.1199     -4.7400
    0.1187     -4.7200
    0.1189     -4.7000
    0.1216     -4.6800
    0.1283     -4.6600
    0.1383     -4.6400
    0.1448     -4.6200
    0.1424     -4.6000
    0.1351     -4.5800
    0.1311     -4.5600
    0.1328     -4.5400
    0.1358     -4.5200
    0.1365     -4.5000
    0.1358     -4.4800
    0.1384     -4.4600
    0.1494     -4.4400
    0.1717     -4.4200
    0.2039     -4.4000
    0.2400     -4.3800
    0.2689     -4.3600
    0.2774     -4.3400
    0.2591     -4.3200
    0.2221     -4.3000
    0.1850     -4.2800
    0.1651     -4.2600
    0.1681     -4.2400
    0.1853     -4.2200
    0.2018     -4.2000
    0.2090     -4.1800
    0.2106     -4.1600
    0.2134     -4.1400
    0.2173     -4.1200
    0.2177     -4.1000
    0.2139     -4.0800
    0.2104     -4.0600
    0.2122     -4.0400
    0.2226     -4.0200
    0.2424     -4.0000
    0.2671     -3.9800
    0.2884     -3.9600
    0.2988     -3.9400
    0.2965     -3.9200
    0.2865     -3.9000
    0.2764     -3.8800
    0.2727     -3.8600
    0.2787     -3.8400
    0.2925     -3.8200
    0.3051     -3.8000
    0.3069     -3.7800
    0.3003     -3.7600
    0.2996     -3.7400
    0.3124     -3.7200
    0.3287     -3.7000
    0.3336     -3.6800
    0.3251     -3.6600
    0.3141     -3.6400
    0.3087     -3.6200
    0.3053     -3.6000
    0.2962     -3.5800
    0.2807     -3.5600
    0.2639     -3.5400
    0.2513     -3.5200
    0.2458     -3.5000
    0.2480     -3.4800
    0.2537     -3.4600
    0.2582     -3.4400
    0.2604     -3.4200
    0.2604     -3.4000
    0.2545     -3.3800
    0.2407     -3.3600
    0.2223     -3.3400
    0.2043     -3.3200
    0.1911     -3.3000
    0.1881     -3.2800
    0.1980     -3.2600
    0.2171     -3.2400
    0.2380     -3.2200
    0.2552     -3.2000
    0.2652     -3.1800
    0.2642     -3.1600
    0.2486     -3.1400
    0.2208     -3.1200
    0.1919     -3.1000
    0.1721     -3.0800
    0.1619     -3.0600
    0.1570     -3.0400
    0.1540     -3.0200
    0.1502     -3.0000
    0.1441     -2.9800
    0.1374     -2.9600
    0.1321     -2.9400
    0.1262     -2.9200
    0.1163     -2.9000
    0.1052     -2.8800
    0.1029     -2.8600
    0.1161     -2.8400
    0.1365     -2.8200
    0.1463     -2.8000
    0.1375     -2.7800
    0.1184     -2.7600
    0.1010     -2.7400
    0.0900     -2.7200
    0.0825     -2.7000
    0.0703     -2.6800
    0.0503     -2.6600
    0.0298     -2.6400
    0.0204     -2.6200
    0.0283     -2.6000
    0.0515     -2.5800
    0.0798     -2.5600
    0.1068     -2.5400
    0.1458     -2.5200
    0.2225     -2.5000
    0.3389     -2.4800
    0.4512     -2.4600
    0.4970     -2.4400
    0.4565     -2.4200
    0.3839     -2.4000
    0.3686     -2.3800
    0.4519     -2.3600
    0.5832     -2.3400
    0.6741     -2.3200
    0.7046     -2.3000
    0.7785     -2.2800
    1.1116     -2.2600
    1.9744     -2.2400
    3.4663     -2.2200
    5.1547     -2.2000
    6.1521     -2.1800
    5.9033     -2.1600
    4.7835     -2.1400
    3.6261     -2.1200
    2.8147     -2.1000
    2.1559     -2.0800
    1.4627     -2.0600
    0.8384     -2.0400
    0.4364     -2.0200
    0.2767     -2.0000
    0.3115     -1.9800
    0.4822     -1.9600
    0.6916     -1.9400
    0.8319     -1.9200
    0.8694     -1.9000
    0.8448     -1.8800
    0.8043     -1.8600
    0.7656     -1.8400
    0.7135     -1.8200
    0.6187     -1.8000
    0.4890     -1.7800
    0.3750     -1.7600
    0.3191     -1.7400
    0.3361     -1.7200
    0.4247     -1.7000
    0.5540     -1.6800
    0.6518     -1.6600
    0.6405     -1.6400
    0.5072     -1.6200
    0.3257     -1.6000
    0.1934     -1.5800
    0.1543     -1.5600
    0.1785     -1.5400
    0.1984     -1.5200
    0.1726     -1.5000
    0.1230     -1.4800
    0.1129     -1.4600
    0.1996     -1.4400
    0.3933     -1.4200
    0.6334     -1.4000
    0.8381     -1.3800
    0.9899     -1.3600
    1.1008     -1.3400
    1.1227     -1.3200
    1.0267     -1.3000
    0.9185     -1.2800
    0.9247     -1.2600
    1.0101     -1.2400
    1.0214     -1.2200
    0.8797     -1.2000
    0.6525     -1.1800
    0.4602     -1.1600
    0.3660     -1.1400
    0.3554     -1.1200
    0.3849     -1.1000
    0.4310     -1.0800
    0.4835     -1.0600
    0.5226     -1.0400
    0.5374     -1.0200
    0.5407     -1.0000
    0.5400     -0.9800
    0.5429     -0.9600
    0.6123     -0.9400
    0.8397     -0.9200
    1.2063     -0.9000
    1.5319     -0.8800
    1.6551     -0.8600
    1.6449     -0.8400
    1.7818     -0.8200
    2.3287     -0.8000
    3.2405     -0.7800
    4.0475     -0.7600
    4.2147     -0.7400
    3.7148     -0.7200
    3.0564     -0.7000
    2.6979     -0.6800
    2.6541     -0.6600
    2.7480     -0.6400
    3.0118     -0.6200
    3.5625     -0.6000
    4.1829     -0.5800
    4.3980     -0.5600
    3.9652     -0.5400
    3.0484     -0.5200
    2.0101     -0.5000
    1.1946     -0.4800
    0.7858     -0.4600
    0.7370     -0.4400
    0.8574     -0.4200
    1.0033     -0.4000
    1.1484     -0.3800
    1.2863     -0.3600
    1.3594     -0.3400
    1.3110     -0.3200
    1.1556     -0.3000
    0.9801     -0.2800
    0.8815     -0.2600
    0.8999     -0.2400
    0.9924     -0.2200
    1.0544     -0.2000
    0.9873     -0.1800
    0.7846     -0.1600
    0.5415     -0.1400
    0.3635     -0.1200
    0.2907     -0.1000
    0.3134     -0.0800
    0.4042     -0.0600
    0.5135     -0.0400
    0.5791     -0.0200
    0.5738      0.0000
    0.5383      0.0200
    0.5389      0.0400
    0.5744      0.0600
    0.5638      0.0800
    0.4545      0.1000
    0.2936      0.1200
    0.1681      0.1400
    0.1194      0.1600
    0.1353      0.1800
    0.1830      0.2000
    0.2311      0.2200
    0.2697      0.2400
    0.3192      0.2600
    0.3940      0.2800
    0.4592      0.3000
    0.4606      0.3200
    0.3947      0.3400
    0.3180      0.3600
    0.2962      0.3800
    0.3602      0.4000
    0.4907      0.4200
    0.6348      0.4400
    0.7463      0.4600
    0.7972      0.4800
    0.7654      0.5000
    0.6532      0.5200
    0.5207      0.5400
    0.4578      0.5600
    0.5004      0.5800
    0.5817      0.6000
    0.5929      0.6200
    0.4996      0.6400
    0.3715      0.6600
    0.2899      0.6800
    0.2653      0.7000
    0.2601      0.7200
    0.2559      0.7400
    0.2691      0.7600
    0.3113      0.7800
    0.3601      0.8000
    0.3818      0.8200
    0.3656      0.8400
    0.3309      0.8600
    0.3178      0.8800
    0.3576      0.9000
    0.4331      0.9200
    0.4809      0.9400
    0.4489      0.9600
    0.3510      0.9800
    0.2617      1.0000
    0.2548      1.0200
    0.3464      1.0400
    0.4843      1.0600
    0.5840      1.0800
    0.5847      1.1000
    0.4887      1.1200
    0.3547      1.1400
    0.2562      1.1600
    0.2395      1.1800
    0.3088      1.2000
    0.4269      1.2200
    0.5245      1.2400
    0.5478      1.2600
    0.5146      1.2800
    0.4871      1.3000
    0.4889      1.3200
    0.4882      1.3400
    0.4567      1.3600
    0.4038      1.3800
    0.3576      1.4000
    0.3406      1.4200
    0.3591      1.4400
    0.3951      1.4600
    0.4140      1.4800
    0.4011      1.5000
    0.3830      1.5200
    0.3917      1.5400
    0.4146      1.5600
    0.4140      1.5800
    0.3872      1.6000
    0.3682      1.6200
    0.3701      1.6400
    0.3637      1.6600
    0.3190      1.6800
    0.2449      1.7000
    0.1876      1.7200
    0.1928      1.7400
    0.2685      1.7600
    0.3790      1.7800
    0.4721      1.8000
    0.5096      1.8200
    0.4835      1.8400
    0.4121      1.8600
    0.3242      1.8800
    0.2479      1.9000
    0.2052      1.9200
    0.2039      1.9400
    0.2312      1.9600
    0.2575      1.9800
    0.2579      2.0000
