    0.0000     -8.0000
    0.0000     -7.9800
    0.0000     -7.9600
    0.0000     -7.9400
    0.0000     -7.9200
    0.0000     -7.9000
    0.0000     -7.8800
    0.0000     -7.8600
    0.0000     -7.8400
    0.0000     -7.8200
    0.0000     -7.8000
    0.0000     -7.7800
    0.0000     -7.7600
    0.0000     -7.7400
    0.0007     -7.7200
    0.0075     -7.7000
    0.0578     -7.6800
    0.3251     -7.6600
    1.3293     -7.6400
    3.9498     -7.6200
    8.5274     -7.6000
   13.3769     -7.5800
   15.2472     -7.5600
   12.6275     -7.5400
    7.5987     -7.5200
    3.3224     -7.5000
    1.0555     -7.4800
    0.2436     -7.4600
    0.0409     -7.4400
    0.0050     -7.4200
    0.0004     -7.4000
    0.0000     -7.3800
    0.0000     -7.3600
    0.0000     -7.3400
    0.0000     -7.3200
    0.0000     -7.3000
    0.0000     -7.2800
    0.0000     -7.2600
    0.0000     -7.2400
    0.0002     -7.2200
    0.0010     -7.2000
    0.0052     -7.1800
    0.0199     -7.1600
    0.0602     -7.1400
    0.1478     -7.1200
    0.2981     -7.1000
    0.4874     -7.0800
    0.6320     -7.0600
    0.6531     -7.0400
    0.5922     -7.0200
    0.5920     -7.0000
    0.7237     -6.9800
    0.8999     -6.9600
    0.9780     -6.9400
    0.8847     -6.9200
    0.6558     -6.9000
    0.4203     -6.8800
    0.3384     -6.8600
    0.5053     -6.8400
    0.8575     -6.8200
    1.1596     -6.8000
    1.1951     -6.7800
    1.0073     -6.7600
    0.8177     -6.7400
    0.7164     -6.7200
    0.6083     -6.7000
    0.4390     -6.6800
    0.3042     -6.6600
    0.3404     -6.6400
    0.6053     -6.6200
    1.0326     -6.6000
    1.4333     -6.5800
    1.5742     -6.5600
    1.3549     -6.5400
    0.9332     -6.5200
    0.6002     -6.5000
    0.5087     -6.4800
    0.5685     -6.4600
    0.5926     -6.4400
    0.5120     -6.4200
    0.4436     -6.4000
    0.5614     -6.3800
    0.9076     -6.3600
    1.3337     -6.3400
    1.6482     -6.3200
    1.7819     -6.3000
    1.7460     -6.2800
    1.5636     -6.2600
    1.3514     -6.2400
    1.2837     -6.2200
    1.3842     -6.2000
    1.5139     -6.1800
    1.5924     -6.1600
    1.7109     -6.1400
    2.0321     -6.1200
    2.6759     -6.1000
    3.6913     -6.0800
    5.0653     -6.0600
    6.7242     -6.0400
    8.5429     -6.0200
   10.4533     -6.0000
   12.5580     -5.9800
   14.9655     -5.9600
   17.5701     -5.9400
   20.3356     -5.9200
   23.6684     -5.9000
   27.8489     -5.8800
   32.0580     -5.8600
   34.6904     -5.8400
   35.0115     -5.8200
   34.0554     -5.8000
   33.3145     -5.7800
   33.0182     -5.7600
   32.5524     -5.7400
   32.1297     -5.7200
   33.0107     -5.7000
   35.9696     -5.6800
   40.1139     -5.6600
   43.5842     -5.6400
   45.2573     -5.6200
   45.5846     -5.6000
   45.9789     -5.5800
   47.2105     -5.5600
   48.1848     -5.5400
   47.2171     -5.5200
   44.7121     -5.5000
   42.8052     -5.4800
   42.1746     -5.4600
   41.3802     -5.4400
   39.4776     -5.4200
   37.2849     -5.4000
   35.7939     -5.3800
   34.8095     -5.3600
   33.7596     -5.3400
   32.8751     -5.3200
   32.8296     -5.3000
   33.8995     -5.2800
   36.0720     -5.2600
   39.3235     -5.2400
   43.0397     -5.2200
   45.7513     -5.2000
   46.6013     -5.1800
   46.4854     -5.1600
   46.6036     -5.1400
   47.0229     -5.1200
   47.6092     -5.1000
   48.6067     -5.0800
   49.5435     -5.0600
   49.3319     -5.0400
   47.7642     -5.0200
   45.6251     -5.0000
   43.5535     -4.9800
   41.6748     -4.9600
   40.1240     -4.9400
   39.3529     -4.9200
   39.6464     -4.9000
   40.4962     -4.8800
   40.8855     -4.8600
   40.1575     -4.8400
   38.5717     -4.8200
   37.2558     -4.8000
   37.2099     -4.7800
   38.0684     -4.7600
   38.5141     -4.7400
   38.0430     -4.7200
   37.6091     -4.7000
   38.5242     -4.6800
   41.1539     -4.6600
   44.5423     -4.6400
   47.3438     -4.6200
   49.4749     -4.6000
   52.4500     -4.5800
   57.5425     -4.5600
   64.0805     -4.5400
   70.1118     -4.5200
   74.2038     -4.5000
   76.1528     -4.4800
   76.6451     -4.4600
   76.7158     -4.4400
   77.1006     -4.4200
   77.7030     -4.4000
   77.5590     -4.3800
   75.2449     -4.3600
   69.8234     -4.3400
   62.0653     -4.3200
   54.3750     -4.3000
   49.1474     -4.2800
   47.5452     -4.2600
   49.1938     -4.2400
   52.1089     -4.2200
   53.6366     -4.2000
   52.4977     -4.1800
   49.8548     -4.1600
   47.9573     -4.1400
   47.9214     -4.1200
   49.1825     -4.1000
   50.5560     -4.0800
   51.3329     -4.0600
   51.8673     -4.0400
   53.3210     -4.0200
   56.4059     -4.0000
   60.3265     -3.9800
   63.1276     -3.9600
   63.2174     -3.9400
   60.8629     -3.9200
   57.9674     -3.9000
   56.0116     -3.8800
   54.9416     -3.8600
   54.3023     -3.8400
   54.2166     -3.8200
   54.8850     -3.8000
   56.1426     -3.7800
   57.7630     -3.7600
   59.4308     -3.7400
   60.3472     -3.7200
   59.7386     -3.7000
   57.9591     -3.6800
   56.4604     -3.6600
   56.5065     -3.6400
   58.1866     -3.6200
   60.6757     -3.6000
   63.0613     -3.5800
   64.6063     -3.5600
   64.6812     -3.5400
   63.2307     -3.5200
   61.1049     -3.5000
   59.2247     -3.4800
   57.6851     -3.4600
   56.3174     -3.4400
   55.6033     -3.4200
   56.1673     -3.4000
   57.8909     -3.3800
   60.2330     -3.3600
   62.6671     -3.3400
   64.4853     -3.3200
   65.2335     -3.3000
   65.3318     -3.2800
   65.3582     -3.2600
   65.1664     -3.2400
   64.4123     -3.2200
   63.3757     -3.2000
   62.7205     -3.1800
   62.7116     -3.1600
   63.1199     -3.1400
   64.0945     -3.1200
   66.4040     -3.1000
   70.1746     -3.0800
   74.3345     -3.0600
   77.6066     -3.0400
   78.9020     -3.0200
   77.2157     -3.0000
   72.4723     -2.9800
   65.9760     -2.9600
   59.2482     -2.9400
   52.8411     -2.9200
   46.6816     -2.9000
   40.9920     -2.8800
   36.0897     -2.8600
   31.7738     -2.8400
   27.5632     -2.8200
   23.0363     -2.8000
   17.9569     -2.7800
   12.6635     -2.7600
    8.0635     -2.7400
    4.8832     -2.7200
    3.0727     -2.7000
    2.0323     -2.6800
    1.2682     -2.6600
    0.6984     -2.6400
    0.4541     -2.6200
    0.6208     -2.6000
    1.1304     -2.5800
    1.7563     -2.5600
    2.3449     -2.5400
    3.1738     -2.5200
    4.8079     -2.5000
    7.2825     -2.4800
    9.5316     -2.4600
   10.0832     -2.4400
    8.5620     -2.4200
    6.1750     -2.4000
    4.4907     -2.3800
    4.0337     -2.3600
    4.1756     -2.3400
    4.0613     -2.3200
    3.4532     -2.3000
    2.8272     -2.2800
    2.9400     -2.2600
    4.4421     -2.2400
    7.4676     -2.2200
   11.0322     -2.2000
   13.2421     -2.1800
   12.9127     -2.1600
   10.7940     -2.1400
    8.5776     -2.1200
    6.9867     -2.1000
    5.5356     -2.0800
    3.8493     -2.0600
    2.2765     -2.0400
    1.2773     -2.0200
    0.9835     -2.0000
    1.3767     -1.9800
    2.3850     -1.9600
    3.7504     -1.9400
    5.1117     -1.9200
    6.2540     -1.9000
    7.0966     -1.8800
    7.5801     -1.8600
    7.6629     -1.8400
    7.2093     -1.8200
    6.0532     -1.8000
    4.4254     -1.7800
    2.9664     -1.7600
    2.1811     -1.7400
    2.1769     -1.7200
    2.8237     -1.7000
    3.8264     -1.6800
    4.6681     -1.6600
    4.7688     -1.6400
    3.9308     -1.6200
    2.5863     -1.6000
    1.4363     -1.5800
    0.8692     -1.5600
    0.7730     -1.5400
    0.7881     -1.5200
    0.6759     -1.5000
    0.4953     -1.4800
    0.5058     -1.4600
    0.9668     -1.4400
    1.9376     -1.4200
    3.1507     -1.4000
    4.2431     -1.3800
    5.1384     -1.3600
    5.8377     -1.3400
    6.0263     -1.3200
    5.5619     -1.3000
    5.0472     -1.2800
    5.1577     -1.2600
    5.6653     -1.2400
    5.7219     -1.2200
    4.9381     -1.2000
    3.7722     -1.1800
    2.9246     -1.1600
    2.6408     -1.1400
    2.6737     -1.1200
    2.7730     -1.1000
    2.9615     -1.0800
    3.2425     -1.0600
    3.3449     -1.0400
    3.0338     -1.0200
    2.4450     -1.0000
    1.9058     -0.9800
    1.6756     -0.9600
    1.9538     -0.9400
    2.8261     -0.9200
    4.0416     -0.9000
    5.0366     -0.8800
    5.3788     -0.8600
    5.1931     -0.8400
    5.1078     -0.8200
    5.7663     -0.8000
    7.1861     -0.7800
    8.4929     -0.7600
    8.6774     -0.7400
    7.7528     -0.7200
    6.6985     -0.7000
    6.2170     -0.6800
    6.0846     -0.6600
    5.8551     -0.6400
    5.6966     -0.6200
    6.0611     -0.6000
    6.7694     -0.5800
    7.0376     -0.5600
    6.3472     -0.5400
    4.8728     -0.5200
    3.2294     -0.5000
    2.0771     -0.4800
    1.8086     -0.4600
    2.4107     -0.4400
    3.6133     -0.4200
    5.1286     -0.4000
    6.6149     -0.3800
    7.5521     -0.3600
    7.5137     -0.3400
    6.5860     -0.3200
    5.3435     -0.3000
    4.4000     -0.2800
    4.0168     -0.2600
    4.1208     -0.2400
    4.5115     -0.2200
    4.8673     -0.2000
    4.7785     -0.1800
    4.1139     -0.1600
    3.2177     -0.1400
    2.5302     -0.1200
    2.2315     -0.1000
    2.3662     -0.0800
    2.9338     -0.0600
    3.6916     -0.0400
    4.1847     -0.0200
    4.1625      0.0000
    3.8808      0.0200
    3.8181      0.0400
    4.0147      0.0600
    3.9586      0.0800
    3.2911      0.1000
    2.2997      0.1200
    1.5469      0.1400
    1.3027      0.1600
    1.4742      0.1800
    1.8384      0.2000
    2.1854      0.2200
    2.4392      0.2400
    2.7674      0.2600
    3.3302      0.2800
    3.8737      0.3000
    3.9037      0.3200
    3.3188      0.3400
    2.5939      0.3600
    2.3517      0.3800
    2.9110      0.4000
    4.1194      0.4200
    5.5092      0.4400
    6.6401      0.4600
    7.2263      0.4800
    7.0689      0.5000
    6.2038      0.5200
    5.1102      0.5400
    4.4793      0.5600
    4.5940      0.5800
    4.9981      0.6000
    4.9542      0.6200
    4.2576      0.6400
    3.4288      0.6600
    3.0298      0.6800
    3.0317      0.7000
    3.0250      0.7200
    2.8240      0.7400
    2.6374      0.7600
    2.6916      0.7800
    2.8719      0.8000
    2.8790      0.8200
    2.6182      0.8400
    2.3023      0.8600
    2.2736      0.8800
    2.7289      0.9000
    3.4871      0.9200
    4.0364      0.9400
    3.9148      0.9600
    3.1522      0.9800
    2.3357      1.0000
    2.1362      1.0200
    2.7535      1.0400
    3.8059      1.0600
    4.6427      1.0800
    4.7569      1.1000
    4.0743      1.1200
    3.0046      1.1400
    2.1990      1.1600
    2.1548      1.1800
    2.9610      1.2000
    4.2153      1.2200
    5.1533      1.2400
    5.2663      1.2600
    4.9052      1.2800
    4.8532      1.3000
    5.3210      1.3200
    5.7948      1.3400
    5.7742      1.3600
    5.2467      1.3800
    4.5282      1.4000
    3.9526      1.4200
    3.6962      1.4400
    3.7223      1.4600
    3.8212      1.4800
    3.8064      1.5000
    3.7552      1.5200
    3.8798      1.5400
    4.0847      1.5600
    3.9787      1.5800
    3.4711      1.6000
    2.9691      1.6200
    2.8001      1.6400
    2.7827      1.6600
    2.5533      1.6800
    2.1037      1.7000
    1.8317      1.7200
    2.1501      1.7400
    3.1671      1.7600
    4.6418      1.7800
    6.0586      1.8000
    6.8048      1.8200
    6.5402      1.8400
    5.4831      1.8600
    4.2348      1.8800
    3.3207      1.9000
    2.9221      1.9200
    2.9451      1.9400
    3.1928      1.9600
    3.4045      1.9800
    3.3407      2.0000
