    0.0174     -7.9880
    0.0120     -7.9700
    0.0078     -7.9520
    0.0073     -7.9340
    0.0124     -7.9160
    0.0231     -7.8980
    0.0360     -7.8800
    0.0443     -7.8620
    0.0430     -7.8440
    0.0339     -7.8260
    0.0241     -7.8080
    0.0206     -7.7900
    0.0258     -7.7720
    0.0363     -7.7540
    0.0441     -7.7360
    0.0428     -7.7180
    0.0324     -7.7000
    0.0195     -7.6820
    0.0107     -7.6640
    0.0085     -7.6460
    0.0126     -7.6280
    0.0228     -7.6100
    0.0389     -7.5920
    0.0582     -7.5740
    0.0731     -7.5560
    0.0755     -7.5380
    0.0661     -7.5200
    0.0558     -7.5020
    0.0575     -7.4840
    0.0760     -7.4660
    0.1049     -7.4480
    0.1317     -7.4300
    0.1437     -7.4120
    0.1335     -7.3940
    0.1046     -7.3760
    0.0711     -7.3580
    0.0508     -7.3400
    0.0548     -7.3220
    0.0818     -7.3040
    0.1157     -7.2860
    0.1337     -7.2680
    0.1240     -7.2500
    0.0959     -7.2320
    0.0677     -7.2140
    0.0506     -7.1960
    0.0456     -7.1780
    0.0487     -7.1600
    0.0528     -7.1420
    0.0504     -7.1240
    0.0393     -7.1060
    0.0252     -7.0880
    0.0166     -7.0700
    0.0210     -7.0520
    0.0443     -7.0340
    0.0881     -7.0160
    0.1423     -6.9980
    0.1830     -6.9800
    0.1888     -6.9620
    0.1606     -6.9440
    0.1207     -6.9260
    0.0921     -6.9080
    0.0830     -6.8900
    0.0883     -6.8720
    0.0950     -6.8540
    0.0901     -6.8360
    0.0705     -6.8180
    0.0451     -6.8000
    0.0272     -6.7820
    0.0258     -6.7640
    0.0440     -6.7460
    0.0781     -6.7280
    0.1148     -6.7100
    0.1345     -6.6920
    0.1254     -6.6740
    0.0936     -6.6560
    0.0579     -6.6380
    0.0343     -6.6200
    0.0282     -6.6020
    0.0375     -6.5840
    0.0556     -6.5660
    0.0723     -6.5480
    0.0778     -6.5300
    0.0723     -6.5120
    0.0688     -6.4940
    0.0806     -6.4760
    0.1066     -6.4580
    0.1293     -6.4400
    0.1315     -6.4220
    0.1128     -6.4040
    0.0883     -6.3860
    0.0736     -6.3680
    0.0746     -6.3500
    0.0885     -6.3320
    0.1093     -6.3140
    0.1309     -6.2960
    0.1454     -6.2780
    0.1432     -6.2600
    0.1212     -6.2420
    0.0888     -6.2240
    0.0634     -6.2060
    0.0595     -6.1880
    0.0827     -6.1700
    0.1286     -6.1520
    0.1800     -6.1340
    0.2108     -6.1160
    0.2044     -6.0980
    0.1706     -6.0800
    0.1387     -6.0620
    0.1331     -6.0440
    0.1553     -6.0260
    0.1931     -6.0080
    0.2443     -5.9900
    0.3222     -5.9720
    0.4280     -5.9540
    0.5310     -5.9360
    0.5933     -5.9180
    0.6023     -5.9000
    0.5683     -5.8820
    0.5082     -5.8640
    0.4465     -5.8460
    0.4144     -5.8280
    0.4346     -5.8100
    0.5062     -5.7920
    0.6040     -5.7740
    0.6945     -5.7560
    0.7640     -5.7380
    0.8320     -5.7200
    0.9333     -5.7020
    1.0902     -5.6840
    1.2941     -5.6660
    1.4820     -5.6480
    1.5346     -5.6300
    1.3609     -5.6120
    1.0102     -5.5940
    0.6555     -5.5760
    0.4448     -5.5580
    0.3931     -5.5400
    0.4167     -5.5220
    0.4408     -5.5040
    0.4653     -5.4860
    0.5382     -5.4680
    0.6795     -5.4500
    0.8409     -5.4320
    0.9407     -5.4140
    0.9385     -5.3960
    0.8764     -5.3780
    0.8460     -5.3600
    0.9181     -5.3420
    1.0969     -5.3240
    1.3240     -5.3060
    1.5207     -5.2880
    1.6452     -5.2700
    1.7297     -5.2520
    1.8512     -5.2340
    2.0462     -5.2160
    2.2550     -5.1980
    2.3677     -5.1800
    2.3211     -5.1620
    2.1376     -5.1440
    1.8922     -5.1260
    1.6719     -5.1080
    1.5419     -5.0900
    1.5087     -5.0720
    1.5156     -5.0540
    1.4962     -5.0360
    1.4310     -5.0180
    1.3505     -5.0000
    1.2932     -4.9820
    1.2606     -4.9640
    1.2172     -4.9460
    1.1479     -4.9280
    1.1044     -4.9100
    1.1639     -4.8920
    1.3361     -4.8740
    1.5344     -4.8560
    1.6531     -4.8380
    1.6634     -4.8200
    1.6224     -4.8020
    1.5978     -4.7840
    1.6055     -4.7660
    1.6149     -4.7480
    1.5906     -4.7300
    1.5215     -4.7120
    1.4299     -4.6940
    1.3517     -4.6760
    1.3027     -4.6580
    1.2744     -4.6400
    1.2645     -4.6220
    1.2862     -4.6040
    1.3358     -4.5860
    1.3753     -4.5680
    1.3659     -4.5500
    1.3078     -4.5320
    1.2359     -4.5140
    1.1835     -4.4960
    1.1572     -4.4780
    1.1392     -4.4600
    1.1110     -4.4420
    1.0677     -4.4240
    1.0097     -4.4060
    0.9391     -4.3880
    0.8702     -4.3700
    0.8234     -4.3520
    0.7982     -4.3340
    0.7683     -4.3160
    0.7086     -4.2980
    0.6197     -4.2800
    0.5248     -4.2620
    0.4480     -4.2440
    0.3985     -4.2260
    0.3699     -4.2080
    0.3508     -4.1900
    0.3361     -4.1720
    0.3305     -4.1540
    0.3419     -4.1360
    0.3746     -4.1180
    0.4259     -4.1000
    0.4866     -4.0820
    0.5413     -4.0640
    0.5739     -4.0460
    0.5759     -4.0280
    0.5501     -4.0100
    0.5051     -3.9920
    0.4487     -3.9740
    0.3900     -3.9560
    0.3403     -3.9380
    0.3093     -3.9200
    0.3003     -3.9020
    0.3071     -3.8840
    0.3164     -3.8660
    0.3142     -3.8480
    0.2965     -3.8300
    0.2707     -3.8120
    0.2477     -3.7940
    0.2359     -3.7760
    0.2431     -3.7580
    0.2738     -3.7400
    0.3195     -3.7220
    0.3578     -3.7040
    0.3691     -3.6860
    0.3538     -3.6680
    0.3305     -3.6500
    0.3182     -3.6320
    0.3208     -3.6140
    0.3292     -3.5960
    0.3331     -3.5780
    0.3285     -3.5600
    0.3177     -3.5420
    0.3043     -3.5240
    0.2915     -3.5060
    0.2813     -3.4880
    0.2737     -3.4700
    0.2682     -3.4520
    0.2653     -3.4340
    0.2666     -3.4160
    0.2709     -3.3980
    0.2717     -3.3800
    0.2617     -3.3620
    0.2409     -3.3440
    0.2162     -3.3260
    0.1956     -3.3080
    0.1822     -3.2900
    0.1771     -3.2720
    0.1844     -3.2540
    0.2130     -3.2360
    0.2702     -3.2180
    0.3490     -3.2000
    0.4241     -3.1820
    0.4653     -3.1640
    0.4589     -3.1460
    0.4160     -3.1280
    0.3624     -3.1100
    0.3206     -3.0920
    0.3030     -3.0740
    0.3117     -3.0560
    0.3409     -3.0380
    0.3758     -3.0200
    0.3997     -3.0020
    0.4052     -2.9840
    0.3991     -2.9660
    0.3941     -2.9480
    0.3978     -2.9300
    0.4089     -2.9120
    0.4206     -2.8940
    0.4251     -2.8760
    0.4156     -2.8580
    0.3908     -2.8400
    0.3594     -2.8220
    0.3365     -2.8040
    0.3308     -2.7860
    0.3372     -2.7680
    0.3450     -2.7500
    0.3498     -2.7320
    0.3564     -2.7140
    0.3747     -2.6960
    0.4138     -2.6780
    0.4732     -2.6600
    0.5376     -2.6420
    0.5833     -2.6240
    0.5926     -2.6060
    0.5667     -2.5880
    0.5225     -2.5700
    0.4781     -2.5520
    0.4404     -2.5340
    0.4075     -2.5160
    0.3784     -2.4980
    0.3564     -2.4800
    0.3441     -2.4620
    0.3384     -2.4440
    0.3326     -2.4260
    0.3240     -2.4080
    0.3172     -2.3900
    0.3174     -2.3720
    0.3230     -2.3540
    0.3267     -2.3360
    0.3230     -2.3180
    0.3110     -2.3000
    0.2922     -2.2820
    0.2699     -2.2640
    0.2492     -2.2460
    0.2354     -2.2280
    0.2314     -2.2100
    0.2381     -2.1920
    0.2539     -2.1740
    0.2744     -2.1560
    0.2927     -2.1380
    0.3014     -2.1200
    0.2973     -2.1020
    0.2853     -2.0840
    0.2759     -2.0660
    0.2765     -2.0480
    0.2846     -2.0300
    0.2898     -2.0120
    0.2846     -1.9940
    0.2722     -1.9760
    0.2625     -1.9580
    0.2606     -1.9400
    0.2623     -1.9220
    0.2597     -1.9040
    0.2502     -1.8860
    0.2381     -1.8680
    0.2289     -1.8500
    0.2235     -1.8320
    0.2188     -1.8140
    0.2111     -1.7960
    0.1991     -1.7780
    0.1853     -1.7600
    0.1749     -1.7420
    0.1727     -1.7240
    0.1786     -1.7060
    0.1881     -1.6880
    0.1951     -1.6700
    0.1956     -1.6520
    0.1897     -1.6340
    0.1813     -1.6160
    0.1762     -1.5980
    0.1788     -1.5800
    0.1889     -1.5620
    0.1993     -1.5440
    0.1998     -1.5260
    0.1853     -1.5080
    0.1609     -1.4900
    0.1391     -1.4720
    0.1347     -1.4540
    0.1610     -1.4360
    0.2216     -1.4180
    0.3017     -1.4000
    0.3705     -1.3820
    0.4005     -1.3640
    0.3860     -1.3460
    0.3483     -1.3280
    0.3249     -1.3100
    0.3500     -1.2920
    0.4330     -1.2740
    0.5471     -1.2560
    0.6427     -1.2380
    0.6797     -1.2200
    0.6619     -1.2020
    0.6426     -1.1840
    0.6820     -1.1660
    0.7883     -1.1480
    0.9198     -1.1300
    1.0407     -1.1120
    1.1368     -1.0940
    1.1818     -1.0760
    1.1456     -1.0580
    1.0502     -1.0400
    0.9714     -1.0220
    0.9601     -1.0040
    0.9835     -0.9860
    0.9597     -0.9680
    0.8397     -0.9500
    0.6456     -0.9320
    0.4489     -0.9140
    0.3246     -0.8960
    0.3141     -0.8780
    0.4115     -0.8600
    0.5690     -0.8420
    0.7134     -0.8240
    0.7809     -0.8060
    0.7631     -0.7880
    0.7231     -0.7700
    0.7525     -0.7520
    0.8965     -0.7340
    1.1066     -0.7160
    1.2623     -0.6980
    1.2570     -0.6800
    1.0841     -0.6620
    0.8448     -0.6440
    0.6691     -0.6260
    0.6187     -0.6080
    0.6534     -0.5900
    0.6828     -0.5720
    0.6542     -0.5540
    0.5906     -0.5360
    0.5396     -0.5180
    0.5033     -0.5000
    0.4489     -0.4820
    0.3812     -0.4640
    0.3707     -0.4460
    0.4933     -0.4280
    0.7468     -0.4100
    1.0346     -0.3920
    1.2368     -0.3740
    1.2917     -0.3560
    1.2042     -0.3380
    1.0147     -0.3200
    0.7968     -0.3020
    0.6468     -0.2840
    0.6214     -0.2660
    0.6918     -0.2480
    0.7794     -0.2300
    0.8255     -0.2120
    0.8154     -0.1940
    0.7575     -0.1760
    0.6622     -0.1580
    0.5427     -0.1400
    0.4319     -0.1220
    0.3883     -0.1040
    0.4704     -0.0860
    0.6909     -0.0680
    0.9853     -0.0500
    1.2344     -0.0320
    1.3439     -0.0140
    1.3100      0.0040
    1.1925      0.0220
    1.0396      0.0400
    0.8680      0.0580
    0.7017      0.0760
    0.5891      0.0940
    0.5666      0.1120
    0.6218      0.1300
    0.7095      0.1480
    0.7944      0.1660
    0.8621      0.1840
    0.8994      0.2020
    0.8895      0.2200
    0.8354      0.2380
    0.7716      0.2560
    0.7272      0.2740
    0.6826      0.2920
    0.5922      0.3100
    0.4491      0.3280
    0.3016      0.3460
    0.2032      0.3640
    0.1721      0.3820
    0.2036      0.4000
    0.2903      0.4180
    0.4104      0.4360
    0.5141      0.4540
    0.5463      0.4720
    0.4898      0.4900
    0.3773      0.5080
    0.2666      0.5260
    0.2090      0.5440
    0.2310      0.5620
    0.3245      0.5800
    0.4484      0.5980
    0.5511      0.6160
    0.5999      0.6340
    0.5916      0.6520
    0.5411      0.6700
    0.4715      0.6880
    0.4110      0.7060
    0.3886      0.7240
    0.4201      0.7420
    0.4883      0.7600
    0.5473      0.7780
    0.5592      0.7960
    0.5278      0.8140
    0.4873      0.8320
    0.4599      0.8500
    0.4376      0.8680
    0.4048      0.8860
    0.3606      0.9040
    0.3133      0.9220
    0.2700      0.9400
    0.2361      0.9580
    0.2163      0.9760
    0.2155      0.9940
    0.2333      1.0120
    0.2563      1.0300
    0.2626      1.0480
    0.2402      1.0660
    0.1973      1.0840
    0.1546      1.1020
    0.1318      1.1200
    0.1391      1.1380
    0.1715      1.1560
    0.2097      1.1740
    0.2294      1.1920
    0.2218      1.2100
    0.2049      1.2280
    0.2101      1.2460
    0.2530      1.2640
    0.3170      1.2820
    0.3612      1.3000
    0.3495      1.3180
    0.2809      1.3360
    0.1937      1.3540
    0.1342      1.3720
    0.1218      1.3900
    0.1423      1.4080
    0.1671      1.4260
    0.1762      1.4440
    0.1688      1.4620
    0.1570      1.4800
    0.1559      1.4980
    0.1780      1.5160
    0.2314      1.5340
    0.3137      1.5520
    0.4033      1.5700
    0.4641      1.5880
    0.4670      1.6060
    0.4114      1.6240
    0.3274      1.6420
    0.2600      1.6600
    0.2403      1.6780
    0.2598      1.6960
    0.2752      1.7140
    0.2494      1.7320
    0.1880      1.7500
    0.1327      1.7680
    0.1231      1.7860
    0.1661      1.8040
    0.2319      1.8220
    0.2745      1.8400
    0.2680      1.8580
    0.2281      1.8760
    0.1914      1.8940
    0.1784      1.9120
    0.1811      1.9300
    0.1805      1.9480
    0.1677      1.9660
    0.1501      1.9840
