    0.0171     -7.9875
    0.0128     -7.9680
    0.0174     -7.9485
    0.0328     -7.9290
    0.0536     -7.9095
    0.0669     -7.8900
    0.0623     -7.8705
    0.0436     -7.8510
    0.0245     -7.8315
    0.0165     -7.8120
    0.0231     -7.7925
    0.0421     -7.7730
    0.0653     -7.7535
    0.0800     -7.7340
    0.0812     -7.7145
    0.0793     -7.6950
    0.0896     -7.6755
    0.1185     -7.6560
    0.1675     -7.6365
    0.2420     -7.6170
    0.3389     -7.5975
    0.4277     -7.5780
    0.4626     -7.5585
    0.4219     -7.5390
    0.3324     -7.5195
    0.2502     -7.5000
    0.2121     -7.4805
    0.2076     -7.4610
    0.1998     -7.4415
    0.1674     -7.4220
    0.1227     -7.4025
    0.0916     -7.3830
    0.0870     -7.3635
    0.1021     -7.3440
    0.1203     -7.3245
    0.1292     -7.3050
    0.1249     -7.2855
    0.1075     -7.2660
    0.0807     -7.2465
    0.0549     -7.2270
    0.0418     -7.2075
    0.0455     -7.1880
    0.0615     -7.1685
    0.0782     -7.1490
    0.0830     -7.1295
    0.0734     -7.1100
    0.0593     -7.0905
    0.0495     -7.0710
    0.0419     -7.0515
    0.0318     -7.0320
    0.0217     -7.0125
    0.0186     -6.9930
    0.0277     -6.9735
    0.0488     -6.9540
    0.0780     -6.9345
    0.1072     -6.9150
    0.1262     -6.8955
    0.1262     -6.8760
    0.1078     -6.8565
    0.0831     -6.8370
    0.0653     -6.8175
    0.0573     -6.7980
    0.0527     -6.7785
    0.0458     -6.7590
    0.0360     -6.7395
    0.0275     -6.7200
    0.0271     -6.7005
    0.0394     -6.6810
    0.0631     -6.6615
    0.0872     -6.6420
    0.0963     -6.6225
    0.0844     -6.6030
    0.0625     -6.5835
    0.0476     -6.5640
    0.0488     -6.5445
    0.0619     -6.5250
    0.0729     -6.5055
    0.0693     -6.4860
    0.0529     -6.4665
    0.0391     -6.4470
    0.0409     -6.4275
    0.0578     -6.4080
    0.0778     -6.3885
    0.0877     -6.3690
    0.0829     -6.3495
    0.0691     -6.3300
    0.0573     -6.3105
    0.0585     -6.2910
    0.0778     -6.2715
    0.1070     -6.2520
    0.1256     -6.2325
    0.1182     -6.2130
    0.0898     -6.1935
    0.0602     -6.1740
    0.0474     -6.1545
    0.0601     -6.1350
    0.0962     -6.1155
    0.1368     -6.0960
    0.1533     -6.0765
    0.1337     -6.0570
    0.0969     -6.0375
    0.0719     -6.0180
    0.0727     -5.9985
    0.0964     -5.9790
    0.1352     -5.9595
    0.1807     -5.9400
    0.2194     -5.9205
    0.2366     -5.9010
    0.2320     -5.8815
    0.2206     -5.8620
    0.2139     -5.8425
    0.2090     -5.8230
    0.2007     -5.8035
    0.1908     -5.7840
    0.1850     -5.7645
    0.1915     -5.7450
    0.2148     -5.7255
    0.2476     -5.7060
    0.2789     -5.6865
    0.3059     -5.6670
    0.3284     -5.6475
    0.3383     -5.6280
    0.3247     -5.6085
    0.2898     -5.5890
    0.2568     -5.5695
    0.2523     -5.5500
    0.2717     -5.5305
    0.2775     -5.5110
    0.2448     -5.4915
    0.1926     -5.4720
    0.1557     -5.4525
    0.1483     -5.4330
    0.1696     -5.4135
    0.2179     -5.3940
    0.2823     -5.3745
    0.3327     -5.3550
    0.3456     -5.3355
    0.3311     -5.3160
    0.3126     -5.2965
    0.2914     -5.2770
    0.2558     -5.2575
    0.2122     -5.2380
    0.1858     -5.2185
    0.1924     -5.1990
    0.2199     -5.1795
    0.2359     -5.1600
    0.2179     -5.1405
    0.1745     -5.1210
    0.1347     -5.1015
    0.1198     -5.0820
    0.1332     -5.0625
    0.1710     -5.0430
    0.2321     -5.0235
    0.3104     -5.0040
    0.3838     -4.9845
    0.4287     -4.9650
    0.4448     -4.9455
    0.4465     -4.9260
    0.4385     -4.9065
    0.4186     -4.8870
    0.3939     -4.8675
    0.3781     -4.8480
    0.3807     -4.8285
    0.4036     -4.8090
    0.4405     -4.7895
    0.4804     -4.7700
    0.5145     -4.7505
    0.5377     -4.7310
    0.5460     -4.7115
    0.5384     -4.6920
    0.5175     -4.6725
    0.4864     -4.6530
    0.4483     -4.6335
    0.4139     -4.6140
    0.4051     -4.5945
    0.4390     -4.5750
    0.5067     -4.5555
    0.5761     -4.5360
    0.6142     -4.5165
    0.6146     -4.4970
    0.6074     -4.4775
    0.6317     -4.4580
    0.6921     -4.4385
    0.7528     -4.4190
    0.7732     -4.3995
    0.7423     -4.3800
    0.6803     -4.3605
    0.6159     -4.3410
    0.5663     -4.3215
    0.5315     -4.3020
    0.5050     -4.2825
    0.4867     -4.2630
    0.4764     -4.2435
    0.4658     -4.2240
    0.4490     -4.2045
    0.4312     -4.1850
    0.4179     -4.1655
    0.4071     -4.1460
    0.3962     -4.1265
    0.3892     -4.1070
    0.3925     -4.0875
    0.4043     -4.0680
    0.4135     -4.0485
    0.4110     -4.0290
    0.3945     -4.0095
    0.3665     -3.9900
    0.3352     -3.9705
    0.3129     -3.9510
    0.3059     -3.9315
    0.3082     -3.9120
    0.3119     -3.8925
    0.3168     -3.8730
    0.3283     -3.8535
    0.3509     -3.8340
    0.3846     -3.8145
    0.4225     -3.7950
    0.4524     -3.7755
    0.4648     -3.7560
    0.4587     -3.7365
    0.4397     -3.7170
    0.4149     -3.6975
    0.3906     -3.6780
    0.3681     -3.6585
    0.3430     -3.6390
    0.3122     -3.6195
    0.2822     -3.6000
    0.2648     -3.5805
    0.2654     -3.5610
    0.2791     -3.5415
    0.2943     -3.5220
    0.2979     -3.5025
    0.2840     -3.4830
    0.2613     -3.4635
    0.2486     -3.4440
    0.2544     -3.4245
    0.2664     -3.4050
    0.2677     -3.3855
    0.2582     -3.3660
    0.2515     -3.3465
    0.2572     -3.3270
    0.2760     -3.3075
    0.3046     -3.2880
    0.3355     -3.2685
    0.3576     -3.2490
    0.3671     -3.2295
    0.3718     -3.2100
    0.3808     -3.1905
    0.3960     -3.1710
    0.4134     -3.1515
    0.4298     -3.1320
    0.4438     -3.1125
    0.4528     -3.0930
    0.4510     -3.0735
    0.4349     -3.0540
    0.4075     -3.0345
    0.3759     -3.0150
    0.3488     -2.9955
    0.3380     -2.9760
    0.3554     -2.9565
    0.4008     -2.9370
    0.4554     -2.9175
    0.4919     -2.8980
    0.4976     -2.8785
    0.4820     -2.8590
    0.4614     -2.8395
    0.4420     -2.8200
    0.4237     -2.8005
    0.4064     -2.7810
    0.3887     -2.7615
    0.3697     -2.7420
    0.3563     -2.7225
    0.3613     -2.7030
    0.3847     -2.6835
    0.4081     -2.6640
    0.4146     -2.6445
    0.4081     -2.6250
    0.4022     -2.6055
    0.4024     -2.5860
    0.4046     -2.5665
    0.4022     -2.5470
    0.3862     -2.5275
    0.3514     -2.5080
    0.3050     -2.4885
    0.2613     -2.4690
    0.2288     -2.4495
    0.2094     -2.4300
    0.2054     -2.4105
    0.2177     -2.3910
    0.2408     -2.3715
    0.2647     -2.3520
    0.2795     -2.3325
    0.2793     -2.3130
    0.2644     -2.2935
    0.2436     -2.2740
    0.2305     -2.2545
    0.2365     -2.2350
    0.2615     -2.2155
    0.2898     -2.1960
    0.3002     -2.1765
    0.2832     -2.1570
    0.2486     -2.1375
    0.2153     -2.1180
    0.1953     -2.0985
    0.1864     -2.0790
    0.1791     -2.0595
    0.1670     -2.0400
    0.1511     -2.0205
    0.1374     -2.0010
    0.1314     -1.9815
    0.1348     -1.9620
    0.1443     -1.9425
    0.1547     -1.9230
    0.1613     -1.9035
    0.1614     -1.8840
    0.1553     -1.8645
    0.1462     -1.8450
    0.1378     -1.8255
    0.1326     -1.8060
    0.1314     -1.7865
    0.1335     -1.7670
    0.1363     -1.7475
    0.1359     -1.7280
    0.1314     -1.7085
    0.1253     -1.6890
    0.1203     -1.6695
    0.1158     -1.6500
    0.1087     -1.6305
    0.0996     -1.6110
    0.0933     -1.5915
    0.0932     -1.5720
    0.0951     -1.5525
    0.0901     -1.5330
    0.0751     -1.5135
    0.0565     -1.4940
    0.0448     -1.4745
    0.0450     -1.4550
    0.0541     -1.4355
    0.0664     -1.4160
    0.0824     -1.3965
    0.1079     -1.3770
    0.1444     -1.3575
    0.1831     -1.3380
    0.2106     -1.3185
    0.2201     -1.2990
    0.2132     -1.2795
    0.1930     -1.2600
    0.1617     -1.2405
    0.1256     -1.2210
    0.0963     -1.2015
    0.0826     -1.1820
    0.0832     -1.1625
    0.0953     -1.1430
    0.1253     -1.1235
    0.1807     -1.1040
    0.2511     -1.0845
    0.3159     -1.0650
    0.3741     -1.0455
    0.4453     -1.0260
    0.5327     -1.0065
    0.6067     -0.9870
    0.6348     -0.9675
    0.6082     -0.9480
    0.5326     -0.9285
    0.4174     -0.9090
    0.2900     -0.8895
    0.1977     -0.8700
    0.1760     -0.8505
    0.2234     -0.8310
    0.3163     -0.8115
    0.4391     -0.7920
    0.5872     -0.7725
    0.7369     -0.7530
    0.8384     -0.7335
    0.8604     -0.7140
    0.8240     -0.6945
    0.7713     -0.6750
    0.7178     -0.6555
    0.6565     -0.6360
    0.6020     -0.6165
    0.5960     -0.5970
    0.6540     -0.5775
    0.7258     -0.5580
    0.7363     -0.5385
    0.6662     -0.5190
    0.5787     -0.4995
    0.5596     -0.4800
    0.6319     -0.4605
    0.7423     -0.4410
    0.8297     -0.4215
    0.8853     -0.4020
    0.9455     -0.3825
    1.0321     -0.3630
    1.1001     -0.3435
    1.0680     -0.3240
    0.9177     -0.3045
    0.7307     -0.2850
    0.6151     -0.2655
    0.6416     -0.2460
    0.8390     -0.2265
    1.1762     -0.2070
    1.5301     -0.1875
    1.7257     -0.1680
    1.6571     -0.1485
    1.3911     -0.1290
    1.1411     -0.1095
    1.0902     -0.0900
    1.2335     -0.0705
    1.4252     -0.0510
    1.5419     -0.0315
    1.5418     -0.0120
    1.4328      0.0075
    1.2795      0.0270
    1.1941      0.0465
    1.2352      0.0660
    1.3540      0.0855
    1.4893      0.1050
    1.6443      0.1245
    1.8273      0.1440
    1.9817      0.1635
    2.0107      0.1830
    1.8565      0.2025
    1.5536      0.2220
    1.2017      0.2415
    0.9024      0.2610
    0.7297      0.2805
    0.7233      0.3000
    0.8629      0.3195
    1.0415      0.3390
    1.1027      0.3585
    0.9724      0.3780
    0.7440      0.3975
    0.5812      0.4170
    0.5521      0.4365
    0.5981      0.4560
    0.6355      0.4755
    0.6400      0.4950
    0.6386      0.5145
    0.6593      0.5340
    0.7064      0.5535
    0.7699      0.5730
    0.8358      0.5925
    0.8806      0.6120
    0.8833      0.6315
    0.8572      0.6510
    0.8470      0.6705
    0.8794      0.6900
    0.9346      0.7095
    0.9645      0.7290
    0.9275      0.7485
    0.8142      0.7680
    0.6575      0.7875
    0.5330      0.8070
    0.5212      0.8265
    0.6265      0.8460
    0.7439      0.8655
    0.7606      0.8850
    0.6845      0.9045
    0.6320      0.9240
    0.6974      0.9435
    0.8588      0.9630
    1.0029      0.9825
    1.0312      1.0020
    0.9479      1.0215
    0.8454      1.0410
    0.8071      1.0605
    0.8266      1.0800
    0.8294      1.0995
    0.7686      1.1190
    0.6670      1.1385
    0.5638      1.1580
    0.4724      1.1775
    0.4029      1.1970
    0.3783      1.2165
    0.4092      1.2360
    0.4738      1.2555
    0.5279      1.2750
    0.5298      1.2945
    0.4734      1.3140
    0.3977      1.3335
    0.3396      1.3530
    0.2931      1.3725
    0.2399      1.3920
    0.1972      1.4115
    0.2002      1.4310
    0.2515      1.4505
    0.3123      1.4700
    0.3407      1.4895
    0.3226      1.5090
    0.2719      1.5285
    0.2236      1.5480
    0.2153      1.5675
    0.2508      1.5870
    0.2903      1.6065
    0.2945      1.6260
    0.2751      1.6455
    0.2879      1.6650
    0.3740      1.6845
    0.5093      1.7040
    0.6204      1.7235
    0.6628      1.7430
    0.6598      1.7625
    0.6458      1.7820
    0.6154      1.8015
    0.5613      1.8210
    0.5142      1.8405
    0.5155      1.8600
    0.5785      1.8795
    0.6780      1.8990
    0.7590      1.9185
    0.7678      1.9380
    0.6985      1.9575
    0.5985      1.9770
    0.5241      1.9965
