    0.4528     -7.9940
    0.3478     -7.9810
    0.2875     -7.9680
    0.3106     -7.9550
    0.4358     -7.9420
    0.6522     -7.9290
    0.9148     -7.9160
    1.1543     -7.9030
    1.3075     -7.8900
    1.3543     -7.8770
    1.3318     -7.8640
    1.3067     -7.8510
    1.3227     -7.8380
    1.3643     -7.8250
    1.3683     -7.8120
    1.2734     -7.7990
    1.0669     -7.7860
    0.7927     -7.7730
    0.5207     -7.7600
    0.3082     -7.7470
    0.1818     -7.7340
    0.1423     -7.7210
    0.1791     -7.7080
    0.2760     -7.6950
    0.4084     -7.6820
    0.5407     -7.6690
    0.6339     -7.6560
    0.6661     -7.6430
    0.6501     -7.6300
    0.6352     -7.6170
    0.6887     -7.6040
    0.8655     -7.5910
    1.1809     -7.5780
    1.5947     -7.5650
    2.0139     -7.5520
    2.3209     -7.5390
    2.4230     -7.5260
    2.3020     -7.5130
    2.0353     -7.5000
    1.7653     -7.4870
    1.6309     -7.4740
    1.6967     -7.4610
    1.9213     -7.4480
    2.1803     -7.4350
    2.3305     -7.4220
    2.2777     -7.4090
    2.0132     -7.3960
    1.6044     -7.3830
    1.1549     -7.3700
    0.7607     -7.3570
    0.4868     -7.3440
    0.3673     -7.3310
    0.4170     -7.3180
    0.6349     -7.3050
    0.9920     -7.2920
    1.4143     -7.2790
    1.7896     -7.2660
    2.0137     -7.2530
    2.0529     -7.2400
    1.9742     -7.2270
    1.9085     -7.2140
    1.9659     -7.2010
    2.1651     -7.1880
    2.4272     -7.1750
    2.6319     -7.1620
    2.6868     -7.1490
    2.5654     -7.1360
    2.3058     -7.1230
    1.9916     -7.1100
    1.7307     -7.0970
    1.6244     -7.0840
    1.7268     -7.0710
    2.0114     -7.0580
    2.3732     -7.0450
    2.6719     -7.0320
    2.7925     -7.0190
    2.6873     -7.0060
    2.3849     -6.9930
    1.9719     -6.9800
    1.5611     -6.9670
    1.2522     -6.9540
    1.0961     -6.9410
    1.0759     -6.9280
    1.1220     -6.9150
    1.1549     -6.9020
    1.1327     -6.8890
    1.0739     -6.8760
    1.0490     -6.8630
    1.1517     -6.8500
    1.4656     -6.8370
    2.0279     -6.8240
    2.7945     -6.8110
    3.6314     -6.7980
    4.3556     -6.7850
    4.8168     -6.7720
    4.9667     -6.7590
    4.8615     -6.7460
    4.6047     -6.7330
    4.2799     -6.7200
    3.9240     -6.7070
    3.5449     -6.6940
    3.1522     -6.6810
    2.7743     -6.6680
    2.4515     -6.6550
    2.2184     -6.6420
    2.0980     -6.6290
    2.1131     -6.6160
    2.2986     -6.6030
    2.6924     -6.5900
    3.3051     -6.5770
    4.1013     -6.5640
    5.0186     -6.5510
    6.0184     -6.5380
    7.1225     -6.5250
    8.3886     -6.5120
    9.8257     -6.4990
   11.3140     -6.4860
   12.6068     -6.4730
   13.4287     -6.4600
   13.6053     -6.4470
   13.1463     -6.4340
   12.2424     -6.4210
   11.1915     -6.4080
   10.2854     -6.3950
    9.6975     -6.3820
    9.4275     -6.3690
    9.3458     -6.3560
    9.3141     -6.3430
    9.2895     -6.3300
    9.3303     -6.3170
    9.5152     -6.3040
    9.8728     -6.2910
   10.3947     -6.2780
   11.1057     -6.2650
   12.0944     -6.2520
   13.4488     -6.2390
   15.1351     -6.2260
   16.9202     -6.2130
   18.4153     -6.2000
   19.2336     -6.1870
   19.1685     -6.1740
   18.2825     -6.1610
   16.8608     -6.1480
   15.2797     -6.1350
   13.8832     -6.1220
   12.9190     -6.1090
   12.5192     -6.0960
   12.6897     -6.0830
   13.3082     -6.0700
   14.1587     -6.0570
   15.0166     -6.0440
   15.7415     -6.0310
   16.3173     -6.0180
   16.8138     -6.0050
   17.3103     -5.9920
   17.8393     -5.9790
   18.3801     -5.9660
   18.8769     -5.9530
   19.2571     -5.9400
   19.4531     -5.9270
   19.4413     -5.9140
   19.2844     -5.9010
   19.1360     -5.8880
   19.1929     -5.8750
   19.6167     -5.8620
   20.4610     -5.8490
   21.6295     -5.8360
   22.8863     -5.8230
   23.9411     -5.8100
   24.6015     -5.7970
   24.9093     -5.7840
   25.1408     -5.7710
   25.6318     -5.7580
   26.5391     -5.7450
   27.7233     -5.7320
   28.8357     -5.7190
   29.5213     -5.7060
   29.5822     -5.6930
   29.0221     -5.6800
   27.9941     -5.6670
   26.7118     -5.6540
   25.3669     -5.6410
   24.0862     -5.6280
   22.9447     -5.6150
   22.0092     -5.6020
   21.3523     -5.5890
   21.0164     -5.5760
   20.9772     -5.5630
   21.1683     -5.5500
   21.5510     -5.5370
   22.1488     -5.5240
   22.9999     -5.5110
   24.0758     -5.4980
   25.2515     -5.4850
   26.3549     -5.4720
   27.2469     -5.4590
   27.8597     -5.4460
   28.1657     -5.4330
   28.1141     -5.4200
   27.6097     -5.4070
   26.5830     -5.3940
   25.1155     -5.3810
   23.5160     -5.3680
   22.2567     -5.3550
   21.7750     -5.3420
   22.2439     -5.3290
   23.4411     -5.3160
   24.7970     -5.3030
   25.6194     -5.2900
   25.4021     -5.2770
   24.0578     -5.2640
   21.9349     -5.2510
   19.6028     -5.2380
   17.5535     -5.2250
   16.0219     -5.2120
   15.0161     -5.1990
   14.4744     -5.1860
   14.3905     -5.1730
   14.8176     -5.1600
   15.7886     -5.1470
   17.2411     -5.1340
   19.0044     -5.1210
   20.8480     -5.1080
   22.5655     -5.0950
   24.0608     -5.0820
   25.3860     -5.0690
   26.6823     -5.0560
   28.0411     -5.0430
   29.3907     -5.0300
   30.5150     -5.0170
   31.1976     -5.0040
   31.3645     -4.9910
   31.0934     -4.9780
   30.4952     -4.9650
   29.6034     -4.9520
   28.4001     -4.9390
   26.9571     -4.9260
   25.5348     -4.9130
   24.5025     -4.9000
   24.1253     -4.8870
   24.4007     -4.8740
   25.0858     -4.8610
   25.8805     -4.8480
   26.6097     -4.8350
   27.2785     -4.8220
   27.9965     -4.8090
   28.8687     -4.7960
   29.9505     -4.7830
   31.2695     -4.7700
   32.8277     -4.7570
   34.5270     -4.7440
   36.0813     -4.7310
   37.0451     -4.7180
   36.9942     -4.7050
   35.7543     -4.6920
   33.5200     -4.6790
   30.7946     -4.6660
   28.1969     -4.6530
   26.2412     -4.6400
   25.1847     -4.6270
   24.9831     -4.6140
   25.3438     -4.6010
   25.8371     -4.5880
   26.0304     -4.5750
   25.6304     -4.5620
   24.5957     -4.5490
   23.1517     -4.5360
   21.6794     -4.5230
   20.5459     -4.5100
   20.0006     -4.4970
   20.1788     -4.4840
   21.1406     -4.4710
   22.8580     -4.4580
   25.1538     -4.4450
   27.6739     -4.4320
   29.9628     -4.4190
   31.6302     -4.4060
   32.5233     -4.3930
   32.7931     -4.3800
   32.7964     -4.3670
   32.8922     -4.3540
   33.2821     -4.3410
   34.0054     -4.3280
   35.0469     -4.3150
   36.4053     -4.3020
   38.0309     -4.2890
   39.7079     -4.2760
   41.0475     -4.2630
   41.6635     -4.2500
   41.4227     -4.2370
   40.5673     -4.2240
   39.6040     -4.2110
   39.0433     -4.1980
   39.1797     -4.1850
   40.0365     -4.1720
   41.4535     -4.1590
   43.2135     -4.1460
   45.1301     -4.1330
   47.0798     -4.1200
   48.9925     -4.1070
   50.8147     -4.0940
   52.4624     -4.0810
   53.7910     -4.0680
   54.6110     -4.0550
   54.7544     -4.0420
   54.1672     -4.0290
   52.9744     -4.0160
   51.4719     -4.0030
   50.0370     -3.9900
   49.0069     -3.9770
   48.5962     -3.9640
   48.8750     -3.9510
   49.7630     -3.9380
   50.9940     -3.9250
   52.0852     -3.9120
   52.4150     -3.8990
   51.4487     -3.8860
   49.0100     -3.8730
   45.4175     -3.8600
   41.3884     -3.8470
   37.7744     -3.8340
   35.2836     -3.8210
   34.3017     -3.8080
   34.8276     -3.7950
   36.4982     -3.7820
   38.6990     -3.7690
   40.7719     -3.7560
   42.2615     -3.7430
   43.0619     -3.7300
   43.3556     -3.7170
   43.3856     -3.7040
   43.2421     -3.6910
   42.8152     -3.6780
   41.9222     -3.6650
   40.4836     -3.6520
   38.6198     -3.6390
   36.6174     -3.6260
   34.8132     -3.6130
   33.4849     -3.6000
   32.8078     -3.5870
   32.8676     -3.5740
   33.6720     -3.5610
   35.1245     -3.5480
   36.9827     -3.5350
   38.8514     -3.5220
   40.2397     -3.5090
   40.6686     -3.4960
   39.7973     -3.4830
   37.5478     -3.4700
   34.1984     -3.4570
   30.3808     -3.4440
   26.9263     -3.4310
   24.5822     -3.4180
   23.7286     -3.4050
   24.2534     -3.3920
   25.6707     -3.3790
   27.4253     -3.3660
   29.2046     -3.3530
   31.0561     -3.3400
   33.2317     -3.3270
   35.8805     -3.3140
   38.8287     -3.3010
   41.6167     -3.2880
   43.7472     -3.2750
   44.9406     -3.2620
   45.2182     -3.2490
   44.8097     -3.2360
   44.0120     -3.2230
   43.1012     -3.2100
   42.2938     -3.1970
   41.7066     -3.1840
   41.3211     -3.1710
   41.0032     -3.1580
   40.5969     -3.1450
   40.0293     -3.1320
   39.3522     -3.1190
   38.6946     -3.1060
   38.1639     -3.0930
   37.7579     -3.0800
   37.3402     -3.0670
   36.7074     -3.0540
   35.7347     -3.0410
   34.5148     -3.0280
   33.3690     -3.0150
   32.6620     -3.0020
   32.5231     -2.9890
   32.6955     -2.9760
   32.6779     -2.9630
   32.0754     -2.9500
   30.8886     -2.9370
   29.5192     -2.9240
   28.5167     -2.9110
   28.2742     -2.8980
   28.8661     -2.8850
   30.0753     -2.8720
   31.5393     -2.8590
   32.9156     -2.8460
   33.9901     -2.8330
   34.6929     -2.8200
   35.0445     -2.8070
   35.1060     -2.7940
   34.9937     -2.7810
   34.9373     -2.7680
   35.2731     -2.7550
   36.2964     -2.7420
   38.0421     -2.7290
   40.1816     -2.7160
   42.1650     -2.7030
   43.5295     -2.6900
   44.1419     -2.6770
   44.2058     -2.6640
   44.0623     -2.6510
   43.9585     -2.6380
   43.9404     -2.6250
   43.9031     -2.6120
   43.7262     -2.5990
   43.3878     -2.5860
   42.9918     -2.5730
   42.7040     -2.5600
   42.6493     -2.5470
   42.8327     -2.5340
   43.1334     -2.5210
   43.3815     -2.5080
   43.4812     -2.4950
   43.5034     -2.4820
   43.6677     -2.4690
   44.1959     -2.4560
   45.1219     -2.4430
   46.1951     -2.4300
   46.9582     -2.4170
   46.9553     -2.4040
   45.9409     -2.3910
   43.9812     -2.3780
   41.4226     -2.3650
   38.7704     -2.3520
   36.5287     -2.3390
   35.0515     -2.3260
   34.4560     -2.3130
   34.6447     -2.3000
   35.4227     -2.2870
   36.6211     -2.2740
   38.1268     -2.2610
   39.8074     -2.2480
   41.4290     -2.2350
   42.6772     -2.2220
   43.2856     -2.2090
   43.1666     -2.1960
   42.4368     -2.1830
   41.3310     -2.1700
   40.0996     -2.1570
   38.9746     -2.1440
   38.2021     -2.1310
   38.0614     -2.1180
   38.8090     -2.1050
   40.5643     -2.0920
   43.2169     -2.0790
   46.4234     -2.0660
   49.6957     -2.0530
   52.5356     -2.0400
   54.5682     -2.0270
   55.6547     -2.0140
   55.9491     -2.0010
   55.8385     -1.9880
   55.7494     -1.9750
   55.9208     -1.9620
   56.3067     -1.9490
   56.6752     -1.9360
   56.7889     -1.9230
   56.4957     -1.9100
   55.6958     -1.8970
   54.3053     -1.8840
   52.3266     -1.8710
   49.9629     -1.8580
   47.6160     -1.8450
   45.6980     -1.8320
   44.3812     -1.8190
   43.4832     -1.8060
   42.5799     -1.7930
   41.2614     -1.7800
   39.3628     -1.7670
   37.0346     -1.7540
   34.6408     -1.7410
   32.5651     -1.7280
   31.0358     -1.7150
   30.0435     -1.7020
   29.3770     -1.6890
   28.7471     -1.6760
   27.9148     -1.6630
   26.7471     -1.6500
   25.1916     -1.6370
   23.2440     -1.6240
   20.9591     -1.6110
   18.4734     -1.5980
   15.9778     -1.5850
   13.6459     -1.5720
   11.5825     -1.5590
    9.8311     -1.5460
    8.4122     -1.5330
    7.3435     -1.5200
    6.6205     -1.5070
    6.1847     -1.4940
    5.9247     -1.4810
    5.7277     -1.4680
    5.5456     -1.4550
    5.4149     -1.4420
    5.4041     -1.4290
    5.5342     -1.4160
    5.7451     -1.4030
    5.9393     -1.3900
    6.0547     -1.3770
    6.0997     -1.3640
    6.1269     -1.3510
    6.1826     -1.3380
    6.2742     -1.3250
    6.3625     -1.3120
    6.3676     -1.2990
    6.1873     -1.2860
    5.7422     -1.2730
    5.0287     -1.2600
    4.1411     -1.2470
    3.2378     -1.2340
    2.4744     -1.2210
    1.9505     -1.2080
    1.7030     -1.1950
    1.7424     -1.1820
    2.0994     -1.1690
    2.8325     -1.1560
    3.9752     -1.1430
    5.4496     -1.1300
    7.0235     -1.1170
    8.3693     -1.1040
    9.2022     -1.0910
    9.4041     -1.0780
    9.0473     -1.0650
    8.3191     -1.0520
    7.4212     -1.0390
    6.5131     -1.0260
    5.7110     -1.0130
    5.1052     -1.0000
    4.7615     -0.9870
    4.6983     -0.9740
    4.8583     -0.9610
    5.1034     -0.9480
    5.2582     -0.9350
    5.1908     -0.9220
    4.8794     -0.9090
    4.4151     -0.8960
    3.9354     -0.8830
    3.5453     -0.8700
    3.2814     -0.8570
    3.1265     -0.8440
    3.0442     -0.8310
    3.0092     -0.8180
    3.0344     -0.8050
    3.1914     -0.7920
    3.5915     -0.7790
    4.3114     -0.7660
    5.2989     -0.7530
    6.3399     -0.7400
    7.1355     -0.7270
    7.4475     -0.7140
    7.2192     -0.7010
    6.6011     -0.6880
    5.8853     -0.6750
    5.3957     -0.6620
    5.3728     -0.6490
    5.8766     -0.6360
    6.7380     -0.6230
    7.6020     -0.6100
    8.0773     -0.5970
    7.9297     -0.5840
    7.2002     -0.5710
    6.1703     -0.5580
    5.2038     -0.5450
    4.5806     -0.5320
    4.4125     -0.5190
    4.6465     -0.5060
    5.1120     -0.4930
    5.5872     -0.4800
    5.8868     -0.4670
    5.9448     -0.4540
    5.8346     -0.4410
    5.6964     -0.4280
    5.6271     -0.4150
    5.6252     -0.4020
    5.6236     -0.3890
    5.5502     -0.3760
    5.3482     -0.3630
    4.9642     -0.3500
    4.3580     -0.3370
    3.5478     -0.3240
    2.6397     -0.3110
    1.7999     -0.2980
    1.1871     -0.2850
    0.9000     -0.2720
    0.9678     -0.2590
    1.3644     -0.2460
    2.0240     -0.2330
    2.8540     -0.2200
    3.7602     -0.2070
    4.6752     -0.1940
    5.5707     -0.1810
    6.4404     -0.1680
    7.2687     -0.1550
    8.0103     -0.1420
    8.5957     -0.1290
    8.9578     -0.1160
    9.0644     -0.1030
    8.9357     -0.0900
    8.6418     -0.0770
    8.2892     -0.0640
    8.0070     -0.0510
    7.9167     -0.0380
    8.0655     -0.0250
    8.3570     -0.0120
    8.5583      0.0010
    8.4201      0.0140
    7.8340      0.0270
    6.8993      0.0400
    5.8482      0.0530
    4.9061      0.0660
    4.1968      0.0790
    3.7303      0.0920
    3.4385      0.1050
    3.2155      0.1180
    2.9628      0.1310
    2.6381      0.1440
    2.2822      0.1570
    1.9923      0.1700
    1.8526      0.1830
    1.8740      0.1960
    1.9901      0.2090
    2.1078      0.2220
    2.1672      0.2350
    2.1691      0.2480
    2.1566      0.2610
    2.1762      0.2740
    2.2552      0.2870
    2.4148      0.3000
    2.6968      0.3130
    3.1640      0.3260
    3.8472      0.3390
    4.6738      0.3520
    5.4497      0.3650
    5.9311      0.3780
    5.9473      0.3910
    5.4903      0.4040
    4.7163      0.4170
    3.8740      0.4300
    3.2141      0.4430
    2.9158      0.4560
    3.0416      0.4690
    3.5185      0.4820
    4.1587      0.4950
    4.7263      0.5080
    5.0321      0.5210
    5.0109      0.5340
    4.7360      0.5470
    4.3697      0.5600
    4.0844      0.5730
    3.9997      0.5860
    4.1565      0.5990
    4.5256      0.6120
    5.0330      0.6250
    5.5857      0.6380
    6.0835      0.6510
    6.4216      0.6640
    6.5016      0.6770
    6.2690      0.6900
    5.7629      0.7030
    5.1308      0.7160
    4.5737      0.7290
    4.2436      0.7420
    4.1678      0.7550
    4.2539      0.7680
    4.3627      0.7810
    4.3831      0.7940
    4.2628      0.8070
    4.0069      0.8200
    3.6752      0.8330
    3.3818      0.8460
    3.2661      0.8590
    3.4231      0.8720
    3.8287      0.8850
    4.3229      0.8980
    4.6793      0.9110
    4.7236      0.9240
    4.4254      0.9370
    3.9127      0.9500
    3.4111      0.9630
    3.1552      0.9760
    3.3082      0.9890
    3.9106      1.0020
    4.8550      1.0150
    5.8994      1.0280
    6.7352      1.0410
    7.1015      1.0540
    6.8922      1.0670
    6.1908      1.0800
    5.2097      1.0930
    4.1851      1.1060
    3.2995      1.1190
    2.6626      1.1320
    2.3214      1.1450
    2.2644      1.1580
    2.4196      1.1710
    2.6698      1.1840
    2.8972      1.1970
    3.0288      1.2100
    3.0520      1.2230
    2.9921      1.2360
    2.8787      1.2490
    2.7303      1.2620
    2.5635      1.2750
    2.4142      1.2880
    2.3476      1.3010
    2.4432      1.3140
    2.7547      1.3270
    3.2668      1.3400
    3.8822      1.3530
    4.4615      1.3660
    4.8964      1.3790
    5.1651      1.3920
    5.3284      1.4050
    5.4727      1.4180
    5.6501      1.4310
    5.8596      1.4440
    6.0709      1.4570
    6.2556      1.4700
    6.3949      1.4830
    6.4637      1.4960
    6.4223      1.5090
    6.2329      1.5220
    5.8923      1.5350
    5.4503      1.5480
    4.9956      1.5610
    4.6178      1.5740
    4.3697      1.5870
    4.2502      1.6000
    4.2141      1.6130
    4.1986      1.6260
    4.1523      1.6390
    4.0560      1.6520
    3.9348      1.6650
    3.8573      1.6780
    3.9112      1.6910
    4.1478      1.7040
    4.5221      1.7170
    4.8839      1.7300
    5.0472      1.7430
    4.9038      1.7560
    4.4978      1.7690
    4.0049      1.7820
    3.6285      1.7950
    3.4874      1.8080
    3.5727      1.8210
    3.7938      1.8340
    4.0632      1.8470
    4.3410      1.8600
    4.6069      1.8730
    4.8041      1.8860
    4.8320      1.8990
    4.6128      1.9120
    4.1741      1.9250
    3.6670      1.9380
    3.2928      1.9510
    3.1885      1.9640
    3.3548      1.9770
    3.6723      1.9900
