    0.0000     -7.9890
    0.0000     -7.9720
    0.0000     -7.9550
    0.0000     -7.9380
    0.0000     -7.9210
    0.0000     -7.9040
    0.0000     -7.8870
    0.0000     -7.8700
    0.0000     -7.8530
    0.0000     -7.8360
    0.0000     -7.8190
    0.0000     -7.8020
    0.0000     -7.7850
    0.0000     -7.7680
    0.0000     -7.7510
    0.0000     -7.7340
    0.0000     -7.7170
    0.0000     -7.7000
    0.0000     -7.6830
    0.0000     -7.6660
    0.0000     -7.6490
    0.0001     -7.6320
    0.0009     -7.6150
    0.0062     -7.5980
    0.0345     -7.5810
    0.1532     -7.5640
    0.5425     -7.5470
    1.5330     -7.5300
    3.4559     -7.5130
    6.2130     -7.4960
    8.9056     -7.4790
   10.1746     -7.4620
    9.2628     -7.4450
    6.7176     -7.4280
    3.8798     -7.4110
    1.7841     -7.3940
    0.6530     -7.3770
    0.1902     -7.3600
    0.0441     -7.3430
    0.0081     -7.3260
    0.0012     -7.3090
    0.0001     -7.2920
    0.0000     -7.2750
    0.0000     -7.2580
    0.0000     -7.2410
    0.0000     -7.2240
    0.0000     -7.2070
    0.0003     -7.1900
    0.0014     -7.1730
    0.0053     -7.1560
    0.0171     -7.1390
    0.0460     -7.1220
    0.1060     -7.1050
    0.2106     -7.0880
    0.3604     -7.0710
    0.5257     -7.0540
    0.6463     -7.0370
    0.6741     -7.0200
    0.6292     -7.0030
    0.5982     -6.9860
    0.6562     -6.9690
    0.7952     -6.9520
    0.9344     -6.9350
    0.9876     -6.9180
    0.9139     -6.9010
    0.7321     -6.8840
    0.5138     -6.8670
    0.3594     -6.8500
    0.3576     -6.8330
    0.5402     -6.8160
    0.8451     -6.7990
    1.1200     -6.7820
    1.2149     -6.7650
    1.1087     -6.7480
    0.9228     -6.7310
    0.7850     -6.7140
    0.7085     -6.6970
    0.6212     -6.6800
    0.4834     -6.6630
    0.3417     -6.6460
    0.2848     -6.6290
    0.3789     -6.6120
    0.6354     -6.5950
    1.0004     -6.5780
    1.3574     -6.5610
    1.5596     -6.5440
    1.5064     -6.5270
    1.2232     -6.5100
    0.8609     -6.4930
    0.5924     -6.4760
    0.4938     -6.4590
    0.5181     -6.4420
    0.5611     -6.4250
    0.5498     -6.4080
    0.4925     -6.3910
    0.4665     -6.3740
    0.5580     -6.3570
    0.7915     -6.3400
    1.1059     -6.3230
    1.4042     -6.3060
    1.6239     -6.2890
    1.7474     -6.2720
    1.7593     -6.2550
    1.6476     -6.2380
    1.4626     -6.2210
    1.3184     -6.2040
    1.2951     -6.1870
    1.3687     -6.1700
    1.4598     -6.1530
    1.5302     -6.1360
    1.6176     -6.1190
    1.8018     -6.1020
    2.1626     -6.0850
    2.7609     -6.0680
    3.6303     -6.0510
    4.7716     -6.0340
    6.1425     -6.0170
    7.6579     -6.0000
    9.2399     -5.9830
   10.8953     -5.9660
   12.7037     -5.9490
   14.6958     -5.9320
   16.8023     -5.9150
   19.0134     -5.8980
   21.5528     -5.8810
   24.7047     -5.8640
   28.3505     -5.8470
   31.7685     -5.8300
   34.0564     -5.8130
   34.8525     -5.7960
   34.6402     -5.7790
   34.2490     -5.7620
   34.0445     -5.7450
   33.7466     -5.7280
   33.0643     -5.7110
   32.3272     -5.6940
   32.4017     -5.6770
   34.0289     -5.6600
   37.1776     -5.6430
   40.9251     -5.6260
   44.0055     -5.6090
   45.6384     -5.5920
   45.9986     -5.5750
   46.0012     -5.5580
   46.5290     -5.5410
   47.5798     -5.5240
   48.1628     -5.5070
   47.3653     -5.4900
   45.5044     -5.4730
   43.7964     -5.4560
   42.9261     -5.4390
   42.4704     -5.4220
   41.7557     -5.4050
   40.7207     -5.3880
   39.6859     -5.3710
   38.6557     -5.3540
   37.3064     -5.3370
   35.6348     -5.3200
   34.1756     -5.3030
   33.4052     -5.2860
   33.2801     -5.2690
   33.5975     -5.2520
   34.5214     -5.2350
   36.4298     -5.2180
   39.2993     -5.2010
   42.4809     -5.1840
   45.1600     -5.1670
   46.8909     -5.1500
   47.6319     -5.1330
   47.5389     -5.1160
   47.0047     -5.0990
   46.7202     -5.0820
   47.2277     -5.0650
   48.2664     -5.0480
   48.8756     -5.0310
   48.3623     -5.0140
   46.9626     -4.9970
   45.3771     -4.9800
   43.9111     -4.9630
   42.3600     -4.9460
   40.5935     -4.9290
   38.9544     -4.9120
   38.0458     -4.8950
   38.2126     -4.8780
   39.2163     -4.8610
   40.3818     -4.8440
   41.0518     -4.8270
   40.9380     -4.8100
   40.2301     -4.7930
   39.5027     -4.7760
   39.3337     -4.7590
   39.7753     -4.7420
   40.2469     -4.7250
   40.0960     -4.7080
   39.2955     -4.6910
   38.5896     -4.6740
   38.9551     -4.6570
   40.7757     -4.6400
   43.4032     -4.6230
   45.6388     -4.6060
   46.8483     -4.5890
   47.6244     -4.5720
   49.2958     -4.5550
   52.7940     -4.5380
   57.9292     -4.5210
   63.6029     -4.5040
   68.6402     -4.4870
   72.4809     -4.4700
   75.2324     -4.4530
   77.2637     -4.4360
   78.8468     -4.4190
   80.0399     -4.4020
   80.6915     -4.3850
   80.5228     -4.3680
   79.2177     -4.3510
   76.3948     -4.3340
   71.6826     -4.3170
   65.2046     -4.3000
   58.0450     -4.2830
   51.9648     -4.2660
   48.5207     -4.2490
   48.3022     -4.2320
   50.6018     -4.2150
   53.6123     -4.1980
   55.2987     -4.1810
   54.5860     -4.1640
   51.9744     -4.1470
   49.0426     -4.1300
   47.2537     -4.1130
   47.0887     -4.0960
   48.0827     -4.0790
   49.3787     -4.0620
   50.2496     -4.0450
   50.5067     -4.0280
   50.6822     -4.0110
   51.6667     -3.9940
   53.9615     -3.9770
   57.1949     -3.9600
   60.2899     -3.9430
   62.0900     -3.9260
   62.0112     -3.9090
   60.3809     -3.8920
   58.2476     -3.8750
   56.6608     -3.8580
   55.9440     -3.8410
   55.7116     -3.8240
   55.5666     -3.8070
   55.5603     -3.7900
   55.9914     -3.7730
   57.0779     -3.7560
   58.8580     -3.7390
   61.0326     -3.7220
   62.7535     -3.7050
   62.9181     -3.6880
   61.0718     -3.6710
   58.0370     -3.6540
   55.4373     -3.6370
   54.4941     -3.6200
   55.2714     -3.6030
   56.9746     -3.5860
   58.8337     -3.5690
   60.6461     -3.5520
   62.5176     -3.5350
   64.2625     -3.5180
   65.2803     -3.5010
   65.0292     -3.4840
   63.4507     -3.4670
   60.9424     -3.4500
   58.1589     -3.4330
   55.8812     -3.4160
   54.7788     -3.3990
   55.0399     -3.3820
   56.2696     -3.3650
   57.8700     -3.3480
   59.4954     -3.3310
   61.0867     -3.3140
   62.6142     -3.2970
   63.9894     -3.2800
   65.1441     -3.2630
   65.9765     -3.2460
   66.2466     -3.2290
   65.7225     -3.2120
   64.4934     -3.1950
   63.0805     -3.1780
   62.1583     -3.1610
   62.0708     -3.1440
   62.6133     -3.1270
   63.4116     -3.1100
   64.4811     -3.0930
   66.1685     -3.0760
   68.5590     -3.0590
   71.2856     -3.0420
   73.9249     -3.0250
   76.1514     -3.0080
   77.4283     -2.9910
   77.0124     -2.9740
   74.5175     -2.9570
   70.2515     -2.9400
   64.8922     -2.9230
   59.0323     -2.9060
   53.1239     -2.8890
   47.6620     -2.8720
   43.1075     -2.8550
   39.4594     -2.8380
   36.0947     -2.8210
   32.3790     -2.8040
   28.4346     -2.7870
   25.0249     -2.7700
   22.6184     -2.7530
   20.7828     -2.7360
   18.6472     -2.7190
   15.8517     -2.7020
   12.8546     -2.6850
   10.3168     -2.6680
    8.3978     -2.6510
    6.7726     -2.6340
    5.1721     -2.6170
    3.6818     -2.6000
    2.5402     -2.5830
    1.8462     -2.5660
    1.5263     -2.5490
    1.4789     -2.5320
    1.6575     -2.5150
    2.0404     -2.4980
    2.6317     -2.4810
    3.5280     -2.4640
    4.8388     -2.4470
    6.4011     -2.4300
    7.6719     -2.4130
    8.0900     -2.3960
    7.5440     -2.3790
    6.4086     -2.3620
    5.1894     -2.3450
    4.1976     -2.3280
    3.4903     -2.3110
    3.0268     -2.2940
    2.8307     -2.2770
    2.9522     -2.2600
    3.2873     -2.2430
    3.5375     -2.2260
    3.4113     -2.2090
    2.8595     -2.1920
    2.1115     -2.1750
    1.5025     -2.1580
    1.2441     -2.1410
    1.3093     -2.1240
    1.5003     -2.1070
    1.6260     -2.0900
    1.6326     -2.0730
    1.5803     -2.0560
    1.5218     -2.0390
    1.4448     -2.0220
    1.3462     -2.0050
    1.3365     -1.9880
    1.6383     -1.9710
    2.4461     -1.9540
    3.7367     -1.9370
    5.1975     -1.9200
    6.3932     -1.9030
    7.0565     -1.8860
    7.2153     -1.8690
    7.0425     -1.8520
    6.6385     -1.8350
    6.0010     -1.8180
    5.1572     -1.8010
    4.2264     -1.7840
    3.3423     -1.7670
    2.6043     -1.7500
    2.1244     -1.7330
    2.0077     -1.7160
    2.2158     -1.6990
    2.5290     -1.6820
    2.7399     -1.6650
    2.8623     -1.6480
    3.0706     -1.6310
    3.4378     -1.6140
    3.7934     -1.5970
    3.8512     -1.5800
    3.4612     -1.5630
    2.7536     -1.5460
    2.0481     -1.5290
    1.6156     -1.5120
    1.5536     -1.4950
    1.8821     -1.4780
    2.6432     -1.4610
    3.7857     -1.4440
    5.0031     -1.4270
    5.8703     -1.4100
    6.2136     -1.3930
    6.2504     -1.3760
    6.3094     -1.3590
    6.4863     -1.3420
    6.6011     -1.3250
    6.4021     -1.3080
    5.7849     -1.2910
    4.8720     -1.2740
    3.9073     -1.2570
    3.0598     -1.2400
    2.3479     -1.2230
    1.7508     -1.2060
    1.3246     -1.1890
    1.1666     -1.1720
    1.3157     -1.1550
    1.7435     -1.1380
    2.4196     -1.1210
    3.3263     -1.1040
    4.3942     -1.0870
    5.4241     -1.0700
    6.0860     -1.0530
    6.1115     -1.0360
    5.6313     -1.0190
    5.2525     -1.0020
    5.5727     -0.9850
    6.5444     -0.9680
    7.4597     -0.9510
    7.6351     -0.9340
    7.0110     -0.9170
    6.0556     -0.9000
    5.2710     -0.8830
    4.8999     -0.8660
    4.9247     -0.8490
    5.1387     -0.8320
    5.2577     -0.8150
    5.1244     -0.7980
    4.8691     -0.7810
    4.8077     -0.7640
    5.0973     -0.7470
    5.5032     -0.7300
    5.6102     -0.7130
    5.3010     -0.6960
    4.9253     -0.6790
    4.9244     -0.6620
    5.3502     -0.6450
    5.8368     -0.6280
    6.0320     -0.6110
    5.9630     -0.5940
    5.9262     -0.5770
    6.1089     -0.5600
    6.4439     -0.5430
    6.7853     -0.5260
    7.0551     -0.5090
    7.1771     -0.4920
    7.0075     -0.4750
    6.4509     -0.4580
    5.6138     -0.4410
    4.7512     -0.4240
    4.0654     -0.4070
    3.6150     -0.3900
    3.4221     -0.3730
    3.5784     -0.3560
    4.1569     -0.3390
    5.0110     -0.3220
    5.7756     -0.3050
    6.1763     -0.2880
    6.2799     -0.2710
    6.3236     -0.2540
    6.3626     -0.2370
    6.2348     -0.2200
    5.8513     -0.2030
    5.3679     -0.1860
    5.0183     -0.1690
    4.8730     -0.1520
    4.8412     -0.1350
    4.8375     -0.1180
    4.8431     -0.1010
    4.8608     -0.0840
    4.9213     -0.0670
    5.0936     -0.0500
    5.3801     -0.0330
    5.6144     -0.0160
    5.5566      0.0010
    5.1128      0.0180
    4.4202      0.0350
    3.7331      0.0520
    3.2899      0.0690
    3.2457      0.0860
    3.5920      0.1030
    4.1015      0.1200
    4.4525      0.1370
    4.4635      0.1540
    4.1886      0.1710
    3.8266      0.1880
    3.5759      0.2050
    3.5036      0.2220
    3.4916      0.2390
    3.3798      0.2560
    3.1871      0.2730
    3.0816      0.2900
    3.1001      0.3070
    3.0265      0.3240
    2.6268      0.3410
    1.9221      0.3580
    1.1612      0.3750
    0.5848      0.3920
    0.2816      0.4090
    0.2307      0.4260
    0.4018      0.4430
    0.7922      0.4600
    1.3919      0.4770
    2.1447      0.4940
    2.9694      0.5110
    3.8334      0.5280
    4.7772      0.5450
    5.8081      0.5620
    6.7859      0.5790
    7.5029      0.5960
    7.9024      0.6130
    8.1308      0.6300
    8.3297      0.6470
    8.4566      0.6640
    8.3709      0.6810
    7.9961      0.6980
    7.2960      0.7150
    6.2100      0.7320
    4.7800      0.7490
    3.2930      0.7660
    2.1642      0.7830
    1.6646      0.8000
    1.7699      0.8170
    2.2128      0.8340
    2.6593      0.8510
    2.8954      0.8680
    2.9032      0.8850
    2.7779      0.9020
    2.5865      0.9190
    2.3146      0.9360
    1.9481      0.9530
    1.5814      0.9700
    1.3973      0.9870
    1.5103      1.0040
    1.8449      1.0210
    2.1950      1.0380
    2.3998      1.0550
    2.4483      1.0720
    2.4236      1.0890
    2.3878      1.1060
    2.3515      1.1230
    2.3329      1.1400
    2.3791      1.1570
    2.5079      1.1740
    2.6791      1.1910
    2.8640      1.2080
    3.0937      1.2250
    3.3765      1.2420
    3.6083      1.2590
    3.6623      1.2760
    3.5631      1.2930
    3.4784      1.3100
    3.5074      1.3270
    3.5416      1.3440
    3.3845      1.3610
    3.0112      1.3780
    2.6947      1.3950
    2.8526      1.4120
    3.7277      1.4290
    5.1718      1.4460
    6.7095      1.4630
    7.8173      1.4800
    8.1868      1.4970
    7.8181      1.5140
    6.9673      1.5310
    6.0056      1.5480
    5.2230      1.5650
    4.7051      1.5820
    4.3895      1.5990
    4.1718      1.6160
    3.9153      1.6330
    3.4874      1.6500
    2.9063      1.6670
    2.3781      1.6840
    2.0903      1.7010
    2.0149      1.7180
    1.9707      1.7350
    1.8246      1.7520
    1.5832      1.7690
    1.3408      1.7860
    1.1946      1.8030
    1.1876      1.8200
    1.3077      1.8370
    1.5581      1.8540
    2.0041      1.8710
    2.6767      1.8880
    3.4211      1.9050
    3.9474      1.9220
    4.1045      1.9390
    4.0367      1.9560
    3.9912      1.9730
    4.0316      1.9900
