    0.9697     -8.0000
    0.9130     -7.9875
    0.7999     -7.9750
    0.6494     -7.9625
    0.4877     -7.9500
    0.3385     -7.9375
    0.2172     -7.9250
    0.1288     -7.9125
    0.0706     -7.9000
    0.0360     -7.8875
    0.0174     -7.8750
    0.0084     -7.8625
    0.0050     -7.8500
    0.0051     -7.8375
    0.0084     -7.8250
    0.0159     -7.8125
    0.0287     -7.8000
    0.0473     -7.7875
    0.0715     -7.7750
    0.0998     -7.7625
    0.1301     -7.7500
    0.1595     -7.7375
    0.1847     -7.7250
    0.2011     -7.7125
    0.2042     -7.7000
    0.1914     -7.6875
    0.1644     -7.6750
    0.1289     -7.6625
    0.0932     -7.6500
    0.0644     -7.6375
    0.0457     -7.6250
    0.0362     -7.6125
    0.0324     -7.6000
    0.0305     -7.5875
    0.0281     -7.5750
    0.0250     -7.5625
    0.0227     -7.5500
    0.0229     -7.5375
    0.0269     -7.5250
    0.0344     -7.5125
    0.0438     -7.5000
    0.0531     -7.4875
    0.0605     -7.4750
    0.0656     -7.4625
    0.0692     -7.4500
    0.0728     -7.4375
    0.0783     -7.4250
    0.0862     -7.4125
    0.0958     -7.4000
    0.1050     -7.3875
    0.1116     -7.3750
    0.1145     -7.3625
    0.1136     -7.3500
    0.1095     -7.3375
    0.1019     -7.3250
    0.0904     -7.3125
    0.0752     -7.3000
    0.0579     -7.2875
    0.0418     -7.2750
    0.0305     -7.2625
    0.0266     -7.2500
    0.0312     -7.2375
    0.0433     -7.2250
    0.0600     -7.2125
    0.0768     -7.2000
    0.0888     -7.1875
    0.0930     -7.1750
    0.0896     -7.1625
    0.0823     -7.1500
    0.0763     -7.1375
    0.0757     -7.1250
    0.0810     -7.1125
    0.0891     -7.1000
    0.0951     -7.0875
    0.0951     -7.0750
    0.0884     -7.0625
    0.0777     -7.0500
    0.0675     -7.0375
    0.0614     -7.0250
    0.0609     -7.0125
    0.0651     -7.0000
    0.0713     -6.9875
    0.0762     -6.9750
    0.0772     -6.9625
    0.0729     -6.9500
    0.0639     -6.9375
    0.0521     -6.9250
    0.0399     -6.9125
    0.0291     -6.9000
    0.0208     -6.8875
    0.0151     -6.8750
    0.0119     -6.8625
    0.0113     -6.8500
    0.0135     -6.8375
    0.0186     -6.8250
    0.0261     -6.8125
    0.0353     -6.8000
    0.0449     -6.7875
    0.0537     -6.7750
    0.0610     -6.7625
    0.0661     -6.7500
    0.0694     -6.7375
    0.0720     -6.7250
    0.0749     -6.7125
    0.0789     -6.7000
    0.0833     -6.6875
    0.0859     -6.6750
    0.0846     -6.6625
    0.0785     -6.6500
    0.0689     -6.6375
    0.0595     -6.6250
    0.0538     -6.6125
    0.0543     -6.6000
    0.0608     -6.5875
    0.0709     -6.5750
    0.0819     -6.5625
    0.0918     -6.5500
    0.1007     -6.5375
    0.1105     -6.5250
    0.1236     -6.5125
    0.1411     -6.5000
    0.1622     -6.4875
    0.1838     -6.4750
    0.2020     -6.4625
    0.2130     -6.4500
    0.2143     -6.4375
    0.2060     -6.4250
    0.1899     -6.4125
    0.1700     -6.4000
    0.1508     -6.3875
    0.1362     -6.3750
    0.1283     -6.3625
    0.1277     -6.3500
    0.1332     -6.3375
    0.1427     -6.3250
    0.1538     -6.3125
    0.1648     -6.3000
    0.1749     -6.2875
    0.1852     -6.2750
    0.1981     -6.2625
    0.2161     -6.2500
    0.2401     -6.2375
    0.2683     -6.2250
    0.2956     -6.2125
    0.3152     -6.2000
    0.3216     -6.1875
    0.3137     -6.1750
    0.2959     -6.1625
    0.2765     -6.1500
    0.2626     -6.1375
    0.2569     -6.1250
    0.2564     -6.1125
    0.2558     -6.1000
    0.2509     -6.0875
    0.2416     -6.0750
    0.2308     -6.0625
    0.2222     -6.0500
    0.2179     -6.0375
    0.2177     -6.0250
    0.2196     -6.0125
    0.2216     -6.0000
    0.2225     -5.9875
    0.2217     -5.9750
    0.2197     -5.9625
    0.2169     -5.9500
    0.2135     -5.9375
    0.2096     -5.9250
    0.2052     -5.9125
    0.2011     -5.9000
    0.1979     -5.8875
    0.1970     -5.8750
    0.1999     -5.8625
    0.2083     -5.8500
    0.2228     -5.8375
    0.2428     -5.8250
    0.2658     -5.8125
    0.2889     -5.8000
    0.3093     -5.7875
    0.3253     -5.7750
    0.3361     -5.7625
    0.3414     -5.7500
    0.3408     -5.7375
    0.3346     -5.7250
    0.3242     -5.7125
    0.3123     -5.7000
    0.3026     -5.6875
    0.2991     -5.6750
    0.3055     -5.6625
    0.3240     -5.6500
    0.3536     -5.6375
    0.3893     -5.6250
    0.4223     -5.6125
    0.4438     -5.6000
    0.4496     -5.5875
    0.4433     -5.5750
    0.4351     -5.5625
    0.4369     -5.5500
    0.4548     -5.5375
    0.4855     -5.5250
    0.5177     -5.5125
    0.5384     -5.5000
    0.5393     -5.4875
    0.5200     -5.4750
    0.4873     -5.4625
    0.4516     -5.4500
    0.4218     -5.4375
    0.4032     -5.4250
    0.3970     -5.4125
    0.4012     -5.4000
    0.4118     -5.3875
    0.4236     -5.3750
    0.4307     -5.3625
    0.4280     -5.3500
    0.4129     -5.3375
    0.3863     -5.3250
    0.3520     -5.3125
    0.3154     -5.3000
    0.2813     -5.2875
    0.2532     -5.2750
    0.2325     -5.2625
    0.2193     -5.2500
    0.2130     -5.2375
    0.2124     -5.2250
    0.2158     -5.2125
    0.2206     -5.2000
    0.2243     -5.1875
    0.2250     -5.1750
    0.2237     -5.1625
    0.2233     -5.1500
    0.2282     -5.1375
    0.2413     -5.1250
    0.2623     -5.1125
    0.2881     -5.1000
    0.3140     -5.0875
    0.3363     -5.0750
    0.3536     -5.0625
    0.3667     -5.0500
    0.3770     -5.0375
    0.3861     -5.0250
    0.3943     -5.0125
    0.4010     -5.0000
    0.4039     -4.9875
    0.4001     -4.9750
    0.3872     -4.9625
    0.3646     -4.9500
    0.3351     -4.9375
    0.3035     -4.9250
    0.2752     -4.9125
    0.2538     -4.9000
    0.2398     -4.8875
    0.2317     -4.8750
    0.2280     -4.8625
    0.2280     -4.8500
    0.2327     -4.8375
    0.2433     -4.8250
    0.2601     -4.8125
    0.2814     -4.8000
    0.3041     -4.7875
    0.3243     -4.7750
    0.3382     -4.7625
    0.3430     -4.7500
    0.3374     -4.7375
    0.3215     -4.7250
    0.2970     -4.7125
    0.2670     -4.7000
    0.2354     -4.6875
    0.2062     -4.6750
    0.1827     -4.6625
    0.1673     -4.6500
    0.1605     -4.6375
    0.1608     -4.6250
    0.1653     -4.6125
    0.1704     -4.6000
    0.1736     -4.5875
    0.1744     -4.5750
    0.1739     -4.5625
    0.1742     -4.5500
    0.1774     -4.5375
    0.1849     -4.5250
    0.1978     -4.5125
    0.2165     -4.5000
    0.2408     -4.4875
    0.2688     -4.4750
    0.2973     -4.4625
    0.3224     -4.4500
    0.3405     -4.4375
    0.3495     -4.4250
    0.3494     -4.4125
    0.3421     -4.4000
    0.3307     -4.3875
    0.3178     -4.3750
    0.3059     -4.3625
    0.2971     -4.3500
    0.2929     -4.3375
    0.2939     -4.3250
    0.2987     -4.3125
    0.3043     -4.3000
    0.3069     -4.2875
    0.3035     -4.2750
    0.2938     -4.2625
    0.2804     -4.2500
    0.2674     -4.2375
    0.2585     -4.2250
    0.2550     -4.2125
    0.2552     -4.2000
    0.2565     -4.1875
    0.2567     -4.1750
    0.2560     -4.1625
    0.2562     -4.1500
    0.2597     -4.1375
    0.2683     -4.1250
    0.2818     -4.1125
    0.2988     -4.1000
    0.3176     -4.0875
    0.3365     -4.0750
    0.3542     -4.0625
    0.3704     -4.0500
    0.3848     -4.0375
    0.3973     -4.0250
    0.4075     -4.0125
    0.4153     -4.0000
    0.4210     -3.9875
    0.4248     -3.9750
    0.4268     -3.9625
    0.4257     -3.9500
    0.4198     -3.9375
    0.4078     -3.9250
    0.3900     -3.9125
    0.3682     -3.9000
    0.3452     -3.8875
    0.3240     -3.8750
    0.3072     -3.8625
    0.2967     -3.8500
    0.2936     -3.8375
    0.2974     -3.8250
    0.3064     -3.8125
    0.3178     -3.8000
    0.3290     -3.7875
    0.3387     -3.7750
    0.3467     -3.7625
    0.3533     -3.7500
    0.3578     -3.7375
    0.3590     -3.7250
    0.3564     -3.7125
    0.3507     -3.7000
    0.3447     -3.6875
    0.3416     -3.6750
    0.3442     -3.6625
    0.3530     -3.6500
    0.3664     -3.6375
    0.3806     -3.6250
    0.3908     -3.6125
    0.3933     -3.6000
    0.3871     -3.5875
    0.3739     -3.5750
    0.3576     -3.5625
    0.3425     -3.5500
    0.3314     -3.5375
    0.3255     -3.5250
    0.3244     -3.5125
    0.3259     -3.5000
    0.3268     -3.4875
    0.3235     -3.4750
    0.3141     -3.4625
    0.2999     -3.4500
    0.2842     -3.4375
    0.2715     -3.4250
    0.2648     -3.4125
    0.2644     -3.4000
    0.2682     -3.3875
    0.2737     -3.3750
    0.2797     -3.3625
    0.2871     -3.3500
    0.2981     -3.3375
    0.3145     -3.3250
    0.3363     -3.3125
    0.3608     -3.3000
    0.3836     -3.2875
    0.3996     -3.2750
    0.4050     -3.2625
    0.3991     -3.2500
    0.3845     -3.2375
    0.3661     -3.2250
    0.3493     -3.2125
    0.3375     -3.2000
    0.3303     -3.1875
    0.3250     -3.1750
    0.3176     -3.1625
    0.3051     -3.1500
    0.2867     -3.1375
    0.2645     -3.1250
    0.2425     -3.1125
    0.2259     -3.1000
    0.2182     -3.0875
    0.2198     -3.0750
    0.2281     -3.0625
    0.2389     -3.0500
    0.2489     -3.0375
    0.2565     -3.0250
    0.2620     -3.0125
    0.2661     -3.0000
    0.2689     -2.9875
    0.2702     -2.9750
    0.2694     -2.9625
    0.2671     -2.9500
    0.2643     -2.9375
    0.2622     -2.9250
    0.2610     -2.9125
    0.2597     -2.9000
    0.2573     -2.8875
    0.2525     -2.8750
    0.2452     -2.8625
    0.2354     -2.8500
    0.2235     -2.8375
    0.2099     -2.8250
    0.1954     -2.8125
    0.1817     -2.8000
    0.1710     -2.7875
    0.1655     -2.7750
    0.1660     -2.7625
    0.1714     -2.7500
    0.1793     -2.7375
    0.1866     -2.7250
    0.1917     -2.7125
    0.1946     -2.7000
    0.1963     -2.6875
    0.1978     -2.6750
    0.1997     -2.6625
    0.2016     -2.6500
    0.2033     -2.6375
    0.2045     -2.6250
    0.2054     -2.6125
    0.2062     -2.6000
    0.2064     -2.5875
    0.2056     -2.5750
    0.2030     -2.5625
    0.1983     -2.5500
    0.1919     -2.5375
    0.1853     -2.5250
    0.1805     -2.5125
    0.1792     -2.5000
    0.1823     -2.4875
    0.1893     -2.4750
    0.1986     -2.4625
    0.2083     -2.4500
    0.2168     -2.4375
    0.2229     -2.4250
    0.2260     -2.4125
    0.2254     -2.4000
    0.2212     -2.3875
    0.2139     -2.3750
    0.2043     -2.3625
    0.1934     -2.3500
    0.1820     -2.3375
    0.1707     -2.3250
    0.1599     -2.3125
    0.1503     -2.3000
    0.1427     -2.2875
    0.1379     -2.2750
    0.1364     -2.2625
    0.1386     -2.2500
    0.1447     -2.2375
    0.1542     -2.2250
    0.1658     -2.2125
    0.1777     -2.2000
    0.1879     -2.1875
    0.1953     -2.1750
    0.1993     -2.1625
    0.1994     -2.1500
    0.1955     -2.1375
    0.1875     -2.1250
    0.1765     -2.1125
    0.1651     -2.1000
    0.1560     -2.0875
    0.1515     -2.0750
    0.1518     -2.0625
    0.1552     -2.0500
    0.1589     -2.0375
    0.1609     -2.0250
    0.1600     -2.0125
    0.1567     -2.0000
    0.1519     -1.9875
    0.1468     -1.9750
    0.1422     -1.9625
    0.1386     -1.9500
    0.1358     -1.9375
    0.1332     -1.9250
    0.1304     -1.9125
    0.1273     -1.9000
    0.1250     -1.8875
    0.1248     -1.8750
    0.1275     -1.8625
    0.1333     -1.8500
    0.1409     -1.8375
    0.1489     -1.8250
    0.1554     -1.8125
    0.1588     -1.8000
    0.1577     -1.7875
    0.1516     -1.7750
    0.1410     -1.7625
    0.1278     -1.7500
    0.1149     -1.7375
    0.1048     -1.7250
    0.0996     -1.7125
    0.0998     -1.7000
    0.1048     -1.6875
    0.1128     -1.6750
    0.1209     -1.6625
    0.1259     -1.6500
    0.1253     -1.6375
    0.1184     -1.6250
    0.1069     -1.6125
    0.0944     -1.6000
    0.0857     -1.5875
    0.0855     -1.5750
    0.0971     -1.5625
    0.1205     -1.5500
    0.1521     -1.5375
    0.1849     -1.5250
    0.2111     -1.5125
    0.2256     -1.5000
    0.2278     -1.4875
    0.2215     -1.4750
    0.2127     -1.4625
    0.2074     -1.4500
    0.2104     -1.4375
    0.2246     -1.4250
    0.2511     -1.4125
    0.2895     -1.4000
    0.3386     -1.3875
    0.3980     -1.3750
    0.4678     -1.3625
    0.5461     -1.3500
    0.6273     -1.3375
    0.7007     -1.3250
    0.7543     -1.3125
    0.7784     -1.3000
    0.7699     -1.2875
    0.7342     -1.2750
    0.6850     -1.2625
    0.6409     -1.2500
    0.6191     -1.2375
    0.6295     -1.2250
    0.6703     -1.2125
    0.7289     -1.2000
    0.7849     -1.1875
    0.8185     -1.1750
    0.8187     -1.1625
    0.7909     -1.1500
    0.7561     -1.1375
    0.7427     -1.1250
    0.7715     -1.1125
    0.8428     -1.1000
    0.9351     -1.0875
    1.0150     -1.0750
    1.0530     -1.0625
    1.0352     -1.0500
    0.9666     -1.0375
    0.8655     -1.0250
    0.7558     -1.0125
    0.6602     -1.0000
    0.5944     -0.9875
    0.5648     -0.9750
    0.5681     -0.9625
    0.5925     -0.9500
    0.6219     -0.9375
    0.6404     -0.9250
    0.6360     -0.9125
    0.6048     -0.9000
    0.5518     -0.8875
    0.4882     -0.8750
    0.4265     -0.8625
    0.3758     -0.8500
    0.3401     -0.8375
    0.3205     -0.8250
    0.3200     -0.8125
    0.3459     -0.8000
    0.4070     -0.7875
    0.5058     -0.7750
    0.6317     -0.7625
    0.7624     -0.7500
    0.8734     -0.7375
    0.9510     -0.7250
    0.9975     -0.7125
    1.0261     -0.7000
    1.0503     -0.6875
    1.0745     -0.6750
    1.0936     -0.6625
    1.0984     -0.6500
    1.0823     -0.6375
    1.0453     -0.6250
    0.9944     -0.6125
    0.9409     -0.6000
    0.8990     -0.5875
    0.8813     -0.5750
    0.8942     -0.5625
    0.9312     -0.5500
    0.9707     -0.5375
    0.9822     -0.5250
    0.9426     -0.5125
    0.8517     -0.5000
    0.7371     -0.4875
    0.6429     -0.4750
    0.6090     -0.4625
    0.6539     -0.4500
    0.7686     -0.4375
    0.9233     -0.4250
    1.0793     -0.4125
    1.2007     -0.4000
    1.2616     -0.3875
    1.2503     -0.3750
    1.1728     -0.3625
    1.0531     -0.3500
    0.9298     -0.3375
    0.8451     -0.3250
    0.8303     -0.3125
    0.8937     -0.3000
    1.0179     -0.2875
    1.1678     -0.2750
    1.3046     -0.2625
    1.3998     -0.2500
    1.4421     -0.2375
    1.4352     -0.2250
    1.3910     -0.2125
    1.3210     -0.2000
    1.2347     -0.1875
    1.1421     -0.1750
    1.0579     -0.1625
    1.0021     -0.1500
    0.9957     -0.1375
    1.0535     -0.1250
    1.1781     -0.1125
    1.3558     -0.1000
    1.5552     -0.0875
    1.7333     -0.0750
    1.8464     -0.0625
    1.8652     -0.0500
    1.7840     -0.0375
    1.6211     -0.0250
    1.4104     -0.0125
    1.1891      0.0000
    0.9879      0.0125
    0.8264      0.0250
    0.7148      0.0375
    0.6573      0.0500
    0.6588      0.0625
    0.7292      0.0750
    0.8811      0.0875
    1.1195      0.1000
    1.4253      0.1125
    1.7458      0.1250
    2.0021      0.1375
    2.1174      0.1500
    2.0508      0.1625
    1.8173      0.1750
    1.4820      0.1875
    1.1312      0.2000
    0.8392      0.2125
    0.6461      0.2250
    0.5543      0.2375
    0.5378      0.2500
    0.5594      0.2625
    0.5868      0.2750
    0.6037      0.2875
    0.6127      0.3000
    0.6287      0.3125
    0.6663      0.3250
    0.7282      0.3375
    0.8010      0.3500
    0.8608      0.3625
    0.8860      0.3750
    0.8686      0.3875
    0.8185      0.4000
    0.7572      0.4125
    0.7062      0.4250
    0.6759      0.4375
    0.6631      0.4500
    0.6563      0.4625
    0.6442      0.4750
    0.6221      0.4875
    0.5933      0.5000
    0.5657      0.5125
    0.5468      0.5250
    0.5376      0.5375
    0.5314      0.5500
    0.5166      0.5625
    0.4843      0.5750
    0.4348      0.5875
    0.3772      0.6000
    0.3255      0.6125
    0.2923      0.6250
    0.2854      0.6375
    0.3060      0.6500
    0.3487      0.6625
    0.4021      0.6750
    0.4510      0.6875
    0.4807      0.7000
    0.4821      0.7125
    0.4553      0.7250
    0.4088      0.7375
    0.3561      0.7500
    0.3107      0.7625
    0.2824      0.7750
    0.2742      0.7875
    0.2813      0.8000
    0.2930      0.8125
    0.2967      0.8250
    0.2838      0.8375
    0.2539      0.8500
    0.2151      0.8625
    0.1793      0.8750
    0.1558      0.8875
    0.1480      0.9000
    0.1539      0.9125
    0.1694      0.9250
    0.1934      0.9375
    0.2296      0.9500
    0.2843      0.9625
    0.3596      0.9750
    0.4493      0.9875
    0.5380      1.0000
    0.6081      1.0125
    0.6480      1.0250
    0.6589      1.0375
    0.6534      1.0500
    0.6473      1.0625
    0.6500      1.0750
    0.6581      1.0875
    0.6574      1.1000
    0.6315      1.1125
    0.5713      1.1250
    0.4803      1.1375
    0.3726      1.1500
    0.2671      1.1625
    0.1796      1.1750
    0.1188      1.1875
    0.0864      1.2000
    0.0788      1.2125
    0.0906      1.2250
    0.1150      1.2375
    0.1438      1.2500
    0.1680      1.2625
    0.1795      1.2750
    0.1744      1.2875
    0.1551      1.3000
    0.1301      1.3125
    0.1100      1.3250
    0.1041      1.3375
    0.1168      1.3500
    0.1473      1.3625
    0.1900      1.3750
    0.2367      1.3875
    0.2788      1.4000
    0.3098      1.4125
    0.3269      1.4250
    0.3304      1.4375
    0.3234      1.4500
    0.3105      1.4625
    0.2973      1.4750
    0.2882      1.4875
    0.2853      1.5000
    0.2881      1.5125
    0.2956      1.5250
    0.3085      1.5375
    0.3313      1.5500
    0.3702      1.5625
    0.4293      1.5750
    0.5061      1.5875
    0.5896      1.6000
    0.6628      1.6125
    0.7093      1.6250
    0.7217      1.6375
    0.7064      1.6500
    0.6810      1.6625
    0.6629      1.6750
    0.6593      1.6875
    0.6640      1.7000
    0.6636      1.7125
    0.6476      1.7250
    0.6143      1.7375
    0.5707      1.7500
    0.5273      1.7625
    0.4933      1.7750
    0.4725      1.7875
    0.4622      1.8000
    0.4538      1.8125
    0.4378      1.8250
    0.4100      1.8375
    0.3747      1.8500
    0.3421      1.8625
    0.3217      1.8750
    0.3166      1.8875
    0.3232      1.9000
    0.3333      1.9125
    0.3389      1.9250
    0.3344      1.9375
    0.3194      1.9500
    0.2995      1.9625
    0.2855      1.9750
    0.2905      1.9875
    0.3245      2.0000
