    0.0175     -8.0000
    0.0236     -7.9875
    0.0287     -7.9750
    0.0311     -7.9625
    0.0300     -7.9500
    0.0259     -7.9375
    0.0202     -7.9250
    0.0150     -7.9125
    0.0119     -7.9000
    0.0116     -7.8875
    0.0140     -7.8750
    0.0182     -7.8625
    0.0226     -7.8500
    0.0258     -7.8375
    0.0263     -7.8250
    0.0239     -7.8125
    0.0192     -7.8000
    0.0138     -7.7875
    0.0090     -7.7750
    0.0059     -7.7625
    0.0049     -7.7500
    0.0061     -7.7375
    0.0098     -7.7250
    0.0157     -7.7125
    0.0235     -7.7000
    0.0323     -7.6875
    0.0410     -7.6750
    0.0480     -7.6625
    0.0524     -7.6500
    0.0542     -7.6375
    0.0545     -7.6250
    0.0553     -7.6125
    0.0583     -7.6000
    0.0639     -7.5875
    0.0712     -7.5750
    0.0782     -7.5625
    0.0833     -7.5500
    0.0863     -7.5375
    0.0882     -7.5250
    0.0901     -7.5125
    0.0928     -7.5000
    0.0955     -7.4875
    0.0965     -7.4750
    0.0933     -7.4625
    0.0846     -7.4500
    0.0709     -7.4375
    0.0545     -7.4250
    0.0391     -7.4125
    0.0280     -7.4000
    0.0230     -7.3875
    0.0238     -7.3750
    0.0289     -7.3625
    0.0355     -7.3500
    0.0411     -7.3375
    0.0444     -7.3250
    0.0458     -7.3125
    0.0469     -7.3000
    0.0489     -7.2875
    0.0522     -7.2750
    0.0561     -7.2625
    0.0598     -7.2500
    0.0631     -7.2375
    0.0662     -7.2250
    0.0691     -7.2125
    0.0707     -7.2000
    0.0701     -7.1875
    0.0677     -7.1750
    0.0652     -7.1625
    0.0650     -7.1500
    0.0686     -7.1375
    0.0758     -7.1250
    0.0852     -7.1125
    0.0949     -7.1000
    0.1028     -7.0875
    0.1070     -7.0750
    0.1060     -7.0625
    0.0989     -7.0500
    0.0864     -7.0375
    0.0703     -7.0250
    0.0534     -7.0125
    0.0384     -7.0000
    0.0277     -6.9875
    0.0231     -6.9750
    0.0255     -6.9625
    0.0349     -6.9500
    0.0494     -6.9375
    0.0657     -6.9250
    0.0790     -6.9125
    0.0853     -6.9000
    0.0828     -6.8875
    0.0732     -6.8750
    0.0612     -6.8625
    0.0525     -6.8500
    0.0512     -6.8375
    0.0590     -6.8250
    0.0747     -6.8125
    0.0949     -6.8000
    0.1148     -6.7875
    0.1291     -6.7750
    0.1339     -6.7625
    0.1274     -6.7500
    0.1112     -6.7375
    0.0898     -6.7250
    0.0686     -6.7125
    0.0525     -6.7000
    0.0443     -6.6875
    0.0443     -6.6750
    0.0513     -6.6625
    0.0638     -6.6500
    0.0807     -6.6375
    0.1015     -6.6250
    0.1260     -6.6125
    0.1534     -6.6000
    0.1823     -6.5875
    0.2108     -6.5750
    0.2372     -6.5625
    0.2591     -6.5500
    0.2732     -6.5375
    0.2761     -6.5250
    0.2667     -6.5125
    0.2477     -6.5000
    0.2246     -6.4875
    0.2028     -6.4750
    0.1843     -6.4625
    0.1680     -6.4500
    0.1514     -6.4375
    0.1337     -6.4250
    0.1168     -6.4125
    0.1044     -6.4000
    0.1002     -6.3875
    0.1053     -6.3750
    0.1178     -6.3625
    0.1337     -6.3500
    0.1492     -6.3375
    0.1633     -6.3250
    0.1780     -6.3125
    0.1961     -6.3000
    0.2181     -6.2875
    0.2413     -6.2750
    0.2604     -6.2625
    0.2717     -6.2500
    0.2739     -6.2375
    0.2687     -6.2250
    0.2585     -6.2125
    0.2455     -6.2000
    0.2320     -6.1875
    0.2204     -6.1750
    0.2130     -6.1625
    0.2112     -6.1500
    0.2147     -6.1375
    0.2216     -6.1250
    0.2288     -6.1125
    0.2332     -6.1000
    0.2329     -6.0875
    0.2275     -6.0750
    0.2182     -6.0625
    0.2071     -6.0500
    0.1964     -6.0375
    0.1878     -6.0250
    0.1824     -6.0125
    0.1807     -6.0000
    0.1828     -5.9875
    0.1882     -5.9750
    0.1949     -5.9625
    0.2004     -5.9500
    0.2018     -5.9375
    0.1978     -5.9250
    0.1890     -5.9125
    0.1780     -5.9000
    0.1688     -5.8875
    0.1652     -5.8750
    0.1701     -5.8625
    0.1844     -5.8500
    0.2074     -5.8375
    0.2366     -5.8250
    0.2678     -5.8125
    0.2964     -5.8000
    0.3188     -5.7875
    0.3335     -5.7750
    0.3411     -5.7625
    0.3433     -5.7500
    0.3417     -5.7375
    0.3373     -5.7250
    0.3308     -5.7125
    0.3237     -5.7000
    0.3184     -5.6875
    0.3176     -5.6750
    0.3226     -5.6625
    0.3327     -5.6500
    0.3446     -5.6375
    0.3539     -5.6250
    0.3569     -5.6125
    0.3526     -5.6000
    0.3435     -5.5875
    0.3345     -5.5750
    0.3315     -5.5625
    0.3385     -5.5500
    0.3571     -5.5375
    0.3848     -5.5250
    0.4162     -5.5125
    0.4435     -5.5000
    0.4593     -5.4875
    0.4593     -5.4750
    0.4444     -5.4625
    0.4205     -5.4500
    0.3957     -5.4375
    0.3762     -5.4250
    0.3642     -5.4125
    0.3584     -5.4000
    0.3559     -5.3875
    0.3545     -5.3750
    0.3526     -5.3625
    0.3484     -5.3500
    0.3400     -5.3375
    0.3260     -5.3250
    0.3066     -5.3125
    0.2835     -5.3000
    0.2597     -5.2875
    0.2377     -5.2750
    0.2194     -5.2625
    0.2063     -5.2500
    0.1993     -5.2375
    0.1992     -5.2250
    0.2056     -5.2125
    0.2159     -5.2000
    0.2262     -5.1875
    0.2324     -5.1750
    0.2329     -5.1625
    0.2293     -5.1500
    0.2255     -5.1375
    0.2259     -5.1250
    0.2327     -5.1125
    0.2456     -5.1000
    0.2626     -5.0875
    0.2820     -5.0750
    0.3026     -5.0625
    0.3238     -5.0500
    0.3444     -5.0375
    0.3629     -5.0250
    0.3782     -5.0125
    0.3899     -5.0000
    0.3979     -4.9875
    0.4009     -4.9750
    0.3968     -4.9625
    0.3831     -4.9500
    0.3599     -4.9375
    0.3304     -4.9250
    0.3008     -4.9125
    0.2773     -4.9000
    0.2630     -4.8875
    0.2569     -4.8750
    0.2559     -4.8625
    0.2570     -4.8500
    0.2596     -4.8375
    0.2648     -4.8250
    0.2739     -4.8125
    0.2865     -4.8000
    0.3007     -4.7875
    0.3132     -4.7750
    0.3215     -4.7625
    0.3237     -4.7500
    0.3193     -4.7375
    0.3087     -4.7250
    0.2930     -4.7125
    0.2741     -4.7000
    0.2540     -4.6875
    0.2346     -4.6750
    0.2178     -4.6625
    0.2055     -4.6500
    0.1989     -4.6375
    0.1984     -4.6250
    0.2026     -4.6125
    0.2088     -4.6000
    0.2131     -4.5875
    0.2126     -4.5750
    0.2061     -4.5625
    0.1949     -4.5500
    0.1828     -4.5375
    0.1740     -4.5250
    0.1717     -4.5125
    0.1761     -4.5000
    0.1851     -4.4875
    0.1954     -4.4750
    0.2047     -4.4625
    0.2129     -4.4500
    0.2215     -4.4375
    0.2321     -4.4250
    0.2458     -4.4125
    0.2622     -4.4000
    0.2801     -4.3875
    0.2982     -4.3750
    0.3144     -4.3625
    0.3269     -4.3500
    0.3344     -4.3375
    0.3369     -4.3250
    0.3355     -4.3125
    0.3313     -4.3000
    0.3248     -4.2875
    0.3159     -4.2750
    0.3049     -4.2625
    0.2928     -4.2500
    0.2818     -4.2375
    0.2738     -4.2250
    0.2700     -4.2125
    0.2704     -4.2000
    0.2738     -4.1875
    0.2789     -4.1750
    0.2844     -4.1625
    0.2901     -4.1500
    0.2966     -4.1375
    0.3053     -4.1250
    0.3175     -4.1125
    0.3337     -4.1000
    0.3529     -4.0875
    0.3727     -4.0750
    0.3900     -4.0625
    0.4017     -4.0500
    0.4060     -4.0375
    0.4037     -4.0250
    0.3980     -4.0125
    0.3929     -4.0000
    0.3920     -3.9875
    0.3959     -3.9750
    0.4023     -3.9625
    0.4074     -3.9500
    0.4073     -3.9375
    0.4009     -3.9250
    0.3902     -3.9125
    0.3800     -3.9000
    0.3763     -3.8875
    0.3842     -3.8750
    0.4066     -3.8625
    0.4432     -3.8500
    0.4899     -3.8375
    0.5385     -3.8250
    0.5789     -3.8125
    0.6012     -3.8000
    0.5992     -3.7875
    0.5734     -3.7750
    0.5309     -3.7625
    0.4829     -3.7500
    0.4414     -3.7375
    0.4141     -3.7250
    0.4022     -3.7125
    0.4013     -3.7000
    0.4045     -3.6875
    0.4058     -3.6750
    0.4032     -3.6625
    0.3985     -3.6500
    0.3951     -3.6375
    0.3951     -3.6250
    0.3982     -3.6125
    0.4017     -3.6000
    0.4020     -3.5875
    0.3968     -3.5750
    0.3857     -3.5625
    0.3709     -3.5500
    0.3557     -3.5375
    0.3440     -3.5250
    0.3387     -3.5125
    0.3415     -3.5000
    0.3523     -3.4875
    0.3699     -3.4750
    0.3919     -3.4625
    0.4147     -3.4500
    0.4338     -3.4375
    0.4439     -3.4250
    0.4408     -3.4125
    0.4242     -3.4000
    0.3988     -3.3875
    0.3732     -3.3750
    0.3560     -3.3625
    0.3523     -3.3500
    0.3621     -3.3375
    0.3826     -3.3250
    0.4109     -3.3125
    0.4447     -3.3000
    0.4816     -3.2875
    0.5170     -3.2750
    0.5446     -3.2625
    0.5582     -3.2500
    0.5546     -3.2375
    0.5351     -3.2250
    0.5045     -3.2125
    0.4689     -3.2000
    0.4337     -3.1875
    0.4017     -3.1750
    0.3743     -3.1625
    0.3519     -3.1500
    0.3356     -3.1375
    0.3270     -3.1250
    0.3270     -3.1125
    0.3341     -3.1000
    0.3445     -3.0875
    0.3535     -3.0750
    0.3583     -3.0625
    0.3587     -3.0500
    0.3570     -3.0375
    0.3558     -3.0250
    0.3562     -3.0125
    0.3572     -3.0000
    0.3563     -2.9875
    0.3507     -2.9750
    0.3390     -2.9625
    0.3226     -2.9500
    0.3055     -2.9375
    0.2935     -2.9250
    0.2918     -2.9125
    0.3029     -2.9000
    0.3244     -2.8875
    0.3498     -2.8750
    0.3714     -2.8625
    0.3835     -2.8500
    0.3851     -2.8375
    0.3794     -2.8250
    0.3716     -2.8125
    0.3660     -2.8000
    0.3644     -2.7875
    0.3665     -2.7750
    0.3705     -2.7625
    0.3745     -2.7500
    0.3769     -2.7375
    0.3762     -2.7250
    0.3714     -2.7125
    0.3622     -2.7000
    0.3495     -2.6875
    0.3350     -2.6750
    0.3207     -2.6625
    0.3073     -2.6500
    0.2942     -2.6375
    0.2809     -2.6250
    0.2679     -2.6125
    0.2573     -2.6000
    0.2518     -2.5875
    0.2528     -2.5750
    0.2591     -2.5625
    0.2678     -2.5500
    0.2753     -2.5375
    0.2792     -2.5250
    0.2786     -2.5125
    0.2745     -2.5000
    0.2687     -2.4875
    0.2628     -2.4750
    0.2578     -2.4625
    0.2534     -2.4500
    0.2487     -2.4375
    0.2437     -2.4250
    0.2398     -2.4125
    0.2396     -2.4000
    0.2453     -2.3875
    0.2573     -2.3750
    0.2731     -2.3625
    0.2886     -2.3500
    0.2992     -2.3375
    0.3017     -2.3250
    0.2952     -2.3125
    0.2812     -2.3000
    0.2626     -2.2875
    0.2427     -2.2750
    0.2249     -2.2625
    0.2118     -2.2500
    0.2059     -2.2375
    0.2083     -2.2250
    0.2190     -2.2125
    0.2360     -2.2000
    0.2561     -2.1875
    0.2760     -2.1750
    0.2930     -2.1625
    0.3058     -2.1500
    0.3133     -2.1375
    0.3150     -2.1250
    0.3099     -2.1125
    0.2978     -2.1000
    0.2793     -2.0875
    0.2571     -2.0750
    0.2352     -2.0625
    0.2183     -2.0500
    0.2093     -2.0375
    0.2086     -2.0250
    0.2138     -2.0125
    0.2220     -2.0000
    0.2305     -1.9875
    0.2378     -1.9750
    0.2430     -1.9625
    0.2453     -1.9500
    0.2445     -1.9375
    0.2413     -1.9250
    0.2380     -1.9125
    0.2366     -1.9000
    0.2378     -1.8875
    0.2400     -1.8750
    0.2400     -1.8625
    0.2355     -1.8500
    0.2266     -1.8375
    0.2155     -1.8250
    0.2054     -1.8125
    0.1983     -1.8000
    0.1941     -1.7875
    0.1906     -1.7750
    0.1850     -1.7625
    0.1750     -1.7500
    0.1605     -1.7375
    0.1432     -1.7250
    0.1264     -1.7125
    0.1130     -1.7000
    0.1050     -1.6875
    0.1030     -1.6750
    0.1067     -1.6625
    0.1153     -1.6500
    0.1275     -1.6375
    0.1413     -1.6250
    0.1540     -1.6125
    0.1626     -1.6000
    0.1645     -1.5875
    0.1582     -1.5750
    0.1435     -1.5625
    0.1223     -1.5500
    0.0980     -1.5375
    0.0758     -1.5250
    0.0608     -1.5125
    0.0568     -1.5000
    0.0654     -1.4875
    0.0852     -1.4750
    0.1118     -1.4625
    0.1392     -1.4500
    0.1614     -1.4375
    0.1743     -1.4250
    0.1773     -1.4125
    0.1731     -1.4000
    0.1654     -1.3875
    0.1567     -1.3750
    0.1475     -1.3625
    0.1366     -1.3500
    0.1233     -1.3375
    0.1087     -1.3250
    0.0958     -1.3125
    0.0875     -1.3000
    0.0854     -1.2875
    0.0894     -1.2750
    0.0983     -1.2625
    0.1098     -1.2500
    0.1210     -1.2375
    0.1286     -1.2250
    0.1305     -1.2125
    0.1267     -1.2000
    0.1208     -1.1875
    0.1184     -1.1750
    0.1250     -1.1625
    0.1429     -1.1500
    0.1705     -1.1375
    0.2031     -1.1250
    0.2359     -1.1125
    0.2674     -1.1000
    0.2994     -1.0875
    0.3344     -1.0750
    0.3712     -1.0625
    0.4021     -1.0500
    0.4165     -1.0375
    0.4074     -1.0250
    0.3774     -1.0125
    0.3399     -1.0000
    0.3135     -0.9875
    0.3138     -0.9750
    0.3465     -0.9625
    0.4046     -0.9500
    0.4718     -0.9375
    0.5286     -0.9250
    0.5608     -0.9125
    0.5634     -0.9000
    0.5403     -0.8875
    0.5002     -0.8750
    0.4525     -0.8625
    0.4066     -0.8500
    0.3712     -0.8375
    0.3535     -0.8250
    0.3567     -0.8125
    0.3797     -0.8000
    0.4190     -0.7875
    0.4724     -0.7750
    0.5405     -0.7625
    0.6242     -0.7500
    0.7186     -0.7375
    0.8112     -0.7250
    0.8846     -0.7125
    0.9269     -0.7000
    0.9410     -0.6875
    0.9467     -0.6750
    0.9706     -0.6625
    1.0281     -0.6500
    1.1101     -0.6375
    1.1855     -0.6250
    1.2198     -0.6125
    1.1982     -0.6000
    1.1361     -0.5875
    1.0703     -0.5750
    1.0373     -0.5625
    1.0561     -0.5500
    1.1215     -0.5375
    1.2112     -0.5250
    1.2963     -0.5125
    1.3504     -0.5000
    1.3550     -0.4875
    1.3041     -0.4750
    1.2077     -0.4625
    1.0908     -0.4500
    0.9833     -0.4375
    0.9055     -0.4250
    0.8590     -0.4125
    0.8322     -0.4000
    0.8167     -0.3875
    0.8219     -0.3750
    0.8756     -0.3625
    1.0070     -0.3500
    1.2227     -0.3375
    1.4894     -0.3250
    1.7376     -0.3125
    1.8888     -0.3000
    1.8930     -0.2875
    1.7550     -0.2750
    1.5316     -0.2625
    1.3048     -0.2500
    1.1482     -0.2375
    1.1053     -0.2250
    1.1853     -0.2125
    1.3678     -0.2000
    1.6078     -0.1875
    1.8426     -0.1750
    2.0049     -0.1625
    2.0443     -0.1500
    1.9492     -0.1375
    1.7555     -0.1250
    1.5344     -0.1125
    1.3660     -0.1000
    1.3121     -0.0875
    1.4016     -0.0750
    1.6295     -0.0625
    1.9631     -0.0500
    2.3466     -0.0375
    2.7076     -0.0250
    2.9688     -0.0125
    3.0691      0.0000
    2.9831      0.0125
    2.7293      0.0250
    2.3615      0.0375
    1.9499      0.0500
    1.5608      0.0625
    1.2436      0.0750
    1.0284      0.0875
    0.9307      0.1000
    0.9575      0.1125
    1.1075      0.1250
    1.3627      0.1375
    1.6777      0.1500
    1.9789      0.1625
    2.1808      0.1750
    2.2164      0.1875
    2.0649      0.2000
    1.7603      0.2125
    1.3751      0.2250
    0.9906      0.2375
    0.6706      0.2500
    0.4484      0.2625
    0.3276      0.2750
    0.2905      0.2875
    0.3079      0.3000
    0.3488      0.3125
    0.3886      0.3250
    0.4149      0.3375
    0.4305      0.3500
    0.4499      0.3625
    0.4914      0.3750
    0.5666      0.3875
    0.6729      0.4000
    0.7934      0.4125
    0.9054      0.4250
    0.9915      0.4375
    1.0469      0.4500
    1.0782      0.4625
    1.0960      0.4750
    1.1071      0.4875
    1.1093      0.5000
    1.0913      0.5125
    1.0397      0.5250
    0.9487      0.5375
    0.8271      0.5500
    0.6974      0.5625
    0.5866      0.5750
    0.5143      0.5875
    0.4875      0.6000
    0.5002      0.6125
    0.5375      0.6250
    0.5798      0.6375
    0.6083      0.6500
    0.6116      0.6625
    0.5907      0.6750
    0.5583      0.6875
    0.5319      0.7000
    0.5239      0.7125
    0.5352      0.7250
    0.5565      0.7375
    0.5733      0.7500
    0.5730      0.7625
    0.5486      0.7750
    0.5014      0.7875
    0.4398      0.8000
    0.3777      0.8125
    0.3296      0.8250
    0.3055      0.8375
    0.3068      0.8500
    0.3252      0.8625
    0.3454      0.8750
    0.3517      0.8875
    0.3347      0.9000
    0.2957      0.9125
    0.2455      0.9250
    0.2003      0.9375
    0.1754      0.9500
    0.1810      0.9625
    0.2201      0.9750
    0.2889      0.9875
    0.3768      1.0000
    0.4673      1.0125
    0.5413      1.0250
    0.5840      1.0375
    0.5930      1.0500
    0.5815      1.0625
    0.5727      1.0750
    0.5865      1.0875
    0.6273      1.1000
    0.6797      1.1125
    0.7168      1.1250
    0.7150      1.1375
    0.6663      1.1500
    0.5793      1.1625
    0.4728      1.1750
    0.3656      1.1875
    0.2713      1.2000
    0.1968      1.2125
    0.1441      1.2250
    0.1115      1.2375
    0.0953      1.2500
    0.0911      1.2625
    0.0951      1.2750
    0.1050      1.2875
    0.1191      1.3000
    0.1344      1.3125
    0.1465      1.3250
    0.1507      1.3375
    0.1451      1.3500
    0.1329      1.3625
    0.1222      1.3750
    0.1223      1.3875
    0.1399      1.4000
    0.1758      1.4125
    0.2253      1.4250
    0.2797      1.4375
    0.3286      1.4500
    0.3631      1.4625
    0.3779      1.4750
    0.3737      1.4875
    0.3578      1.5000
    0.3407      1.5125
    0.3306      1.5250
    0.3277      1.5375
    0.3256      1.5500
    0.3178      1.5625
    0.3043      1.5750
    0.2944      1.5875
    0.3012      1.6000
    0.3336      1.6125
    0.3912      1.6250
    0.4643      1.6375
    0.5383      1.6500
    0.5985      1.6625
    0.6346      1.6750
    0.6440      1.6875
    0.6337      1.7000
    0.6183      1.7125
    0.6135      1.7250
    0.6265      1.7375
    0.6503      1.7500
    0.6659      1.7625
    0.6532      1.7750
    0.6025      1.7875
    0.5214      1.8000
    0.4307      1.8125
    0.3541      1.8250
    0.3066      1.8375
    0.2895      1.8500
    0.2922      1.8625
    0.3006      1.8750
    0.3058      1.8875
    0.3082      1.9000
    0.3145      1.9125
    0.3315      1.9250
    0.3590      1.9375
    0.3887      1.9500
    0.4090      1.9625
    0.4112      1.9750
    0.3952      1.9875
    0.3699      2.0000
