    0.0114     -7.9875
    0.0215     -7.9670
    0.0311     -7.9465
    0.0325     -7.9260
    0.0249     -7.9055
    0.0164     -7.8850
    0.0180     -7.8645
    0.0371     -7.8440
    0.0703     -7.8235
    0.0992     -7.8030
    0.1046     -7.7825
    0.0940     -7.7620
    0.0980     -7.7415
    0.1290     -7.7210
    0.1587     -7.7005
    0.1500     -7.6800
    0.1062     -7.6595
    0.0694     -7.6390
    0.0849     -7.6185
    0.1871     -7.5980
    0.3953     -7.5775
    0.7040     -7.5570
    1.1070     -7.5365
    1.6119     -7.5160
    2.1352     -7.4955
    2.4192     -7.4750
    2.2509     -7.4545
    1.7833     -7.4340
    1.4468     -7.4135
    1.4549     -7.3930
    1.5622     -7.3725
    1.4203     -7.3520
    1.0161     -7.3315
    0.6272     -7.3110
    0.4867     -7.2905
    0.6009     -7.2700
    0.8020     -7.2495
    0.9150     -7.2290
    0.8780     -7.2085
    0.7182     -7.1880
    0.4916     -7.1675
    0.2743     -7.1470
    0.1505     -7.1265
    0.2336     -7.1060
    0.8269     -7.0855
    2.5874     -7.0650
    6.1281     -7.0445
   10.7441     -7.0240
   13.8087     -7.0035
   12.9482     -6.9830
    8.8631     -6.9625
    4.4727     -6.9420
    1.7202     -6.9215
    0.5556     -6.9010
    0.1892     -6.8805
    0.0906     -6.8600
    0.0699     -6.8395
    0.0818     -6.8190
    0.1120     -6.7985
    0.1457     -6.7780
    0.1624     -6.7575
    0.1450     -6.7370
    0.1003     -6.7165
    0.0545     -6.6960
    0.0257     -6.6755
    0.0134     -6.6550
    0.0112     -6.6345
    0.0152     -6.6140
    0.0224     -6.5935
    0.0285     -6.5730
    0.0292     -6.5525
    0.0236     -6.5320
    0.0164     -6.5115
    0.0137     -6.4910
    0.0176     -6.4705
    0.0253     -6.4500
    0.0327     -6.4295
    0.0369     -6.4090
    0.0361     -6.3885
    0.0304     -6.3680
    0.0231     -6.3475
    0.0179     -6.3270
    0.0144     -6.3065
    0.0108     -6.2860
    0.0080     -6.2655
    0.0087     -6.2450
    0.0140     -6.2245
    0.0207     -6.2040
    0.0235     -6.1835
    0.0210     -6.1630
    0.0168     -6.1425
    0.0140     -6.1220
    0.0125     -6.1015
    0.0119     -6.0810
    0.0133     -6.0605
    0.0167     -6.0400
    0.0191     -6.0195
    0.0181     -5.9990
    0.0138     -5.9785
    0.0085     -5.9580
    0.0043     -5.9375
    0.0020     -5.9170
    0.0017     -5.8965
    0.0031     -5.8760
    0.0054     -5.8555
    0.0080     -5.8350
    0.0101     -5.8145
    0.0115     -5.7940
    0.0120     -5.7735
    0.0122     -5.7530
    0.0130     -5.7325
    0.0144     -5.7120
    0.0154     -5.6915
    0.0150     -5.6710
    0.0131     -5.6505
    0.0099     -5.6300
    0.0064     -5.6095
    0.0042     -5.5890
    0.0037     -5.5685
    0.0045     -5.5480
    0.0060     -5.5275
    0.0077     -5.5070
    0.0089     -5.4865
    0.0082     -5.4660
    0.0059     -5.4455
    0.0040     -5.4250
    0.0042     -5.4045
    0.0069     -5.3840
    0.0111     -5.3635
    0.0151     -5.3430
    0.0179     -5.3225
    0.0192     -5.3020
    0.0190     -5.2815
    0.0168     -5.2610
    0.0129     -5.2405
    0.0088     -5.2200
    0.0064     -5.1995
    0.0064     -5.1790
    0.0088     -5.1585
    0.0122     -5.1380
    0.0148     -5.1175
    0.0150     -5.0970
    0.0131     -5.0765
    0.0120     -5.0560
    0.0140     -5.0355
    0.0188     -5.0150
    0.0241     -4.9945
    0.0290     -4.9740
    0.0347     -4.9535
    0.0417     -4.9330
    0.0476     -4.9125
    0.0497     -4.8920
    0.0483     -4.8715
    0.0467     -4.8510
    0.0487     -4.8305
    0.0548     -4.8100
    0.0607     -4.7895
    0.0626     -4.7690
    0.0632     -4.7485
    0.0671     -4.7280
    0.0725     -4.7075
    0.0726     -4.6870
    0.0654     -4.6665
    0.0566     -4.6460
    0.0511     -4.6255
    0.0481     -4.6050
    0.0454     -4.5845
    0.0428     -4.5640
    0.0403     -4.5435
    0.0381     -4.5230
    0.0368     -4.5025
    0.0366     -4.4820
    0.0370     -4.4615
    0.0372     -4.4410
    0.0376     -4.4205
    0.0399     -4.4000
    0.0453     -4.3795
    0.0550     -4.3590
    0.0689     -4.3385
    0.0837     -4.3180
    0.0934     -4.2975
    0.0955     -4.2770
    0.0933     -4.2565
    0.0930     -4.2360
    0.1005     -4.2155
    0.1154     -4.1950
    0.1266     -4.1745
    0.1221     -4.1540
    0.1044     -4.1335
    0.0888     -4.1130
    0.0857     -4.0925
    0.0920     -4.0720
    0.0990     -4.0515
    0.1031     -4.0310
    0.1055     -4.0105
    0.1076     -3.9900
    0.1095     -3.9695
    0.1118     -3.9490
    0.1146     -3.9285
    0.1152     -3.9080
    0.1116     -3.8875
    0.1081     -3.8670
    0.1125     -3.8465
    0.1249     -3.8260
    0.1345     -3.8055
    0.1311     -3.7850
    0.1145     -3.7645
    0.0930     -3.7440
    0.0746     -3.7235
    0.0632     -3.7030
    0.0604     -3.6825
    0.0656     -3.6620
    0.0743     -3.6415
    0.0793     -3.6210
    0.0755     -3.6005
    0.0651     -3.5800
    0.0562     -3.5595
    0.0579     -3.5390
    0.0744     -3.5185
    0.1005     -3.4980
    0.1234     -3.4775
    0.1297     -3.4570
    0.1159     -3.4365
    0.0920     -3.4160
    0.0732     -3.3955
    0.0687     -3.3750
    0.0765     -3.3545
    0.0871     -3.3340
    0.0912     -3.3135
    0.0861     -3.2930
    0.0760     -3.2725
    0.0662     -3.2520
    0.0594     -3.2315
    0.0561     -3.2110
    0.0555     -3.1905
    0.0569     -3.1700
    0.0590     -3.1495
    0.0615     -3.1290
    0.0639     -3.1085
    0.0647     -3.0880
    0.0630     -3.0675
    0.0603     -3.0470
    0.0579     -3.0265
    0.0554     -3.0060
    0.0524     -2.9855
    0.0502     -2.9650
    0.0505     -2.9445
    0.0530     -2.9240
    0.0569     -2.9035
    0.0612     -2.8830
    0.0634     -2.8625
    0.0612     -2.8420
    0.0545     -2.8215
    0.0459     -2.8010
    0.0380     -2.7805
    0.0315     -2.7600
    0.0275     -2.7395
    0.0275     -2.7190
    0.0311     -2.6985
    0.0354     -2.6780
    0.0379     -2.6575
    0.0383     -2.6370
    0.0382     -2.6165
    0.0389     -2.5960
    0.0400     -2.5755
    0.0414     -2.5550
    0.0428     -2.5345
    0.0436     -2.5140
    0.0430     -2.4935
    0.0407     -2.4730
    0.0379     -2.4525
    0.0362     -2.4320
    0.0360     -2.4115
    0.0362     -2.3910
    0.0363     -2.3705
    0.0361     -2.3500
    0.0351     -2.3295
    0.0327     -2.3090
    0.0293     -2.2885
    0.0263     -2.2680
    0.0242     -2.2475
    0.0223     -2.2270
    0.0205     -2.2065
    0.0203     -2.1860
    0.0233     -2.1655
    0.0285     -2.1450
    0.0330     -2.1245
    0.0362     -2.1040
    0.0388     -2.0835
    0.0400     -2.0630
    0.0379     -2.0425
    0.0318     -2.0220
    0.0232     -2.0015
    0.0155     -1.9810
    0.0113     -1.9605
    0.0107     -1.9400
    0.0121     -1.9195
    0.0140     -1.8990
    0.0160     -1.8785
    0.0179     -1.8580
    0.0198     -1.8375
    0.0220     -1.8170
    0.0242     -1.7965
    0.0248     -1.7760
    0.0229     -1.7555
    0.0191     -1.7350
    0.0151     -1.7145
    0.0125     -1.6940
    0.0113     -1.6735
    0.0108     -1.6530
    0.0102     -1.6325
    0.0086     -1.6120
    0.0064     -1.5915
    0.0047     -1.5710
    0.0040     -1.5505
    0.0042     -1.5300
    0.0045     -1.5095
    0.0051     -1.4890
    0.0057     -1.4685
    0.0063     -1.4480
    0.0073     -1.4275
    0.0096     -1.4070
    0.0139     -1.3865
    0.0198     -1.3660
    0.0271     -1.3455
    0.0361     -1.3250
    0.0446     -1.3045
    0.0486     -1.2840
    0.0456     -1.2635
    0.0376     -1.2430
    0.0296     -1.2225
    0.0246     -1.2020
    0.0216     -1.1815
    0.0182     -1.1610
    0.0140     -1.1405
    0.0106     -1.1200
    0.0103     -1.0995
    0.0147     -1.0790
    0.0228     -1.0585
    0.0313     -1.0380
    0.0375     -1.0175
    0.0409     -0.9970
    0.0401     -0.9765
    0.0336     -0.9560
    0.0228     -0.9355
    0.0126     -0.9150
    0.0074     -0.8945
    0.0086     -0.8740
    0.0157     -0.8535
    0.0269     -0.8330
    0.0389     -0.8125
    0.0475     -0.7920
    0.0506     -0.7715
    0.0501     -0.7510
    0.0512     -0.7305
    0.0580     -0.7100
    0.0689     -0.6895
    0.0771     -0.6690
    0.0779     -0.6485
    0.0711     -0.6280
    0.0592     -0.6075
    0.0451     -0.5870
    0.0326     -0.5665
    0.0243     -0.5460
    0.0196     -0.5255
    0.0161     -0.5050
    0.0126     -0.4845
    0.0096     -0.4640
    0.0091     -0.4435
    0.0125     -0.4230
    0.0178     -0.4025
    0.0206     -0.3820
    0.0190     -0.3615
    0.0165     -0.3410
    0.0174     -0.3205
    0.0223     -0.3000
    0.0276     -0.2795
    0.0288     -0.2590
    0.0258     -0.2385
    0.0251     -0.2180
    0.0338     -0.1975
    0.0520     -0.1770
    0.0736     -0.1565
    0.0912     -0.1360
    0.0984     -0.1155
    0.0910     -0.0950
    0.0725     -0.0745
    0.0535     -0.0540
    0.0416     -0.0335
    0.0375     -0.0130
    0.0414      0.0075
    0.0533      0.0280
    0.0679      0.0485
    0.0744      0.0690
    0.0656      0.0895
    0.0454      0.1100
    0.0255      0.1305
    0.0140      0.1510
    0.0105      0.1715
    0.0106      0.1920
    0.0114      0.2125
    0.0131      0.2330
    0.0151      0.2535
    0.0158      0.2740
    0.0145      0.2945
    0.0124      0.3150
    0.0107      0.3355
    0.0100      0.3560
    0.0124      0.3765
    0.0215      0.3970
    0.0408      0.4175
    0.0710      0.4380
    0.1079      0.4585
    0.1417      0.4790
    0.1589      0.4995
    0.1526      0.5200
    0.1295      0.5405
    0.1026      0.5610
    0.0817      0.5815
    0.0703      0.6020
    0.0650      0.6225
    0.0602      0.6430
    0.0539      0.6635
    0.0477      0.6840
    0.0424      0.7045
    0.0373      0.7250
    0.0347      0.7455
    0.0421      0.7660
    0.0646      0.7865
    0.0924      0.8070
    0.1041      0.8275
    0.0889      0.8480
    0.0592      0.8685
    0.0356      0.8890
    0.0273      0.9095
    0.0283      0.9300
    0.0299      0.9505
    0.0327      0.9710
    0.0449      0.9915
    0.0719      1.0120
    0.1094      1.0325
    0.1456      1.0530
    0.1662      1.0735
    0.1627      1.0940
    0.1446      1.1145
    0.1341      1.1350
    0.1418      1.1555
    0.1565      1.1760
    0.1606      1.1965
    0.1440      1.2170
    0.1085      1.2375
    0.0679      1.2580
    0.0390      1.2785
    0.0306      1.2990
    0.0412      1.3195
    0.0606      1.3400
    0.0764      1.3605
    0.0865      1.3810
    0.1005      1.4015
    0.1216      1.4220
    0.1395      1.4425
    0.1458      1.4630
    0.1436      1.4835
    0.1377      1.5040
    0.1295      1.5245
    0.1255      1.5450
    0.1336      1.5655
    0.1497      1.5860
    0.1599      1.6065
    0.1586      1.6270
    0.1578      1.6475
    0.1770      1.6680
    0.2206      1.6885
    0.2628      1.7090
    0.2637      1.7295
    0.2133      1.7500
    0.1438      1.7705
    0.0901      1.7910
    0.0610      1.8115
    0.0539      1.8320
    0.0716      1.8525
    0.1129      1.8730
    0.1573      1.8935
    0.1802      1.9140
    0.1809      1.9345
    0.1836      1.9550
    0.2121      1.9755
    0.2716      1.9960
