    0.4953     -8.0000
    0.5826     -7.9810
    0.7032     -7.9620
    0.7997     -7.9430
    0.8622     -7.9240
    0.9533     -7.9050
    1.1228     -7.8860
    1.3403     -7.8670
    1.4942     -7.8480
    1.4444     -7.8290
    1.1526     -7.8100
    0.7659     -7.7910
    0.5069     -7.7720
    0.5007     -7.7530
    0.7259     -7.7340
    1.0536     -7.7150
    1.3136     -7.6960
    1.4153     -7.6770
    1.4391     -7.6580
    1.5639     -7.6390
    1.8824     -7.6200
    2.2965     -7.6010
    2.5939     -7.5820
    2.6481     -7.5630
    2.5351     -7.5440
    2.3934     -7.5250
    2.2287     -7.5060
    1.9985     -7.4870
    1.8311     -7.4680
    1.9671     -7.4490
    2.4540     -7.4300
    3.0359     -7.4110
    3.4018     -7.3920
    3.4460     -7.3730
    3.2365     -7.3540
    2.8712     -7.3350
    2.4588     -7.3160
    2.1312     -7.2970
    1.9761     -7.2780
    1.9903     -7.2590
    2.1396     -7.2400
    2.4410     -7.2210
    2.9257     -7.2020
    3.4945     -7.1830
    3.9015     -7.1640
    3.9709     -7.1450
    3.7686     -7.1260
    3.4799     -7.1070
    3.1884     -7.0880
    2.8626     -7.0690
    2.5200     -7.0500
    2.2973     -7.0310
    2.3037     -7.0120
    2.4570     -6.9930
    2.5340     -6.9740
    2.3881     -6.9550
    2.0588     -6.9360
    1.6599     -6.9170
    1.2722     -6.8980
    1.0038     -6.8790
    1.0421     -6.8600
    1.5672     -6.8410
    2.5942     -6.8220
    3.8478     -6.8030
    4.8517     -6.7840
    5.2817     -6.7650
    5.1683     -6.7460
    4.6779     -6.7270
    3.9100     -6.7080
    3.0249     -6.6890
    2.3314     -6.6700
    2.0584     -6.6510
    2.1365     -6.6320
    2.3585     -6.6130
    2.7460     -6.5940
    3.6058     -6.5750
    5.1709     -6.5560
    7.3166     -6.5370
    9.6441     -6.5180
   11.6680     -6.4990
   12.9120     -6.4800
   13.0475     -6.4610
   12.1320     -6.4420
   10.7484     -6.4230
    9.7322     -6.4040
    9.4971     -6.3850
    9.6985     -6.3660
    9.8461     -6.3470
   10.0727     -6.3280
   10.8832     -6.3090
   12.3655     -6.2900
   14.1469     -6.2710
   15.9258     -6.2520
   17.5367     -6.2330
   18.6019     -6.2140
   18.6704     -6.1950
   17.8454     -6.1760
   16.8346     -6.1570
   16.1769     -6.1380
   15.8115     -6.1190
   15.5422     -6.1000
   15.5010     -6.0810
   15.9635     -6.0620
   16.9614     -6.0430
   18.2390     -6.0240
   19.4790     -6.0050
   20.4648     -5.9860
   21.1292     -5.9670
   21.5406     -5.9480
   21.7619     -5.9290
   21.7990     -5.9100
   21.8374     -5.8910
   22.2888     -5.8720
   23.3182     -5.8530
   24.5159     -5.8340
   25.3517     -5.8150
   25.8759     -5.7960
   26.6641     -5.7770
   28.0183     -5.7580
   29.4997     -5.7390
   30.4173     -5.7200
   30.5557     -5.7010
   30.1408     -5.6820
   29.2903     -5.6630
   27.9320     -5.6440
   26.2057     -5.6250
   24.5717     -5.6060
   23.4781     -5.5870
   23.0803     -5.5680
   23.2704     -5.5490
   23.8607     -5.5300
   24.6785     -5.5110
   25.5517     -5.4920
   26.3009     -5.4730
   26.7315     -5.4540
   26.5899     -5.4350
   25.6476     -5.4160
   24.0896     -5.3970
   22.7330     -5.3780
   22.4243     -5.3590
   23.1773     -5.3400
   24.1459     -5.3210
   24.3336     -5.3020
   23.2583     -5.2830
   21.1999     -5.2640
   18.9199     -5.2450
   17.0957     -5.2260
   16.0696     -5.2070
   15.9594     -5.1880
   16.6334     -5.1690
   17.6529     -5.1500
   18.6702     -5.1310
   19.8650     -5.1120
   21.6041     -5.0930
   23.8143     -5.0740
   26.1142     -5.0550
   28.2877     -5.0360
   30.2180     -5.0170
   31.6448     -4.9980
   32.2563     -4.9790
   31.8691     -4.9600
   30.5564     -4.9410
   28.7705     -4.9220
   27.1789     -4.9030
   26.1762     -4.8840
   25.7112     -4.8650
   25.6971     -4.8460
   26.3525     -4.8270
   28.0232     -4.8080
   30.7511     -4.7890
   34.0272     -4.7700
   36.9297     -4.7510
   38.5057     -4.7320
   38.1201     -4.7130
   35.6936     -4.6940
   31.8501     -4.6750
   27.8374     -4.6560
   25.0332     -4.6370
   24.1355     -4.6180
   24.6117     -4.5990
   25.0840     -4.5800
   24.5267     -4.5610
   23.1653     -4.5420
   22.1471     -4.5230
   22.4205     -4.5040
   24.0842     -4.4850
   26.6369     -4.4660
   29.4516     -4.4470
   31.9474     -4.4280
   33.6983     -4.4090
   34.6826     -4.3900
   35.2629     -4.3710
   35.8546     -4.3520
   36.8225     -4.3330
   38.3814     -4.3140
   40.1196     -4.2950
   41.0901     -4.2760
   40.9288     -4.2570
   40.3921     -4.2380
   40.3807     -4.2190
   40.9867     -4.2000
   41.7968     -4.1810
   42.6359     -4.1620
   43.7580     -4.1430
   45.4860     -4.1240
   47.7646     -4.1050
   50.0570     -4.0860
   51.6363     -4.0670
   52.0391     -4.0480
   51.3938     -4.0290
   50.3416     -4.0100
   49.5993     -3.9910
   49.5270     -3.9720
   49.9099     -3.9530
   50.0458     -3.9340
   49.2521     -3.9150
   47.4151     -3.8960
   44.9445     -3.8770
   42.3930     -3.8580
   40.3647     -3.8390
   39.4226     -3.8200
   39.6834     -3.8010
   40.7206     -3.7820
   41.9800     -3.7630
   42.9383     -3.7440
   42.9660     -3.7250
   41.6673     -3.7060
   39.4399     -3.6870
   37.2446     -3.6680
   35.6473     -3.6490
   34.3530     -3.6300
   32.9191     -3.6110
   31.6962     -3.5920
   31.6479     -3.5730
   33.2670     -3.5540
   35.8509     -3.5350
   37.7683     -3.5160
   37.5116     -3.4970
   34.8275     -3.4780
   30.9873     -3.4590
   27.9320     -3.4400
   27.0338     -3.4210
   28.3600     -3.4020
   30.8762     -3.3830
   33.4600     -3.3640
   35.7754     -3.3450
   38.0424     -3.3260
   40.2523     -3.3070
   42.0943     -3.2880
   43.4499     -3.2690
   44.4808     -3.2500
   45.2957     -3.2310
   45.7391     -3.2120
   45.4260     -3.1930
   43.9721     -3.1740
   41.3720     -3.1550
   38.2487     -3.1360
   35.6030     -3.1170
   34.1397     -3.0980
   33.8850     -3.0790
   34.5435     -3.0600
   35.8469     -3.0410
   37.1530     -3.0220
   37.2278     -3.0030
   35.2759     -2.9840
   32.1493     -2.9650
   29.9496     -2.9460
   30.2697     -2.9270
   32.9839     -2.9080
   36.6083     -2.8890
   39.4823     -2.8700
   40.6463     -2.8510
   40.0884     -2.8320
   38.5947     -2.8130
   37.3314     -2.7940
   37.1791     -2.7750
   38.1743     -2.7560
   39.6165     -2.7370
   40.8018     -2.7180
   41.6224     -2.6990
   42.3965     -2.6800
   43.2432     -2.6610
   43.9531     -2.6420
   44.4635     -2.6230
   44.9883     -2.6040
   45.5120     -2.5850
   45.5027     -2.5660
   44.4373     -2.5470
   42.5957     -2.5280
   41.0966     -2.5090
   40.9640     -2.4900
   42.1770     -2.4710
   43.6511     -2.4520
   44.1039     -2.4330
   43.0358     -2.4140
   40.9964     -2.3950
   38.9584     -2.3760
   37.5625     -2.3570
   36.9591     -2.3380
   37.0383     -2.3190
   37.5566     -2.3000
   38.1832     -2.2810
   38.6240     -2.2620
   38.7033     -2.2430
   38.3963     -2.2240
   37.8964     -2.2050
   37.5834     -2.1860
   37.9070     -2.1670
   39.3634     -2.1480
   42.2546     -2.1290
   46.1198     -2.1100
   49.7928     -2.0910
   52.5037     -2.0720
   54.5385     -2.0530
   56.3722     -2.0340
   57.7443     -2.0150
   58.1737     -1.9960
   57.8094     -1.9770
   57.1088     -1.9580
   55.8972     -1.9390
   53.2831     -1.9200
   48.8160     -1.9010
   43.5335     -1.8820
   39.2470     -1.8630
   36.7170     -1.8440
   35.1833     -1.8250
   33.7168     -1.8060
   32.1650     -1.7870
   30.6688     -1.7680
   29.1336     -1.7490
   27.3758     -1.7300
   25.2855     -1.7110
   22.8370     -1.6920
   20.1639     -1.6730
   17.4989     -1.6540
   14.9468     -1.6350
   12.5082     -1.6160
   10.3530     -1.5970
    8.8001     -1.5780
    7.9546     -1.5590
    7.5625     -1.5400
    7.2823     -1.5210
    6.9941     -1.5020
    6.8361     -1.4830
    6.9929     -1.4640
    7.4142     -1.4450
    7.7333     -1.4260
    7.5789     -1.4070
    6.9518     -1.3880
    6.1276     -1.3690
    5.3342     -1.3500
    4.7853     -1.3310
    4.7942     -1.3120
    5.4921     -1.2930
    6.5794     -1.2740
    7.5626     -1.2550
    8.0594     -1.2360
    7.8119     -1.2170
    6.7454     -1.1980
    5.1748     -1.1790
    3.7222     -1.1600
    2.8997     -1.1410
    2.8460     -1.1220
    3.3986     -1.1030
    4.2431     -1.0840
    4.9821     -1.0650
    5.2311     -1.0460
    4.8465     -1.0270
    4.1253     -1.0080
    3.6526     -0.9890
    3.7904     -0.9700
    4.3154     -0.9510
    4.6606     -0.9320
    4.5160     -0.9130
    4.1347     -0.8940
    4.0798     -0.8750
    4.7086     -0.8560
    5.8509     -0.8370
    6.9631     -0.8180
    7.6357     -0.7990
    7.9022     -0.7800
    7.9770     -0.7610
    7.8244     -0.7420
    7.1876     -0.7230
    5.9734     -0.7040
    4.4525     -0.6850
    3.0784     -0.6660
    2.1423     -0.6470
    1.6202     -0.6280
    1.3627     -0.6090
    1.3631     -0.5900
    1.7744     -0.5710
    2.6592     -0.5520
    3.7627     -0.5330
    4.6353     -0.5140
    5.0230     -0.4950
    5.0193     -0.4760
    4.8237     -0.4570
    4.5382     -0.4380
    4.2333     -0.4190
    4.0055     -0.4000
    3.8682     -0.3810
    3.7366     -0.3620
    3.6438     -0.3430
    3.8440     -0.3240
    4.5250     -0.3050
    5.4822     -0.2860
    6.2194     -0.2670
    6.3599     -0.2480
    5.9222     -0.2290
    5.2369     -0.2100
    4.6588     -0.1910
    4.3890     -0.1720
    4.4661     -0.1530
    4.7631     -0.1340
    5.0416     -0.1150
    5.1812     -0.0960
    5.2926     -0.0770
    5.4608     -0.0580
    5.5327     -0.0390
    5.3555     -0.0200
    5.0591     -0.0010
    4.8552      0.0180
    4.6941      0.0370
    4.3839      0.0560
    3.9518      0.0750
    3.6770      0.0940
    3.7947      0.1130
    4.2484      0.1320
    4.7476      0.1510
    5.0400      0.1700
    5.0522      0.1890
    4.8462      0.2080
    4.6160      0.2270
    4.6449      0.2460
    5.0546      0.2650
    5.5941      0.2840
    5.8314      0.3030
    5.6030      0.3220
    5.1363      0.3410
    4.6950      0.3600
    4.3465      0.3790
    4.1534      0.3980
    4.2894      0.4170
    4.8085      0.4360
    5.5046      0.4550
    6.1151      0.4740
    6.5407      0.4930
    6.8076      0.5120
    6.9110      0.5310
    6.8121      0.5500
    6.6045      0.5690
    6.5513      0.5880
    6.8125      0.6070
    7.1923      0.6260
    7.3315      0.6450
    7.1458      0.6640
    6.9250      0.6830
    7.0001      0.7020
    7.4207      0.7210
    7.9249      0.7400
    8.1227      0.7590
    7.7494      0.7780
    6.8731      0.7970
    5.8977      0.8160
    5.2668      0.8350
    5.0593      0.8540
    4.9274      0.8730
    4.5327      0.8920
    3.9538      0.9110
    3.5768      0.9300
    3.7120      0.9490
    4.3910      0.9680
    5.4006      0.9870
    6.4282      1.0060
    7.2220      1.0250
    7.6653      1.0440
    7.7642      1.0630
    7.6408      1.0820
    7.4874      1.1010
    7.4133      1.1200
    7.3299      1.1390
    7.0424      1.1580
    6.4405      1.1770
    5.5866      1.1960
    4.6798      1.2150
    3.9447      1.2340
    3.4831      1.2530
    3.2089      1.2720
    2.9663      1.2910
    2.7127      1.3100
    2.5454      1.3290
    2.5718      1.3480
    2.8272      1.3670
    3.3157      1.3860
    3.9954      1.4050
    4.6704      1.4240
    5.0815      1.4430
    5.2170      1.4620
    5.3609      1.4810
    5.7288      1.5000
    6.2200      1.5190
    6.5697      1.5380
    6.5922      1.5570
    6.2961      1.5760
    5.9042      1.5950
    5.7246      1.6140
    5.8756      1.6330
    6.1290      1.6520
    6.1344      1.6710
    5.8066      1.6900
    5.3689      1.7090
    5.0440      1.7280
    4.8677      1.7470
    4.7866      1.7660
    4.7705      1.7850
    4.7848      1.8040
    4.7264      1.8230
    4.4559      1.8420
    3.9292      1.8610
    3.3144      1.8800
    2.9313      1.8990
    2.9818      1.9180
    3.3548      1.9370
    3.7811      1.9560
    4.1505      1.9750
    4.5543      1.9940
