    0.0036     -7.9930
    0.0040     -7.9735
    0.0069     -7.9540
    0.0112     -7.9345
    0.0144     -7.9150
    0.0146     -7.8955
    0.0131     -7.8760
    0.0129     -7.8565
    0.0146     -7.8370
    0.0155     -7.8175
    0.0133     -7.7980
    0.0086     -7.7785
    0.0042     -7.7590
    0.0019     -7.7395
    0.0019     -7.7200
    0.0038     -7.7005
    0.0071     -7.6810
    0.0107     -7.6615
    0.0140     -7.6420
    0.0177     -7.6225
    0.0227     -7.6030
    0.0281     -7.5835
    0.0319     -7.5640
    0.0333     -7.5445
    0.0334     -7.5250
    0.0340     -7.5055
    0.0359     -7.4860
    0.0392     -7.4665
    0.0415     -7.4470
    0.0390     -7.4275
    0.0303     -7.4080
    0.0197     -7.3885
    0.0137     -7.3690
    0.0164     -7.3495
    0.0259     -7.3300
    0.0356     -7.3105
    0.0388     -7.2910
    0.0355     -7.2715
    0.0311     -7.2520
    0.0299     -7.2325
    0.0312     -7.2130
    0.0324     -7.1935
    0.0322     -7.1740
    0.0313     -7.1545
    0.0317     -7.1350
    0.0358     -7.1155
    0.0445     -7.0960
    0.0556     -7.0765
    0.0625     -7.0570
    0.0588     -7.0375
    0.0449     -7.0180
    0.0294     -6.9985
    0.0216     -6.9790
    0.0229     -6.9595
    0.0274     -6.9400
    0.0284     -6.9205
    0.0248     -6.9010
    0.0217     -6.8815
    0.0261     -6.8620
    0.0412     -6.8425
    0.0627     -6.8230
    0.0825     -6.8035
    0.0950     -6.7840
    0.0985     -6.7645
    0.0917     -6.7450
    0.0748     -6.7255
    0.0545     -6.7060
    0.0408     -6.6865
    0.0389     -6.6670
    0.0459     -6.6475
    0.0564     -6.6280
    0.0701     -6.6085
    0.0927     -6.5890
    0.1284     -6.5695
    0.1716     -6.5500
    0.2117     -6.5305
    0.2479     -6.5110
    0.2929     -6.4915
    0.3525     -6.4720
    0.4029     -6.4525
    0.4031     -6.4330
    0.3384     -6.4135
    0.2425     -6.3940
    0.1667     -6.3745
    0.1361     -6.3550
    0.1406     -6.3355
    0.1633     -6.3160
    0.2007     -6.2965
    0.2520     -6.2770
    0.3023     -6.2575
    0.3339     -6.2380
    0.3444     -6.2185
    0.3397     -6.1990
    0.3208     -6.1795
    0.2899     -6.1600
    0.2579     -6.1405
    0.2378     -6.1210
    0.2360     -6.1015
    0.2481     -6.0820
    0.2599     -6.0625
    0.2592     -6.0430
    0.2503     -6.0235
    0.2534     -6.0040
    0.2843     -5.9845
    0.3361     -5.9650
    0.3790     -5.9455
    0.3877     -5.9260
    0.3678     -5.9065
    0.3463     -5.8870
    0.3354     -5.8675
    0.3218     -5.8480
    0.2916     -5.8285
    0.2521     -5.8090
    0.2228     -5.7895
    0.2143     -5.7700
    0.2209     -5.7505
    0.2296     -5.7310
    0.2312     -5.7115
    0.2223     -5.6920
    0.2030     -5.6725
    0.1769     -5.6530
    0.1518     -5.6335
    0.1358     -5.6140
    0.1301     -5.5945
    0.1292     -5.5750
    0.1293     -5.5555
    0.1373     -5.5360
    0.1672     -5.5165
    0.2224     -5.4970
    0.2844     -5.4775
    0.3272     -5.4580
    0.3399     -5.4385
    0.3277     -5.4190
    0.2986     -5.3995
    0.2614     -5.3800
    0.2313     -5.3605
    0.2250     -5.3410
    0.2470     -5.3215
    0.2848     -5.3020
    0.3188     -5.2825
    0.3375     -5.2630
    0.3427     -5.2435
    0.3404     -5.2240
    0.3308     -5.2045
    0.3115     -5.1850
    0.2841     -5.1655
    0.2517     -5.1460
    0.2182     -5.1265
    0.1916     -5.1070
    0.1812     -5.0875
    0.1880     -5.0680
    0.2042     -5.0485
    0.2201     -5.0290
    0.2312     -5.0095
    0.2377     -4.9900
    0.2404     -4.9705
    0.2366     -4.9510
    0.2228     -4.9315
    0.2023     -4.9120
    0.1864     -4.8925
    0.1825     -4.8730
    0.1861     -4.8535
    0.1888     -4.8340
    0.1912     -4.8145
    0.2003     -4.7950
    0.2177     -4.7755
    0.2353     -4.7560
    0.2425     -4.7365
    0.2328     -4.7170
    0.2059     -4.6975
    0.1691     -4.6780
    0.1350     -4.6585
    0.1141     -4.6390
    0.1082     -4.6195
    0.1103     -4.6000
    0.1113     -4.5805
    0.1066     -4.5610
    0.0987     -4.5415
    0.0931     -4.5220
    0.0935     -4.5025
    0.1004     -4.4830
    0.1127     -4.4635
    0.1272     -4.4440
    0.1391     -4.4245
    0.1452     -4.4050
    0.1463     -4.3855
    0.1450     -4.3660
    0.1436     -4.3465
    0.1440     -4.3270
    0.1478     -4.3075
    0.1530     -4.2880
    0.1546     -4.2685
    0.1507     -4.2490
    0.1458     -4.2295
    0.1441     -4.2100
    0.1442     -4.1905
    0.1419     -4.1710
    0.1353     -4.1515
    0.1277     -4.1320
    0.1250     -4.1125
    0.1305     -4.0930
    0.1423     -4.0735
    0.1562     -4.0540
    0.1706     -4.0345
    0.1865     -4.0150
    0.2031     -3.9955
    0.2173     -3.9760
    0.2267     -3.9565
    0.2307     -3.9370
    0.2292     -3.9175
    0.2220     -3.8980
    0.2105     -3.8785
    0.1966     -3.8590
    0.1814     -3.8395
    0.1674     -3.8200
    0.1588     -3.8005
    0.1593     -3.7810
    0.1685     -3.7615
    0.1836     -3.7420
    0.2006     -3.7225
    0.2150     -3.7030
    0.2219     -3.6835
    0.2198     -3.6640
    0.2106     -3.6445
    0.1991     -3.6250
    0.1910     -3.6055
    0.1930     -3.5860
    0.2112     -3.5665
    0.2459     -3.5470
    0.2870     -3.5275
    0.3188     -3.5080
    0.3300     -3.4885
    0.3183     -3.4690
    0.2909     -3.4495
    0.2608     -3.4300
    0.2395     -3.4105
    0.2312     -3.3910
    0.2307     -3.3715
    0.2289     -3.3520
    0.2214     -3.3325
    0.2132     -3.3130
    0.2157     -3.2935
    0.2370     -3.2740
    0.2743     -3.2545
    0.3133     -3.2350
    0.3379     -3.2155
    0.3417     -3.1960
    0.3282     -3.1765
    0.3031     -3.1570
    0.2729     -3.1375
    0.2456     -3.1180
    0.2279     -3.0985
    0.2247     -3.0790
    0.2373     -3.0595
    0.2578     -3.0400
    0.2718     -3.0205
    0.2710     -3.0010
    0.2587     -2.9815
    0.2411     -2.9620
    0.2225     -2.9425
    0.2081     -2.9230
    0.2028     -2.9035
    0.2056     -2.8840
    0.2093     -2.8645
    0.2064     -2.8450
    0.1932     -2.8255
    0.1717     -2.8060
    0.1497     -2.7865
    0.1377     -2.7670
    0.1407     -2.7475
    0.1534     -2.7280
    0.1647     -2.7085
    0.1674     -2.6890
    0.1625     -2.6695
    0.1561     -2.6500
    0.1533     -2.6305
    0.1557     -2.6110
    0.1625     -2.5915
    0.1691     -2.5720
    0.1686     -2.5525
    0.1587     -2.5330
    0.1453     -2.5135
    0.1391     -2.4940
    0.1445     -2.4745
    0.1562     -2.4550
    0.1670     -2.4355
    0.1744     -2.4160
    0.1781     -2.3965
    0.1762     -2.3770
    0.1673     -2.3575
    0.1530     -2.3380
    0.1359     -2.3185
    0.1176     -2.2990
    0.1007     -2.2795
    0.0890     -2.2600
    0.0854     -2.2405
    0.0896     -2.2210
    0.0975     -2.2015
    0.1037     -2.1820
    0.1063     -2.1625
    0.1073     -2.1430
    0.1085     -2.1235
    0.1080     -2.1040
    0.1048     -2.0845
    0.1013     -2.0650
    0.0999     -2.0455
    0.0994     -2.0260
    0.0972     -2.0065
    0.0925     -1.9870
    0.0867     -1.9675
    0.0807     -1.9480
    0.0743     -1.9285
    0.0673     -1.9090
    0.0618     -1.8895
    0.0613     -1.8700
    0.0665     -1.8505
    0.0739     -1.8310
    0.0788     -1.8115
    0.0791     -1.7920
    0.0751     -1.7725
    0.0675     -1.7530
    0.0585     -1.7335
    0.0508     -1.7140
    0.0475     -1.6945
    0.0512     -1.6750
    0.0627     -1.6555
    0.0772     -1.6360
    0.0849     -1.6165
    0.0797     -1.5970
    0.0647     -1.5775
    0.0485     -1.5580
    0.0386     -1.5385
    0.0388     -1.5190
    0.0502     -1.4995
    0.0705     -1.4800
    0.0920     -1.4605
    0.1033     -1.4410
    0.0995     -1.4215
    0.0865     -1.4020
    0.0754     -1.3825
    0.0705     -1.3630
    0.0668     -1.3435
    0.0594     -1.3240
    0.0528     -1.3045
    0.0555     -1.2850
    0.0707     -1.2655
    0.0923     -1.2460
    0.1063     -1.2265
    0.1021     -1.2070
    0.0837     -1.1875
    0.0665     -1.1680
    0.0623     -1.1485
    0.0741     -1.1290
    0.0995     -1.1095
    0.1300     -1.0900
    0.1545     -1.0705
    0.1686     -1.0510
    0.1754     -1.0315
    0.1746     -1.0120
    0.1640     -0.9925
    0.1531     -0.9730
    0.1609     -0.9535
    0.1944     -0.9340
    0.2409     -0.9145
    0.2837     -0.8950
    0.3114     -0.8755
    0.3108     -0.8560
    0.2758     -0.8365
    0.2285     -0.8170
    0.2052     -0.7975
    0.2098     -0.7780
    0.2083     -0.7585
    0.1744     -0.7390
    0.1232     -0.7195
    0.0955     -0.7000
    0.1272     -0.6805
    0.2276     -0.6610
    0.3617     -0.6415
    0.4610     -0.6220
    0.4902     -0.6025
    0.4964     -0.5830
    0.5547     -0.5635
    0.6656     -0.5440
    0.7415     -0.5245
    0.7076     -0.5050
    0.5969     -0.4855
    0.5231     -0.4660
    0.5634     -0.4465
    0.6890     -0.4270
    0.8104     -0.4075
    0.8556     -0.3880
    0.7959     -0.3685
    0.6439     -0.3490
    0.4600     -0.3295
    0.3332     -0.3100
    0.3173     -0.2905
    0.3835     -0.2710
    0.4504     -0.2515
    0.4687     -0.2320
    0.4690     -0.2125
    0.5092     -0.1930
    0.6034     -0.1735
    0.7428     -0.1540
    0.9531     -0.1345
    1.2416     -0.1150
    1.5041     -0.0955
    1.5831     -0.0760
    1.4280     -0.0565
    1.1549     -0.0370
    0.9558     -0.0175
    0.9418      0.0020
    1.0531      0.0215
    1.1409      0.0410
    1.1425      0.0605
    1.1290      0.0800
    1.1743      0.0995
    1.2519      0.1190
    1.3088      0.1385
    1.3777      0.1580
    1.5441      0.1775
    1.8031      0.1970
    2.0171      0.2165
    2.0503      0.2360
    1.9117      0.2555
    1.7268      0.2750
    1.5800      0.2945
    1.4475      0.3140
    1.3145      0.3335
    1.2717      0.3530
    1.3987      0.3725
    1.5976      0.3920
    1.6580      0.4115
    1.5060      0.4310
    1.3128      0.4505
    1.3237      0.4700
    1.6056      0.4895
    1.9638      0.5090
    2.1070      0.5285
    1.9019      0.5480
    1.4884      0.5675
    1.2056      0.5870
    1.4095      0.6065
    2.2243      0.6260
    3.3604      0.6455
    4.2421      0.6650
    4.4216      0.6845
    3.8714      0.7040
    2.9222      0.7235
    2.0012      0.7430
    1.3757      0.7625
    1.0595      0.7820
    0.9363      0.8015
    0.9218      0.8210
    0.9761      0.8405
    1.0263      0.8600
    0.9763      0.8795
    0.7970      0.8990
    0.5555      0.9185
    0.3541      0.9380
    0.2569      0.9575
    0.2633      0.9770
    0.3375      0.9965
    0.4626      1.0160
    0.6515      1.0355
    0.8952      1.0550
    1.1286      1.0745
    1.2756      1.0940
    1.3179      1.1135
    1.2890      1.1330
    1.2036      1.1525
    1.0396      1.1720
    0.8036      1.1915
    0.5620      1.2110
    0.3799      1.2305
    0.2708      1.2500
    0.2188      1.2695
    0.2148      1.2890
    0.2524      1.3085
    0.3007      1.3280
    0.3164      1.3475
    0.2995      1.3670
    0.3049      1.3865
    0.3839      1.4060
    0.5264      1.4255
    0.6636      1.4450
    0.7217      1.4645
    0.6883      1.4840
    0.6153      1.5035
    0.5512      1.5230
    0.5036      1.5425
    0.4830      1.5620
    0.5362      1.5815
    0.6935      1.6010
    0.9061      1.6205
    1.0848      1.6400
    1.1846      1.6595
    1.2190      1.6790
    1.2256      1.6985
    1.2462      1.7180
    1.2898      1.7375
    1.3071      1.7570
    1.2522      1.7765
    1.1426      1.7960
    1.0112      1.8155
    0.8576      1.8350
    0.6980      1.8545
    0.5996      1.8740
    0.6037      1.8935
    0.6511      1.9130
    0.6389      1.9325
    0.5394      1.9520
    0.4223      1.9715
    0.3837      1.9910
