    7.6448     -7.9875
    4.0039     -7.9670
    1.5291     -7.9465
    0.4209     -7.9260
    0.0832     -7.9055
    0.0118     -7.8850
    0.0012     -7.8645
    0.0001     -7.8440
    0.0000     -7.8235
    0.0000     -7.8030
    0.0000     -7.7825
    0.0000     -7.7620
    0.0000     -7.7415
    0.0000     -7.7210
    0.0000     -7.7005
    0.0000     -7.6800
    0.0000     -7.6595
    0.0000     -7.6390
    0.0000     -7.6185
    0.0000     -7.5980
    0.0000     -7.5775
    0.0000     -7.5570
    0.0000     -7.5365
    0.0000     -7.5160
    0.0000     -7.4955
    0.0000     -7.4750
    0.0000     -7.4545
    0.0000     -7.4340
    0.0000     -7.4135
    0.0000     -7.3930
    0.0000     -7.3725
    0.0000     -7.3520
    0.0000     -7.3315
    0.0000     -7.3110
    0.0000     -7.2905
    0.0000     -7.2700
    0.0000     -7.2495
    0.0000     -7.2290
    0.0000     -7.2085
    0.0000     -7.1880
    0.0000     -7.1675
    0.0000     -7.1470
    0.0000     -7.1265
    0.0000     -7.1060
    0.0000     -7.0855
    0.0000     -7.0650
    0.0000     -7.0445
    0.0000     -7.0240
    0.0000     -7.0035
    0.0000     -6.9830
    0.0000     -6.9625
    0.0000     -6.9420
    0.0000     -6.9215
    0.0000     -6.9010
    0.0000     -6.8805
    0.0000     -6.8600
    0.0000     -6.8395
    0.0000     -6.8190
    0.0000     -6.7985
    0.0000     -6.7780
    0.0000     -6.7575
    0.0000     -6.7370
    0.0000     -6.7165
    0.0000     -6.6960
    0.0000     -6.6755
    0.0000     -6.6550
    0.0000     -6.6345
    0.0000     -6.6140
    0.0000     -6.5935
    0.0000     -6.5730
    0.0000     -6.5525
    0.0000     -6.5320
    0.0000     -6.5115
    0.0000     -6.4910
    0.0000     -6.4705
    0.0000     -6.4500
    0.0000     -6.4295
    0.0000     -6.4090
    0.0000     -6.3885
    0.0000     -6.3680
    0.0000     -6.3475
    0.0000     -6.3270
    0.0000     -6.3065
    0.0000     -6.2860
    0.0000     -6.2655
    0.0000     -6.2450
    0.0000     -6.2245
    0.0000     -6.2040
    0.0000     -6.1835
    0.0000     -6.1630
    0.0000     -6.1425
    0.0000     -6.1220
    0.0000     -6.1015
    0.0000     -6.0810
    0.0000     -6.0605
    0.0000     -6.0400
    0.0000     -6.0195
    0.0000     -5.9990
    0.0000     -5.9785
    0.0000     -5.9580
    0.0000     -5.9375
    0.0000     -5.9170
    0.0000     -5.8965
    0.0000     -5.8760
    0.0000     -5.8555
    0.0000     -5.8350
    0.0000     -5.8145
    0.0000     -5.7940
    0.0000     -5.7735
    0.0000     -5.7530
    0.0000     -5.7325
    0.0000     -5.7120
    0.0000     -5.6915
    0.0000     -5.6710
    0.0000     -5.6505
    0.0000     -5.6300
    0.0000     -5.6095
    0.0000     -5.5890
    0.0000     -5.5685
    0.0000     -5.5480
    0.0000     -5.5275
    0.0000     -5.5070
    0.0000     -5.4865
    0.0000     -5.4660
    0.0000     -5.4455
    0.0000     -5.4250
    0.0000     -5.4045
    0.0000     -5.3840
    0.0000     -5.3635
    0.0000     -5.3430
    0.0000     -5.3225
    0.0000     -5.3020
    0.0000     -5.2815
    0.0000     -5.2610
    0.0000     -5.2405
    0.0000     -5.2200
    0.0000     -5.1995
    0.0000     -5.1790
    0.0000     -5.1585
    0.0000     -5.1380
    0.0000     -5.1175
    0.0000     -5.0970
    0.0000     -5.0765
    0.0000     -5.0560
    0.0000     -5.0355
    0.0000     -5.0150
    0.0000     -4.9945
    0.0000     -4.9740
    0.0000     -4.9535
    0.0000     -4.9330
    0.0000     -4.9125
    0.0001     -4.8920
    0.0002     -4.8715
    0.0007     -4.8510
    0.0016     -4.8305
    0.0027     -4.8100
    0.0035     -4.7895
    0.0037     -4.7690
    0.0035     -4.7485
    0.0032     -4.7280
    0.0033     -4.7075
    0.0043     -4.6870
    0.0107     -4.6665
    0.0514     -4.6460
    0.2556     -4.6255
    1.0136     -4.6050
    3.0285     -4.5845
    6.7688     -4.5640
   11.3797     -4.5435
   14.4949     -4.5230
   14.0376     -4.5025
   10.3123     -4.4820
    5.7069     -4.4615
    2.3628     -4.4410
    0.7349     -4.4205
    0.1813     -4.4000
    0.0452     -4.3795
    0.0177     -4.3590
    0.0100     -4.3385
    0.0057     -4.3180
    0.0027     -4.2975
    0.0010     -4.2770
    0.0003     -4.2565
    0.0001     -4.2360
    0.0000     -4.2155
    0.0000     -4.1950
    0.0000     -4.1745
    0.0000     -4.1540
    0.0000     -4.1335
    0.0000     -4.1130
    0.0000     -4.0925
    0.0000     -4.0720
    0.0000     -4.0515
    0.0000     -4.0310
    0.0000     -4.0105
    0.0000     -3.9900
    0.0000     -3.9695
    0.0000     -3.9490
    0.0000     -3.9285
    0.0000     -3.9080
    0.0000     -3.8875
    0.0000     -3.8670
    0.0000     -3.8465
    0.0000     -3.8260
    0.0000     -3.8055
    0.0000     -3.7850
    0.0000     -3.7645
    0.0000     -3.7440
    0.0000     -3.7235
    0.0000     -3.7030
    0.0000     -3.6825
    0.0000     -3.6620
    0.0000     -3.6415
    0.0000     -3.6210
    0.0000     -3.6005
    0.0000     -3.5800
    0.0000     -3.5595
    0.0000     -3.5390
    0.0000     -3.5185
    0.0000     -3.4980
    0.0000     -3.4775
    0.0000     -3.4570
    0.0000     -3.4365
    0.0000     -3.4160
    0.0000     -3.3955
    0.0000     -3.3750
    0.0000     -3.3545
    0.0000     -3.3340
    0.0000     -3.3135
    0.0000     -3.2930
    0.0000     -3.2725
    0.0000     -3.2520
    0.0000     -3.2315
    0.0000     -3.2110
    0.0000     -3.1905
    0.0000     -3.1700
    0.0000     -3.1495
    0.0000     -3.1290
    0.0000     -3.1085
    0.0000     -3.0880
    0.0000     -3.0675
    0.0000     -3.0470
    0.0000     -3.0265
    0.0000     -3.0060
    0.0000     -2.9855
    0.0000     -2.9650
    0.0000     -2.9445
    0.0000     -2.9240
    0.0000     -2.9035
    0.0000     -2.8830
    0.0000     -2.8625
    0.0000     -2.8420
    0.0000     -2.8215
    0.0000     -2.8010
    0.0000     -2.7805
    0.0000     -2.7600
    0.0000     -2.7395
    0.0000     -2.7190
    0.0000     -2.6985
    0.0000     -2.6780
    0.0000     -2.6575
    0.0000     -2.6370
    0.0000     -2.6165
    0.0000     -2.5960
    0.0000     -2.5755
    0.0000     -2.5550
    0.0000     -2.5345
    0.0000     -2.5140
    0.0000     -2.4935
    0.0000     -2.4730
    0.0000     -2.4525
    0.0000     -2.4320
    0.0000     -2.4115
    0.0000     -2.3910
    0.0000     -2.3705
    0.0000     -2.3500
    0.0000     -2.3295
    0.0000     -2.3090
    0.0000     -2.2885
    0.0000     -2.2680
    0.0000     -2.2475
    0.0000     -2.2270
    0.0000     -2.2065
    0.0000     -2.1860
    0.0000     -2.1655
    0.0000     -2.1450
    0.0000     -2.1245
    0.0000     -2.1040
    0.0000     -2.0835
    0.0000     -2.0630
    0.0000     -2.0425
    0.0000     -2.0220
    0.0000     -2.0015
    0.0000     -1.9810
    0.0000     -1.9605
    0.0000     -1.9400
    0.0000     -1.9195
    0.0000     -1.8990
    0.0000     -1.8785
    0.0000     -1.8580
    0.0000     -1.8375
    0.0000     -1.8170
    0.0000     -1.7965
    0.0000     -1.7760
    0.0000     -1.7555
    0.0000     -1.7350
    0.0000     -1.7145
    0.0000     -1.6940
    0.0000     -1.6735
    0.0000     -1.6530
    0.0000     -1.6325
    0.0000     -1.6120
    0.0000     -1.5915
    0.0000     -1.5710
    0.0000     -1.5505
    0.0000     -1.5300
    0.0000     -1.5095
    0.0000     -1.4890
    0.0000     -1.4685
    0.0000     -1.4480
    0.0000     -1.4275
    0.0000     -1.4070
    0.0000     -1.3865
    0.0000     -1.3660
    0.0000     -1.3455
    0.0000     -1.3250
    0.0000     -1.3045
    0.0000     -1.2840
    0.0000     -1.2635
    0.0000     -1.2430
    0.0000     -1.2225
    0.0000     -1.2020
    0.0000     -1.1815
    0.0000     -1.1610
    0.0000     -1.1405
    0.0000     -1.1200
    0.0000     -1.0995
    0.0000     -1.0790
    0.0000     -1.0585
    0.0000     -1.0380
    0.0000     -1.0175
    0.0000     -0.9970
    0.0000     -0.9765
    0.0000     -0.9560
    0.0000     -0.9355
    0.0000     -0.9150
    0.0000     -0.8945
    0.0000     -0.8740
    0.0000     -0.8535
    0.0000     -0.8330
    0.0000     -0.8125
    0.0000     -0.7920
    0.0000     -0.7715
    0.0000     -0.7510
    0.0000     -0.7305
    0.0000     -0.7100
    0.0000     -0.6895
    0.0000     -0.6690
    0.0000     -0.6485
    0.0000     -0.6280
    0.0000     -0.6075
    0.0000     -0.5870
    0.0000     -0.5665
    0.0000     -0.5460
    0.0000     -0.5255
    0.0000     -0.5050
    0.0000     -0.4845
    0.0000     -0.4640
    0.0000     -0.4435
    0.0000     -0.4230
    0.0000     -0.4025
    0.0000     -0.3820
    0.0000     -0.3615
    0.0000     -0.3410
    0.0000     -0.3205
    0.0000     -0.3000
    0.0000     -0.2795
    0.0000     -0.2590
    0.0000     -0.2385
    0.0000     -0.2180
    0.0000     -0.1975
    0.0000     -0.1770
    0.0000     -0.1565
    0.0000     -0.1360
    0.0000     -0.1155
    0.0000     -0.0950
    0.0000     -0.0745
    0.0000     -0.0540
    0.0000     -0.0335
    0.0000     -0.0130
    0.0000      0.0075
    0.0000      0.0280
    0.0000      0.0485
    0.0000      0.0690
    0.0000      0.0895
    0.0000      0.1100
    0.0000      0.1305
    0.0000      0.1510
    0.0000      0.1715
    0.0000      0.1920
    0.0000      0.2125
    0.0000      0.2330
    0.0000      0.2535
    0.0000      0.2740
    0.0000      0.2945
    0.0000      0.3150
    0.0000      0.3355
    0.0001      0.3560
    0.0003      0.3765
    0.0008      0.3970
    0.0013      0.4175
    0.0016      0.4380
    0.0017      0.4585
    0.0016      0.4790
    0.0015      0.4995
    0.0015      0.5200
    0.0017      0.5405
    0.0022      0.5610
    0.0032      0.5815
    0.0052      0.6020
    0.0082      0.6225
    0.0108      0.6430
    0.0109      0.6635
    0.0083      0.6840
    0.0051      0.7045
    0.0033      0.7250
    0.0032      0.7455
    0.0042      0.7660
    0.0055      0.7865
    0.0066      0.8070
    0.0071      0.8275
    0.0072      0.8480
    0.0068      0.8685
    0.0061      0.8890
    0.0049      0.9095
    0.0035      0.9300
    0.0021      0.9505
    0.0010      0.9710
    0.0004      0.9915
    0.0001      1.0120
    0.0000      1.0325
    0.0000      1.0530
    0.0000      1.0735
    0.0002      1.0940
    0.0007      1.1145
    0.0019      1.1350
    0.0041      1.1555
    0.0068      1.1760
    0.0085      1.1965
    0.0081      1.2170
    0.0060      1.2375
    0.0045      1.2580
    0.0046      1.2785
    0.0058      1.2990
    0.0067      1.3195
    0.0064      1.3400
    0.0055      1.3605
    0.0047      1.3810
    0.0044      1.4015
    0.0041      1.4220
    0.0035      1.4425
    0.0025      1.4630
    0.0015      1.4835
    0.0007      1.5040
    0.0002      1.5245
    0.0002      1.5450
    0.0006      1.5655
    0.0019      1.5860
    0.0041      1.6065
    0.0067      1.6270
    0.0082      1.6475
    0.0077      1.6680
    0.0058      1.6885
    0.0038      1.7090
    0.0027      1.7295
    0.0028      1.7500
    0.0036      1.7705
    0.0046      1.7910
    0.0051      1.8115
    0.0044      1.8320
    0.0029      1.8525
    0.0014      1.8730
    0.0005      1.8935
    0.0001      1.9140
    0.0000      1.9345
    0.0000      1.9550
    0.0000      1.9755
    0.0001      1.9960
