    0.0151     -7.9875
    0.0185     -7.9670
    0.0165     -7.9465
    0.0109     -7.9260
    0.0063     -7.9055
    0.0064     -7.8850
    0.0134     -7.8645
    0.0262     -7.8440
    0.0383     -7.8235
    0.0411     -7.8030
    0.0342     -7.7825
    0.0271     -7.7620
    0.0290     -7.7415
    0.0381     -7.7210
    0.0429     -7.7005
    0.0363     -7.6800
    0.0235     -7.6595
    0.0150     -7.6390
    0.0163     -7.6185
    0.0279     -7.5980
    0.0470     -7.5775
    0.0668     -7.5570
    0.0774     -7.5365
    0.0764     -7.5160
    0.0731     -7.4955
    0.0800     -7.4750
    0.1009     -7.4545
    0.1301     -7.4340
    0.1564     -7.4135
    0.1644     -7.3930
    0.1448     -7.3725
    0.1113     -7.3520
    0.0976     -7.3315
    0.1253     -7.3110
    0.1744     -7.2905
    0.1953     -7.2700
    0.1631     -7.2495
    0.1070     -7.2290
    0.0725     -7.2085
    0.0725     -7.1880
    0.0849     -7.1675
    0.0831     -7.1470
    0.0638     -7.1265
    0.0514     -7.1060
    0.0803     -7.0855
    0.1698     -7.0650
    0.2940     -7.0445
    0.3810     -7.0240
    0.3804     -7.0035
    0.3214     -6.9830
    0.2668     -6.9625
    0.2388     -6.9420
    0.2257     -6.9215
    0.2282     -6.9010
    0.2560     -6.8805
    0.2861     -6.8600
    0.2739     -6.8395
    0.2190     -6.8190
    0.1713     -6.7985
    0.1578     -6.7780
    0.1522     -6.7575
    0.1309     -6.7370
    0.1218     -6.7165
    0.1838     -6.6960
    0.3413     -6.6755
    0.5354     -6.6550
    0.6590     -6.6345
    0.6634     -6.6140
    0.5971     -6.5935
    0.5338     -6.5730
    0.5074     -6.5525
    0.5025     -6.5320
    0.4687     -6.5115
    0.3771     -6.4910
    0.2659     -6.4705
    0.1922     -6.4500
    0.1604     -6.4295
    0.1406     -6.4090
    0.1231     -6.3885
    0.1152     -6.3680
    0.1159     -6.3475
    0.1254     -6.3270
    0.1545     -6.3065
    0.1959     -6.2860
    0.2118     -6.2655
    0.1803     -6.2450
    0.1297     -6.2245
    0.0996     -6.2040
    0.0939     -6.1835
    0.0927     -6.1630
    0.0887     -6.1425
    0.0869     -6.1220
    0.0855     -6.1015
    0.0808     -6.0810
    0.0827     -6.0605
    0.1033     -6.0400
    0.1346     -6.0195
    0.1549     -5.9990
    0.1524     -5.9785
    0.1312     -5.9580
    0.0989     -5.9375
    0.0646     -5.9170
    0.0418     -5.8965
    0.0413     -5.8760
    0.0610     -5.8555
    0.0853     -5.8350
    0.0978     -5.8145
    0.0938     -5.7940
    0.0804     -5.7735
    0.0704     -5.7530
    0.0782     -5.7325
    0.1066     -5.7120
    0.1367     -5.6915
    0.1408     -5.6710
    0.1119     -5.6505
    0.0705     -5.6300
    0.0395     -5.6095
    0.0285     -5.5890
    0.0402     -5.5685
    0.0753     -5.5480
    0.1206     -5.5275
    0.1480     -5.5070
    0.1410     -5.4865
    0.1131     -5.4660
    0.0872     -5.4455
    0.0723     -5.4250
    0.0677     -5.4045
    0.0728     -5.3840
    0.0846     -5.3635
    0.0997     -5.3430
    0.1194     -5.3225
    0.1431     -5.3020
    0.1622     -5.2815
    0.1652     -5.2610
    0.1490     -5.2405
    0.1203     -5.2200
    0.0903     -5.1995
    0.0684     -5.1790
    0.0594     -5.1585
    0.0636     -5.1380
    0.0776     -5.1175
    0.0954     -5.0970
    0.1112     -5.0765
    0.1231     -5.0560
    0.1296     -5.0355
    0.1264     -5.0150
    0.1166     -4.9945
    0.1154     -4.9740
    0.1355     -4.9535
    0.1723     -4.9330
    0.2059     -4.9125
    0.2159     -4.8920
    0.1978     -4.8715
    0.1656     -4.8510
    0.1406     -4.8305
    0.1378     -4.8100
    0.1591     -4.7895
    0.1916     -4.7690
    0.2156     -4.7485
    0.2213     -4.7280
    0.2165     -4.7075
    0.2125     -4.6870
    0.2083     -4.6665
    0.1997     -4.6460
    0.1926     -4.6255
    0.1937     -4.6050
    0.1970     -4.5845
    0.1923     -4.5640
    0.1797     -4.5435
    0.1716     -4.5230
    0.1793     -4.5025
    0.2040     -4.4820
    0.2371     -4.4615
    0.2652     -4.4410
    0.2816     -4.4205
    0.2939     -4.4000
    0.3098     -4.3795
    0.3218     -4.3590
    0.3223     -4.3385
    0.3244     -4.3180
    0.3473     -4.2975
    0.3876     -4.2770
    0.4180     -4.2565
    0.4146     -4.2360
    0.3794     -4.2155
    0.3382     -4.1950
    0.3194     -4.1745
    0.3297     -4.1540
    0.3460     -4.1335
    0.3390     -4.1130
    0.3082     -4.0925
    0.2814     -4.0720
    0.2811     -4.0515
    0.3043     -4.0310
    0.3322     -4.0105
    0.3442     -3.9900
    0.3266     -3.9695
    0.2846     -3.9490
    0.2435     -3.9285
    0.2229     -3.9080
    0.2183     -3.8875
    0.2147     -3.8670
    0.2081     -3.8465
    0.2048     -3.8260
    0.2106     -3.8055
    0.2264     -3.7850
    0.2481     -3.7645
    0.2681     -3.7440
    0.2810     -3.7235
    0.2852     -3.7030
    0.2795     -3.6825
    0.2633     -3.6620
    0.2396     -3.6415
    0.2134     -3.6210
    0.1891     -3.6005
    0.1735     -3.5800
    0.1727     -3.5595
    0.1842     -3.5390
    0.1972     -3.5185
    0.2021     -3.4980
    0.1956     -3.4775
    0.1798     -3.4570
    0.1620     -3.4365
    0.1525     -3.4160
    0.1533     -3.3955
    0.1553     -3.3750
    0.1513     -3.3545
    0.1438     -3.3340
    0.1387     -3.3135
    0.1401     -3.2930
    0.1506     -3.2725
    0.1679     -3.2520
    0.1840     -3.2315
    0.1920     -3.2110
    0.1934     -3.1905
    0.1970     -3.1700
    0.2105     -3.1495
    0.2331     -3.1290
    0.2564     -3.1085
    0.2727     -3.0880
    0.2829     -3.0675
    0.2951     -3.0470
    0.3149     -3.0265
    0.3357     -3.0060
    0.3463     -2.9855
    0.3444     -2.9650
    0.3405     -2.9445
    0.3458     -2.9240
    0.3582     -2.9035
    0.3666     -2.8830
    0.3646     -2.8625
    0.3552     -2.8420
    0.3428     -2.8215
    0.3278     -2.8010
    0.3093     -2.7805
    0.2918     -2.7600
    0.2859     -2.7395
    0.2988     -2.7190
    0.3295     -2.6985
    0.3680     -2.6780
    0.3965     -2.6575
    0.4001     -2.6370
    0.3828     -2.6165
    0.3643     -2.5960
    0.3557     -2.5755
    0.3525     -2.5550
    0.3456     -2.5345
    0.3292     -2.5140
    0.3029     -2.4935
    0.2719     -2.4730
    0.2423     -2.4525
    0.2163     -2.4320
    0.1967     -2.4115
    0.1881     -2.3910
    0.1912     -2.3705
    0.2012     -2.3500
    0.2106     -2.3295
    0.2131     -2.3090
    0.2062     -2.2885
    0.1924     -2.2680
    0.1774     -2.2475
    0.1678     -2.2270
    0.1695     -2.2065
    0.1860     -2.1860
    0.2133     -2.1655
    0.2376     -2.1450
    0.2445     -2.1245
    0.2318     -2.1040
    0.2088     -2.0835
    0.1849     -2.0630
    0.1644     -2.0425
    0.1478     -2.0220
    0.1350     -2.0015
    0.1261     -1.9810
    0.1219     -1.9605
    0.1229     -1.9400
    0.1278     -1.9195
    0.1338     -1.8990
    0.1376     -1.8785
    0.1363     -1.8580
    0.1291     -1.8375
    0.1188     -1.8170
    0.1086     -1.7965
    0.1011     -1.7760
    0.0982     -1.7555
    0.0999     -1.7350
    0.1033     -1.7145
    0.1049     -1.6940
    0.1029     -1.6735
    0.0978     -1.6530
    0.0901     -1.6325
    0.0812     -1.6120
    0.0738     -1.5915
    0.0710     -1.5710
    0.0720     -1.5505
    0.0714     -1.5300
    0.0640     -1.5095
    0.0512     -1.4890
    0.0401     -1.4685
    0.0382     -1.4480
    0.0460     -1.4275
    0.0564     -1.4070
    0.0627     -1.3865
    0.0668     -1.3660
    0.0755     -1.3455
    0.0915     -1.3250
    0.1106     -1.3045
    0.1273     -1.2840
    0.1388     -1.2635
    0.1434     -1.2430
    0.1363     -1.2225
    0.1141     -1.2020
    0.0844     -1.1815
    0.0624     -1.1610
    0.0571     -1.1405
    0.0662     -1.1200
    0.0820     -1.0995
    0.0968     -1.0790
    0.1084     -1.0585
    0.1207     -1.0380
    0.1420     -1.0175
    0.1755     -0.9970
    0.2100     -0.9765
    0.2295     -0.9560
    0.2403     -0.9355
    0.2660     -0.9150
    0.3077     -0.8945
    0.3374     -0.8740
    0.3357     -0.8535
    0.3040     -0.8330
    0.2531     -0.8125
    0.2051     -0.7920
    0.1866     -0.7715
    0.2042     -0.7510
    0.2437     -0.7305
    0.2949     -0.7100
    0.3639     -0.6895
    0.4543     -0.6690
    0.5283     -0.6485
    0.5211     -0.6280
    0.4292     -0.6075
    0.3400     -0.5870
    0.3309     -0.5665
    0.3817     -0.5460
    0.4172     -0.5255
    0.4083     -0.5050
    0.3879     -0.4845
    0.3821     -0.4640
    0.3862     -0.4435
    0.4012     -0.4230
    0.4299     -0.4025
    0.4461     -0.3820
    0.4280     -0.3615
    0.4062     -0.3410
    0.4206     -0.3205
    0.4577     -0.3000
    0.4886     -0.2795
    0.5212     -0.2590
    0.5689     -0.2385
    0.6264     -0.2180
    0.7032     -0.1975
    0.8119     -0.1770
    0.9051     -0.1565
    0.9007     -0.1360
    0.7946     -0.1155
    0.6840     -0.0950
    0.6560     -0.0745
    0.7008     -0.0540
    0.7519     -0.0335
    0.7615     -0.0130
    0.7162      0.0075
    0.6250      0.0280
    0.5196      0.0485
    0.4412      0.0690
    0.4107      0.0895
    0.4124      0.1100
    0.4119      0.1305
    0.3954      0.1510
    0.3773      0.1715
    0.3713      0.1920
    0.3824      0.2125
    0.4118      0.2330
    0.4402      0.2535
    0.4380      0.2740
    0.4040      0.2945
    0.3657      0.3150
    0.3371      0.3355
    0.3079      0.3560
    0.2807      0.3765
    0.2942      0.3970
    0.3880      0.4175
    0.5485      0.4380
    0.6993      0.4585
    0.7615      0.4790
    0.7307      0.4995
    0.6610      0.5200
    0.5781      0.5405
    0.4657      0.5610
    0.3312      0.5815
    0.2200      0.6020
    0.1621      0.6225
    0.1468      0.6430
    0.1564      0.6635
    0.1842      0.6840
    0.2135      0.7045
    0.2181      0.7250
    0.2041      0.7455
    0.2182      0.7660
    0.2886      0.7865
    0.3733      0.8070
    0.4011      0.8275
    0.3641      0.8480
    0.3227      0.8685
    0.3141      0.8890
    0.3137      0.9095
    0.2993      0.9300
    0.3071      0.9505
    0.3947      0.9710
    0.5638      0.9915
    0.7315      1.0120
    0.7857      1.0325
    0.6949      1.0530
    0.5639      1.0735
    0.5361      1.0940
    0.6425      1.1145
    0.7910      1.1350
    0.8758      1.1555
    0.8642      1.1760
    0.8204      1.1965
    0.8565      1.2170
    0.9944      1.2375
    1.1021      1.2580
    1.0407      1.2785
    0.8307      1.2990
    0.6094      1.3195
    0.4813      1.3400
    0.4634      1.3605
    0.5097      1.3810
    0.5415      1.4015
    0.5010      1.4220
    0.4088      1.4425
    0.3286      1.4630
    0.2799      1.4835
    0.2332      1.5040
    0.1765      1.5245
    0.1381      1.5450
    0.1501      1.5655
    0.2152      1.5860
    0.3010      1.6065
    0.3703      1.6270
    0.4247      1.6475
    0.4837      1.6680
    0.5217      1.6885
    0.4903      1.7090
    0.3939      1.7295
    0.2818      1.7500
    0.1931      1.7705
    0.1458      1.7910
    0.1421      1.8115
    0.1629      1.8320
    0.1870      1.8525
    0.2173      1.8730
    0.2655      1.8935
    0.3191      1.9140
    0.3539      1.9345
    0.3657      1.9550
    0.3679      1.9755
    0.3735      1.9960
