    0.0000     -7.9760
    0.0000     -7.9440
    0.0000     -7.9120
    0.0000     -7.8800
    0.0000     -7.8480
    0.0000     -7.8160
    0.0000     -7.7840
    0.0000     -7.7520
    0.0000     -7.7200
    0.0000     -7.6880
    0.0000     -7.6560
    0.0000     -7.6240
    0.0000     -7.5920
    0.0000     -7.5600
    0.0000     -7.5280
    0.0000     -7.4960
    0.0000     -7.4640
    0.0000     -7.4320
    0.0000     -7.4000
    0.0000     -7.3680
    0.0000     -7.3360
    0.0001     -7.3040
    0.0013     -7.2720
    0.0142     -7.2400
    0.0813     -7.2080
    0.2774     -7.1760
    0.5594     -7.1440
    0.6281     -7.1120
    0.5544     -7.0800
    0.7527     -7.0480
    0.9577     -7.0160
    0.7768     -6.9840
    0.4078     -6.9520
    0.4315     -6.9200
    0.9623     -6.8880
    1.2036     -6.8560
    0.9187     -6.8240
    0.7133     -6.7920
    0.4871     -6.7600
    0.4074     -6.7280
    0.9321     -6.6960
    1.7141     -6.6640
    2.5875     -6.6320
    6.4636     -6.6000
   13.9194     -6.5680
   14.8891     -6.5360
    7.4868     -6.5040
    2.3965     -6.4720
    2.2058     -6.4400
    4.2713     -6.4080
    5.7477     -6.3760
    4.4045     -6.3440
    1.8679     -6.3120
    0.8999     -6.2800
    1.6204     -6.2480
    2.5030     -6.2160
    2.5725     -6.1840
    2.5086     -6.1520
    3.1671     -6.1200
    5.4398     -6.0880
    8.5852     -6.0560
   10.9886     -6.0240
   13.7134     -5.9920
   17.5320     -5.9600
   22.2204     -5.9280
   28.6575     -5.8960
   33.8003     -5.8640
   34.7153     -5.8320
   34.4323     -5.8000
   34.2211     -5.7680
   33.5366     -5.7360
   36.8329     -5.7040
   43.7488     -5.6720
   47.2592     -5.6400
   47.4622     -5.6080
   48.6149     -5.5760
   49.2217     -5.5440
   47.9862     -5.5120
   46.0952     -5.4800
   43.6961     -5.4480
   40.0030     -5.4160
   36.4313     -5.3840
   35.4078     -5.3520
   34.1223     -5.3200
   34.2079     -5.2880
   38.7958     -5.2560
   44.1164     -5.2240
   47.4365     -5.1920
   49.1472     -5.1600
   49.2599     -5.1280
   48.5062     -5.0960
   46.9938     -5.0640
   45.0259     -5.0320
   41.7336     -5.0000
   38.8245     -4.9680
   38.6149     -4.9360
   40.1368     -4.9040
   40.6843     -4.8720
   40.6982     -4.8400
   42.3653     -4.8080
   44.4439     -4.7760
   45.4723     -4.7440
   45.2390     -4.7120
   44.5375     -4.6800
   46.0898     -4.6480
   52.1365     -4.6160
   60.4439     -4.5840
   66.9217     -4.5520
   72.5069     -4.5200
   78.2632     -4.4880
   81.1632     -4.4560
   78.9468     -4.4240
   71.2237     -4.3920
   61.2619     -4.3600
   54.0305     -4.3280
   53.0536     -4.2960
   54.7854     -4.2640
   52.2660     -4.2320
   46.4431     -4.2000
   42.6147     -4.1680
   42.7316     -4.1360
   47.2255     -4.1040
   52.1009     -4.0720
   55.2401     -4.0400
   59.0329     -4.0080
   60.5163     -3.9760
   59.3958     -3.9440
   60.6239     -3.9120
   61.9529     -3.8800
   60.0580     -3.8480
   59.3723     -3.8160
   60.4525     -3.7840
   57.9618     -3.7520
   54.6855     -3.7200
   58.0435     -3.6880
   65.5360     -3.6560
   68.4377     -3.6240
   66.4871     -3.5920
   61.6640     -3.5600
   56.2089     -3.5280
   55.6553     -3.4960
   58.6575     -3.4640
   59.4634     -3.4320
   58.8428     -3.4000
   59.4355     -3.3680
   61.2292     -3.3360
   63.5002     -3.3040
   62.0059     -3.2720
   56.1782     -3.2400
   55.3521     -3.2080
   62.8234     -3.1760
   71.2303     -3.1440
   77.3933     -3.1120
   81.0763     -3.0800
   78.6665     -3.0480
   67.9440     -3.0160
   55.1115     -2.9840
   46.9123     -2.9520
   40.6846     -2.9200
   30.5202     -2.8880
   20.0206     -2.8560
   13.6845     -2.8240
    9.0900     -2.7920
    5.7955     -2.7600
    3.7980     -2.7280
    2.2987     -2.6960
    1.3054     -2.6640
    0.8439     -2.6320
    1.1448     -2.6000
    2.0697     -2.5680
    3.3205     -2.5360
    5.6572     -2.5040
    7.6670     -2.4720
    7.3222     -2.4400
    5.3212     -2.4080
    3.4662     -2.3760
    2.6931     -2.3440
    2.7736     -2.3120
    2.7002     -2.2800
    1.6799     -2.2480
    0.8950     -2.2160
    1.1511     -2.1840
    1.7169     -2.1520
    1.8996     -2.1200
    1.9565     -2.0880
    1.9561     -2.0560
    1.9542     -2.0240
    2.4427     -1.9920
    3.3345     -1.9600
    4.8269     -1.9280
    6.5623     -1.8960
    6.9808     -1.8640
    5.2919     -1.8320
    3.2066     -1.8000
    2.4318     -1.7680
    2.6345     -1.7360
    2.7307     -1.7040
    2.8935     -1.6720
    3.2083     -1.6400
    2.4787     -1.6080
    1.0516     -1.5760
    0.3290     -1.5440
    0.4866     -1.5120
    1.0772     -1.4800
    1.7097     -1.4480
    2.2430     -1.4160
    3.1421     -1.3840
    4.3400     -1.3520
    4.1616     -1.3200
    3.3879     -1.2880
    4.7116     -1.2560
    6.2820     -1.2240
    4.9218     -1.1920
    2.4905     -1.1600
    1.4404     -1.1280
    1.6224     -1.0960
    2.5029     -1.0640
    3.3187     -1.0320
    3.1963     -1.0000
    2.9146     -0.9680
    3.0700     -0.9360
    3.0884     -0.9040
    3.0285     -0.8720
    2.6981     -0.8400
    2.0535     -0.8080
    2.3265     -0.7760
    4.4157     -0.7440
    7.0120     -0.7120
    6.7478     -0.6800
    4.4374     -0.6480
    3.4830     -0.6160
    3.3614     -0.5840
    3.5004     -0.5520
    3.6175     -0.5200
    3.2701     -0.4880
    2.7716     -0.4560
    2.9042     -0.4240
    4.2073     -0.3920
    5.2471     -0.3600
    5.1723     -0.3280
    5.1951     -0.2960
    5.6414     -0.2640
    6.3800     -0.2320
    6.3371     -0.2000
    4.9810     -0.1680
    3.7476     -0.1360
    2.8683     -0.1040
    2.1967     -0.0720
    2.5641     -0.0400
    3.6601     -0.0080
    4.1018      0.0240
    3.8762      0.0560
    3.9429      0.0880
    3.8831      0.1200
    2.9648      0.1520
    2.4166      0.1840
    2.6094      0.2160
    2.8876      0.2480
    2.9634      0.2800
    2.7537      0.3120
    3.3773      0.3440
    5.3114      0.3760
    6.4875      0.4080
    5.5789      0.4400
    4.3524      0.4720
    3.9358      0.5040
    3.6919      0.5360
    3.8137      0.5680
    4.4223      0.6000
    4.4006      0.6320
    3.8142      0.6640
    3.4178      0.6960
    3.1207      0.7280
    3.6856      0.7600
    4.2171      0.7920
    3.5333      0.8240
    2.7771      0.8560
    3.4049      0.8880
    4.6790      0.9200
    4.4244      0.9520
    3.0564      0.9840
    3.3380      1.0160
    4.9713      1.0480
    5.7817      1.0800
    5.7310      1.1120
    5.5139      1.1440
    5.0515      1.1760
    4.7003      1.2080
    3.9381      1.2400
    2.6807      1.2720
    2.0558      1.3040
    2.9323      1.3360
    4.2864      1.3680
    4.1739      1.4000
    3.1179      1.4320
    2.6322      1.4640
    3.0180      1.4960
    3.6662      1.5280
    3.8006      1.5600
    3.5522      1.5920
    3.5491      1.6240
    3.4831      1.6560
    3.0990      1.6880
    2.6416      1.7200
    2.7053      1.7520
    3.3052      1.7840
    3.3385      1.8160
    3.1400      1.8480
    3.2588      1.8800
    3.1813      1.9120
    3.4885      1.9440
    4.0953      1.9760
