    0.4435     -8.0000
    0.2992     -7.9800
    0.3240     -7.9600
    0.5876     -7.9400
    0.9909     -7.9200
    1.2954     -7.9000
    1.3566     -7.8800
    1.3079     -7.8600
    1.3377     -7.8400
    1.3667     -7.8200
    1.1791     -7.8000
    0.7784     -7.7800
    0.3859     -7.7600
    0.1711     -7.7400
    0.1566     -7.7200
    0.2980     -7.7000
    0.5113     -7.6800
    0.6694     -7.6600
    0.7089     -7.6400
    0.7483     -7.6200
    1.0005     -7.6000
    1.5230     -7.5800
    2.0874     -7.5600
    2.3544     -7.5400
    2.2124     -7.5200
    1.9059     -7.5000
    1.7986     -7.4800
    2.0128     -7.4600
    2.2931     -7.4400
    2.2390     -7.4200
    1.7210     -7.4000
    1.0286     -7.3800
    0.5731     -7.3600
    0.5692     -7.3400
    0.9793     -7.3200
    1.5469     -7.3000
    1.9050     -7.2800
    1.8835     -7.2600
    1.7064     -7.2400
    1.7269     -7.2200
    2.0118     -7.2000
    2.3215     -7.1800
    2.4372     -7.1600
    2.3499     -7.1400
    2.2024     -7.1200
    2.2099     -7.1000
    2.5113     -7.0800
    2.9264     -7.0600
    3.0064     -7.0400
    2.5056     -7.0200
    1.6994     -7.0000
    1.0994     -6.9800
    0.9553     -6.9600
    1.1213     -6.9400
    1.2895     -6.9200
    1.2932     -6.9000
    1.2600     -6.8800
    1.4970     -6.8600
    2.2336     -6.8400
    3.4454     -6.8200
    4.7729     -6.8000
    5.6097     -6.7800
    5.5005     -6.7600
    4.5402     -6.7400
    3.3145     -6.7200
    2.4805     -6.7000
    2.4030     -6.6800
    3.0343     -6.6600
    4.0495     -6.6400
    5.1052     -6.6200
    5.9472     -6.6000
    6.4368     -6.5800
    6.7261     -6.5600
    7.2765     -6.5400
    8.4245     -6.5200
    9.9611     -6.5000
   11.2371     -6.4800
   11.7053     -6.4600
   11.4557     -6.4400
   11.2069     -6.4200
   11.5187     -6.4000
   12.0297     -6.3800
   11.9472     -6.3600
   11.2513     -6.3400
   10.8289     -6.3200
   11.3744     -6.3000
   12.5362     -6.2800
   13.4047     -6.2600
   13.8520     -6.2400
   14.9276     -6.2200
   17.5027     -6.2000
   20.7834     -6.1800
   22.8327     -6.1600
   22.6228     -6.1400
   20.9087     -6.1200
   19.1337     -6.1000
   18.2427     -6.0800
   18.4103     -6.0600
   19.2302     -6.0400
   20.0123     -6.0200
   20.0937     -6.0000
   19.3452     -5.9800
   18.5878     -5.9600
   18.8563     -5.9400
   20.0305     -5.9200
   21.0259     -5.9000
   21.3296     -5.8800
   21.3955     -5.8600
   21.7623     -5.8400
   22.5472     -5.8200
   23.4798     -5.8000
   24.1593     -5.7800
   24.6885     -5.7600
   25.7896     -5.7400
   27.7116     -5.7200
   29.5603     -5.7000
   30.2532     -5.6800
   29.5959     -5.6600
   28.1078     -5.6400
   26.1954     -5.6200
   23.8749     -5.6000
   21.3358     -5.5800
   19.2922     -5.5600
   18.4481     -5.5400
   18.9717     -5.5200
   20.5285     -5.5000
   22.4902     -5.4800
   24.1815     -5.4600
   25.0373     -5.4400
   24.8302     -5.4200
   24.0285     -5.4000
   23.3933     -5.3800
   23.1357     -5.3600
   23.1414     -5.3400
   23.5692     -5.3200
   24.3100     -5.3000
   24.4312     -5.2800
   23.1230     -5.2600
   20.7990     -5.2400
   18.6127     -5.2200
   17.2117     -5.2000
   16.4949     -5.1800
   16.4332     -5.1600
   17.4128     -5.1400
   19.4951     -5.1200
   21.9454     -5.1000
   23.8603     -5.0800
   24.9534     -5.0600
   25.7198     -5.0400
   26.8843     -5.0200
   28.4630     -5.0000
   29.7413     -4.9800
   30.2710     -4.9600
   30.1364     -4.9400
   29.4522     -4.9200
   28.3415     -4.9000
   27.0739     -4.8800
   25.9010     -4.8600
   25.1411     -4.8400
   25.4018     -4.8200
   27.0826     -4.8000
   29.6322     -4.7800
   31.9867     -4.7600
   33.7575     -4.7400
   35.2676     -4.7200
   36.4160     -4.7000
   36.3180     -4.6800
   34.3059     -4.6600
   30.8753     -4.6400
   27.4977     -4.6200
   25.5526     -4.6000
   25.3121     -4.5800
   25.6954     -4.5600
   25.0528     -4.5400
   22.7581     -4.5200
   20.0074     -4.5000
   18.4633     -4.4800
   18.6743     -4.4600
   20.4216     -4.4400
   23.4311     -4.4200
   26.8840     -4.4000
   29.3990     -4.3800
   30.4009     -4.3600
   30.8125     -4.3400
   32.0011     -4.3200
   34.4775     -4.3000
   37.7302     -4.2800
   40.9843     -4.2600
   43.6094     -4.2400
   44.8361     -4.2200
   44.1210     -4.2000
   42.2750     -4.1800
   41.3205     -4.1600
   42.5727     -4.1400
   45.3247     -4.1200
   47.7771     -4.1000
   48.8689     -4.0800
   48.8827     -4.0600
   48.6008     -4.0400
   48.3356     -4.0200
   47.8694     -4.0000
   47.3304     -3.9800
   47.6788     -3.9600
   49.6205     -3.9400
   52.3720     -3.9200
   54.1403     -3.9000
   53.5039     -3.8800
   50.1482     -3.8600
   44.9273     -3.8400
   39.5206     -3.8200
   35.5682     -3.8000
   33.8314     -3.7800
   34.0627     -3.7600
   35.5328     -3.7400
   37.7454     -3.7200
   40.4470     -3.7000
   42.7634     -3.6800
   43.1890     -3.6600
   41.1569     -3.6400
   37.8465     -3.6200
   34.9197     -3.6000
   33.2258     -3.5800
   32.8226     -3.5600
   33.3993     -3.5400
   34.4804     -3.5200
   35.5697     -3.5000
   36.2901     -3.4800
   36.3803     -3.4600
   35.5140     -3.4400
   33.4797     -3.4200
   30.9520     -3.4000
   29.5656     -3.3800
   30.3707     -3.3600
   32.6334     -3.3400
   35.0306     -3.3200
   37.2685     -3.3000
   39.4781     -3.2800
   41.0303     -3.2600
   41.1534     -3.2400
   40.0948     -3.2200
   39.0566     -3.2000
   39.1462     -3.1800
   40.3567     -3.1600
   41.7232     -3.1400
   42.3817     -3.1200
   41.9760     -3.1000
   40.5173     -3.0800
   38.4234     -3.0600
   36.2768     -3.0400
   34.4945     -3.0200
   33.4286     -3.0000
   33.2818     -2.9800
   33.7435     -2.9600
   34.1609     -2.9400
   34.1416     -2.9200
   33.7729     -2.9000
   33.3236     -2.8800
   32.8936     -2.8600
   32.3246     -2.8400
   31.5956     -2.8200
   31.3989     -2.8000
   32.6809     -2.7800
   35.2647     -2.7600
   37.8473     -2.7400
   39.7354     -2.7200
   41.3271     -2.7000
   42.7255     -2.6800
   43.4824     -2.6600
   43.6173     -2.6400
   43.5109     -2.6200
   43.2250     -2.6000
   42.8030     -2.5800
   42.6386     -2.5600
   42.9610     -2.5400
   43.3947     -2.5200
   43.3784     -2.5000
   42.7594     -2.4800
   42.0207     -2.4600
   42.0665     -2.4400
   43.2564     -2.4200
   44.4253     -2.4000
   43.5533     -2.3800
   39.9926     -2.3600
   35.7033     -2.3400
   33.5577     -2.3200
   34.5823     -2.3000
   37.4899     -2.2800
   40.5036     -2.2600
   42.7680     -2.2400
   44.0933     -2.2200
   44.2569     -2.2000
   43.1645     -2.1800
   41.4243     -2.1600
   40.1131     -2.1400
   39.8198     -2.1200
   40.2279     -2.1000
   40.7595     -2.0800
   41.5246     -2.0600
   43.4215     -2.0400
   46.9816     -2.0200
   51.2718     -2.0000
   54.6596     -1.9800
   56.5440     -1.9600
   57.2944     -1.9400
   56.8588     -1.9200
   54.9175     -1.9000
   51.9962     -1.8800
   48.9829     -1.8600
   46.0280     -1.8400
   42.9974     -1.8200
   40.2975     -1.8000
   38.2976     -1.7800
   36.5508     -1.7600
   34.2770     -1.7400
   31.2566     -1.7200
   27.9828     -1.7000
   25.2056     -1.6800
   23.3685     -1.6600
   22.3044     -1.6400
   21.3626     -1.6200
   19.8140     -1.6000
   17.3481     -1.5800
   14.3059     -1.5600
   11.2678     -1.5400
    8.5361     -1.5200
    6.2816     -1.5000
    4.8768     -1.4800
    4.6634     -1.4600
    5.4986     -1.4400
    6.6546     -1.4200
    7.2043     -1.4000
    6.7720     -1.3800
    5.9197     -1.3600
    5.5093     -1.3400
    5.8281     -1.3200
    6.6524     -1.3000
    7.8010     -1.2800
    9.0730     -1.2600
   10.1083     -1.2400
   10.9466     -1.2200
   11.9767     -1.2000
   12.7976     -1.1800
   12.2615     -1.1600
   10.1445     -1.1400
    7.7922     -1.1200
    6.8466     -1.1000
    7.8290     -1.0800
    9.8192     -1.0600
   11.1715     -1.0400
   10.7821     -1.0200
    8.9293     -1.0000
    6.7840     -0.9800
    5.1659     -0.9600
    4.0927     -0.9400
    3.4172     -0.9200
    3.2750     -0.9000
    3.7308     -0.8800
    4.4921     -0.8600
    5.1656     -0.8400
    5.4605     -0.8200
    5.2404     -0.8000
    4.8099     -0.7800
    4.8797     -0.7600
    5.7500     -0.7400
    6.7695     -0.7200
    7.0224     -0.7000
    6.3877     -0.6800
    5.5331     -0.6600
    4.9501     -0.6400
    4.4991     -0.6200
    4.0745     -0.6000
    4.2260     -0.5800
    5.5478     -0.5600
    7.5238     -0.5400
    8.6728     -0.5200
    8.1725     -0.5000
    6.7977     -0.4800
    5.9493     -0.4600
    6.2401     -0.4400
    7.2100     -0.4200
    8.0442     -0.4000
    8.3236     -0.3800
    8.1487     -0.3600
    7.7711     -0.3400
    7.2917     -0.3200
    6.6724     -0.3000
    5.8715     -0.2800
    4.9518     -0.2600
    4.1768     -0.2400
    3.9239     -0.2200
    4.3333     -0.2000
    5.0867     -0.1800
    5.6219     -0.1600
    5.6380     -0.1400
    5.4754     -0.1200
    5.8716     -0.1000
    7.1632     -0.0800
    8.8012     -0.0600
    9.7458     -0.0400
    9.3599     -0.0200
    7.9355      0.0000
    6.3252      0.0200
    5.2038      0.0400
    4.7273      0.0600
    4.6309      0.0800
    4.5697      0.1000
    4.4868      0.1200
    4.5906      0.1400
    4.9136      0.1600
    5.1131      0.1800
    4.8603      0.2000
    4.2179      0.2200
    3.4818      0.2400
    2.8393      0.2600
    2.3384      0.2800
    2.0108      0.3000
    1.8242      0.3200
    1.6495      0.3400
    1.4702      0.3600
    1.5414      0.3800
    2.1525      0.4000
    3.1731      0.4200
    3.9824      0.4400
    4.0608      0.4600
    3.6268      0.4800
    3.4392      0.5000
    3.9183      0.5200
    4.7259      0.5400
    5.3358      0.5600
    5.7418      0.5800
    6.3574      0.6000
    7.3523      0.6200
    8.3274      0.6400
    8.6976      0.6600
    8.2901      0.6800
    7.4608      0.7000
    6.6737      0.7200
    6.1142      0.7400
    5.7128      0.7600
    5.2823      0.7800
    4.5899      0.8000
    3.6198      0.8200
    2.7198      0.8400
    2.2468      0.8600
    2.2809      0.8800
    2.7460      0.9000
    3.4834      0.9200
    4.2483      0.9400
    4.8393      0.9600
    5.0597      0.9800
    4.6260      1.0000
    3.5464      1.0200
    2.4177      1.0400
    1.9060      1.0600
    2.0642      1.0800
    2.3939      1.1000
    2.4727      1.1200
    2.3584      1.1400
    2.3836      1.1600
    2.7170      1.1800
    3.2818      1.2000
    3.9854      1.2200
    4.7015      1.2400
    5.0961      1.2600
    4.9525      1.2800
    4.6532      1.3000
    4.8626      1.3200
    5.7301      1.3400
    6.7413      1.3600
    7.2930      1.3800
    7.2034      1.4000
    6.7658      1.4200
    6.4164      1.4400
    6.2759      1.4600
    6.0202      1.4800
    5.2563      1.5000
    4.0353      1.5200
    2.9511      1.5400
    2.5925      1.5600
    2.9178      1.5800
    3.3615      1.6000
    3.5093      1.6200
    3.4380      1.6400
    3.4382      1.6600
    3.6433      1.6800
    3.9330      1.7000
    4.1071      1.7200
    4.1684      1.7400
    4.2796      1.7600
    4.4403      1.7800
    4.5559      1.8000
    4.6957      1.8200
    4.8250      1.8400
    4.5583      1.8600
    3.6844      1.8800
    2.6517      1.9000
    2.1153      1.9200
    2.2713      1.9400
    2.8713      1.9600
    3.5729      1.9800
    4.0882      2.0000
