    0.0145     -8.0000
    0.0223     -7.9800
    0.0255     -7.9600
    0.0216     -7.9400
    0.0150     -7.9200
    0.0125     -7.9000
    0.0165     -7.8800
    0.0231     -7.8600
    0.0254     -7.8400
    0.0209     -7.8200
    0.0141     -7.8000
    0.0120     -7.7800
    0.0200     -7.7600
    0.0408     -7.7400
    0.0706     -7.7200
    0.0963     -7.7000
    0.1058     -7.6800
    0.1077     -7.6600
    0.1273     -7.6400
    0.1733     -7.6200
    0.2219     -7.6000
    0.2452     -7.5800
    0.2457     -7.5600
    0.2455     -7.5400
    0.2445     -7.5200
    0.2167     -7.5000
    0.1548     -7.4800
    0.0912     -7.4600
    0.0647     -7.4400
    0.0887     -7.4200
    0.1487     -7.4000
    0.2166     -7.3800
    0.2797     -7.3600
    0.3534     -7.3400
    0.4439     -7.3200
    0.5149     -7.3000
    0.5228     -7.2800
    0.4635     -7.2600
    0.3741     -7.2400
    0.3138     -7.2200
    0.3217     -7.2000
    0.3734     -7.1800
    0.4035     -7.1600
    0.3799     -7.1400
    0.3324     -7.1200
    0.3105     -7.1000
    0.3236     -7.0800
    0.3362     -7.0600
    0.3362     -7.0400
    0.3769     -7.0200
    0.5190     -7.0000
    0.7700     -6.9800
    1.0998     -6.9600
    1.4461     -6.9400
    1.7107     -6.9200
    1.9255     -6.9000
    2.5224     -6.8800
    4.2409     -6.8600
    7.3060     -6.8400
   10.5092     -6.8200
   11.7704     -6.8000
   10.1869     -6.7800
    6.9493     -6.7600
    3.9020     -6.7400
    1.9330     -6.7200
    0.9231     -6.7000
    0.4802     -6.6800
    0.3387     -6.6600
    0.3441     -6.6400
    0.3745     -6.6200
    0.3502     -6.6000
    0.2692     -6.5800
    0.1830     -6.5600
    0.1278     -6.5400
    0.1012     -6.5200
    0.0929     -6.5000
    0.1044     -6.4800
    0.1400     -6.4600
    0.1959     -6.4400
    0.2539     -6.4200
    0.2848     -6.4000
    0.2712     -6.3800
    0.2246     -6.3600
    0.1701     -6.3400
    0.1238     -6.3200
    0.0918     -6.3000
    0.0778     -6.2800
    0.0807     -6.2600
    0.0933     -6.2400
    0.1058     -6.2200
    0.1129     -6.2000
    0.1176     -6.1800
    0.1274     -6.1600
    0.1448     -6.1400
    0.1621     -6.1200
    0.1657     -6.1000
    0.1497     -6.0800
    0.1230     -6.0600
    0.1013     -6.0400
    0.0928     -6.0200
    0.0954     -6.0000
    0.1036     -5.9800
    0.1107     -5.9600
    0.1106     -5.9400
    0.1016     -5.9200
    0.0875     -5.9000
    0.0741     -5.8800
    0.0663     -5.8600
    0.0658     -5.8400
    0.0706     -5.8200
    0.0759     -5.8000
    0.0787     -5.7800
    0.0781     -5.7600
    0.0741     -5.7400
    0.0673     -5.7200
    0.0591     -5.7000
    0.0509     -5.6800
    0.0440     -5.6600
    0.0400     -5.6400
    0.0404     -5.6200
    0.0440     -5.6000
    0.0476     -5.5800
    0.0477     -5.5600
    0.0446     -5.5400
    0.0424     -5.5200
    0.0448     -5.5000
    0.0522     -5.4800
    0.0614     -5.4600
    0.0692     -5.4400
    0.0740     -5.4200
    0.0750     -5.4000
    0.0711     -5.3800
    0.0638     -5.3600
    0.0594     -5.3400
    0.0641     -5.3200
    0.0772     -5.3000
    0.0909     -5.2800
    0.0991     -5.2600
    0.1010     -5.2400
    0.0983     -5.2200
    0.0911     -5.2000
    0.0801     -5.1800
    0.0678     -5.1600
    0.0573     -5.1400
    0.0505     -5.1200
    0.0479     -5.1000
    0.0490     -5.0800
    0.0524     -5.0600
    0.0567     -5.0400
    0.0602     -5.0200
    0.0617     -5.0000
    0.0615     -4.9800
    0.0601     -4.9600
    0.0576     -4.9400
    0.0543     -4.9200
    0.0513     -4.9000
    0.0500     -4.8800
    0.0498     -4.8600
    0.0484     -4.8400
    0.0456     -4.8200
    0.0438     -4.8000
    0.0453     -4.7800
    0.0489     -4.7600
    0.0514     -4.7400
    0.0505     -4.7200
    0.0457     -4.7000
    0.0388     -4.6800
    0.0321     -4.6600
    0.0287     -4.6400
    0.0292     -4.6200
    0.0318     -4.6000
    0.0337     -4.5800
    0.0338     -4.5600
    0.0329     -4.5400
    0.0325     -4.5200
    0.0333     -4.5000
    0.0354     -4.4800
    0.0391     -4.4600
    0.0434     -4.4400
    0.0468     -4.4200
    0.0479     -4.4000
    0.0474     -4.3800
    0.0467     -4.3600
    0.0469     -4.3400
    0.0483     -4.3200
    0.0516     -4.3000
    0.0558     -4.2800
    0.0582     -4.2600
    0.0556     -4.2400
    0.0488     -4.2200
    0.0410     -4.2000
    0.0345     -4.1800
    0.0291     -4.1600
    0.0241     -4.1400
    0.0206     -4.1200
    0.0199     -4.1000
    0.0223     -4.0800
    0.0262     -4.0600
    0.0300     -4.0400
    0.0333     -4.0200
    0.0359     -4.0000
    0.0379     -3.9800
    0.0392     -3.9600
    0.0403     -3.9400
    0.0411     -3.9200
    0.0412     -3.9000
    0.0397     -3.8800
    0.0366     -3.8600
    0.0330     -3.8400
    0.0311     -3.8200
    0.0332     -3.8000
    0.0405     -3.7800
    0.0511     -3.7600
    0.0615     -3.7400
    0.0693     -3.7200
    0.0746     -3.7000
    0.0778     -3.6800
    0.0787     -3.6600
    0.0771     -3.6400
    0.0733     -3.6200
    0.0685     -3.6000
    0.0661     -3.5800
    0.0701     -3.5600
    0.0810     -3.5400
    0.0944     -3.5200
    0.1039     -3.5000
    0.1064     -3.4800
    0.1034     -3.4600
    0.0987     -3.4400
    0.0946     -3.4200
    0.0914     -3.4000
    0.0893     -3.3800
    0.0858     -3.3600
    0.0785     -3.3400
    0.0695     -3.3200
    0.0639     -3.3000
    0.0651     -3.2800
    0.0721     -3.2600
    0.0802     -3.2400
    0.0846     -3.2200
    0.0840     -3.2000
    0.0797     -3.1800
    0.0727     -3.1600
    0.0649     -3.1400
    0.0596     -3.1200
    0.0594     -3.1000
    0.0648     -3.0800
    0.0741     -3.0600
    0.0835     -3.0400
    0.0870     -3.0200
    0.0822     -3.0000
    0.0717     -2.9800
    0.0604     -2.9600
    0.0511     -2.9400
    0.0453     -2.9200
    0.0433     -2.9000
    0.0453     -2.8800
    0.0494     -2.8600
    0.0528     -2.8400
    0.0522     -2.8200
    0.0467     -2.8000
    0.0390     -2.7800
    0.0332     -2.7600
    0.0313     -2.7400
    0.0320     -2.7200
    0.0328     -2.7000
    0.0327     -2.6800
    0.0330     -2.6600
    0.0362     -2.6400
    0.0425     -2.6200
    0.0486     -2.6000
    0.0507     -2.5800
    0.0477     -2.5600
    0.0424     -2.5400
    0.0381     -2.5200
    0.0371     -2.5000
    0.0392     -2.4800
    0.0426     -2.4600
    0.0459     -2.4400
    0.0484     -2.4200
    0.0492     -2.4000
    0.0475     -2.3800
    0.0436     -2.3600
    0.0396     -2.3400
    0.0363     -2.3200
    0.0335     -2.3000
    0.0308     -2.2800
    0.0286     -2.2600
    0.0271     -2.2400
    0.0268     -2.2200
    0.0277     -2.2000
    0.0294     -2.1800
    0.0313     -2.1600
    0.0335     -2.1400
    0.0368     -2.1200
    0.0410     -2.1000
    0.0446     -2.0800
    0.0446     -2.0600
    0.0400     -2.0400
    0.0330     -2.0200
    0.0270     -2.0000
    0.0232     -1.9800
    0.0207     -1.9600
    0.0192     -1.9400
    0.0190     -1.9200
    0.0199     -1.9000
    0.0204     -1.8800
    0.0199     -1.8600
    0.0190     -1.8400
    0.0188     -1.8200
    0.0202     -1.8000
    0.0224     -1.7800
    0.0232     -1.7600
    0.0219     -1.7400
    0.0200     -1.7200
    0.0205     -1.7000
    0.0250     -1.6800
    0.0322     -1.6600
    0.0379     -1.6400
    0.0379     -1.6200
    0.0319     -1.6000
    0.0236     -1.5800
    0.0189     -1.5600
    0.0228     -1.5400
    0.0368     -1.5200
    0.0553     -1.5000
    0.0676     -1.4800
    0.0654     -1.4600
    0.0509     -1.4400
    0.0348     -1.4200
    0.0252     -1.4000
    0.0226     -1.3800
    0.0243     -1.3600
    0.0334     -1.3400
    0.0565     -1.3200
    0.0911     -1.3000
    0.1182     -1.2800
    0.1195     -1.2600
    0.1003     -1.2400
    0.0806     -1.2200
    0.0703     -1.2000
    0.0676     -1.1800
    0.0748     -1.1600
    0.0976     -1.1400
    0.1337     -1.1200
    0.1731     -1.1000
    0.2046     -1.0800
    0.2207     -1.0600
    0.2222     -1.0400
    0.2161     -1.0200
    0.2108     -1.0000
    0.2236     -0.9800
    0.2780     -0.9600
    0.3756     -0.9400
    0.4863     -0.9200
    0.5823     -0.9000
    0.6586     -0.8800
    0.6927     -0.8600
    0.6330     -0.8400
    0.4776     -0.8200
    0.3163     -0.8000
    0.2493     -0.7800
    0.3013     -0.7600
    0.4243     -0.7400
    0.5376     -0.7200
    0.5643     -0.7000
    0.4791     -0.6800
    0.3328     -0.6600
    0.2064     -0.6400
    0.1419     -0.6200
    0.1311     -0.6000
    0.1479     -0.5800
    0.1676     -0.5600
    0.1752     -0.5400
    0.1725     -0.5200
    0.1679     -0.5000
    0.1664     -0.4800
    0.1766     -0.4600
    0.2077     -0.4400
    0.2545     -0.4200
    0.2974     -0.4000
    0.3083     -0.3800
    0.2662     -0.3600
    0.1832     -0.3400
    0.1015     -0.3200
    0.0568     -0.3000
    0.0540     -0.2800
    0.0771     -0.2600
    0.1035     -0.2400
    0.1191     -0.2200
    0.1244     -0.2000
    0.1247     -0.1800
    0.1187     -0.1600
    0.1056     -0.1400
    0.0909     -0.1200
    0.0784     -0.1000
    0.0657     -0.0800
    0.0532     -0.0600
    0.0466     -0.0400
    0.0504     -0.0200
    0.0619      0.0000
    0.0735      0.0200
    0.0793      0.0400
    0.0786      0.0600
    0.0738      0.0800
    0.0685      0.1000
    0.0653      0.1200
    0.0643      0.1400
    0.0644      0.1600
    0.0652      0.1800
    0.0659      0.2000
    0.0644      0.2200
    0.0608      0.2400
    0.0571      0.2600
    0.0530      0.2800
    0.0473      0.3000
    0.0414      0.3200
    0.0384      0.3400
    0.0392      0.3600
    0.0429      0.3800
    0.0480      0.4000
    0.0509      0.4200
    0.0484      0.4400
    0.0412      0.4600
    0.0341      0.4800
    0.0307      0.5000
    0.0315      0.5200
    0.0331      0.5400
    0.0318      0.5600
    0.0264      0.5800
    0.0195      0.6000
    0.0154      0.6200
    0.0167      0.6400
    0.0227      0.6600
    0.0298      0.6800
    0.0338      0.7000
    0.0335      0.7200
    0.0317      0.7400
    0.0317      0.7600
    0.0327      0.7800
    0.0307      0.8000
    0.0241      0.8200
    0.0163      0.8400
    0.0121      0.8600
    0.0127      0.8800
    0.0164      0.9000
    0.0214      0.9200
    0.0273      0.9400
    0.0325      0.9600
    0.0350      0.9800
    0.0347      1.0000
    0.0331      1.0200
    0.0308      1.0400
    0.0275      1.0600
    0.0239      1.0800
    0.0203      1.1000
    0.0162      1.1200
    0.0120      1.1400
    0.0095      1.1600
    0.0106      1.1800
    0.0147      1.2000
    0.0194      1.2200
    0.0217      1.2400
    0.0210      1.2600
    0.0198      1.2800
    0.0212      1.3000
    0.0251      1.3200
    0.0284      1.3400
    0.0299      1.3600
    0.0324      1.3800
    0.0388      1.4000
    0.0471      1.4200
    0.0525      1.4400
    0.0539      1.4600
    0.0551      1.4800
    0.0584      1.5000
    0.0637      1.5200
    0.0711      1.5400
    0.0809      1.5600
    0.0886      1.5800
    0.0871      1.6000
    0.0739      1.6200
    0.0549      1.6400
    0.0404      1.6600
    0.0371      1.6800
    0.0430      1.7000
    0.0506      1.7200
    0.0540      1.7400
    0.0535      1.7600
    0.0539      1.7800
    0.0581      1.8000
    0.0619      1.8200
    0.0584      1.8400
    0.0475      1.8600
    0.0386      1.8800
    0.0403      1.9000
    0.0508      1.9200
    0.0593      1.9400
    0.0590      1.9600
    0.0529      1.9800
    0.0499      2.0000
