    0.0021     -7.9875
    0.0010     -7.9680
    0.0012     -7.9485
    0.0021     -7.9290
    0.0032     -7.9095
    0.0039     -7.8900
    0.0037     -7.8705
    0.0027     -7.8510
    0.0018     -7.8315
    0.0018     -7.8120
    0.0029     -7.7925
    0.0050     -7.7730
    0.0068     -7.7535
    0.0076     -7.7340
    0.0074     -7.7145
    0.0075     -7.6950
    0.0084     -7.6755
    0.0089     -7.6560
    0.0076     -7.6365
    0.0049     -7.6170
    0.0024     -7.5975
    0.0009     -7.5780
    0.0003     -7.5585
    0.0004     -7.5390
    0.0010     -7.5195
    0.0023     -7.5000
    0.0042     -7.4805
    0.0063     -7.4610
    0.0082     -7.4415
    0.0106     -7.4220
    0.0138     -7.4025
    0.0168     -7.3830
    0.0185     -7.3635
    0.0196     -7.3440
    0.0216     -7.3245
    0.0241     -7.3050
    0.0249     -7.2855
    0.0232     -7.2660
    0.0198     -7.2465
    0.0162     -7.2270
    0.0135     -7.2075
    0.0122     -7.1880
    0.0123     -7.1685
    0.0142     -7.1490
    0.0189     -7.1295
    0.0252     -7.1100
    0.0286     -7.0905
    0.0258     -7.0710
    0.0195     -7.0515
    0.0152     -7.0320
    0.0146     -7.0125
    0.0150     -6.9930
    0.0144     -6.9735
    0.0135     -6.9540
    0.0139     -6.9345
    0.0168     -6.9150
    0.0222     -6.8955
    0.0293     -6.8760
    0.0371     -6.8565
    0.0446     -6.8370
    0.0495     -6.8175
    0.0476     -6.7980
    0.0373     -6.7785
    0.0233     -6.7590
    0.0122     -6.7395
    0.0080     -6.7200
    0.0101     -6.7005
    0.0162     -6.6810
    0.0226     -6.6615
    0.0264     -6.6420
    0.0261     -6.6225
    0.0238     -6.6030
    0.0238     -6.5835
    0.0289     -6.5640
    0.0364     -6.5445
    0.0403     -6.5250
    0.0402     -6.5055
    0.0414     -6.4860
    0.0455     -6.4665
    0.0469     -6.4470
    0.0427     -6.4275
    0.0380     -6.4080
    0.0393     -6.3885
    0.0446     -6.3690
    0.0469     -6.3495
    0.0432     -6.3300
    0.0378     -6.3105
    0.0362     -6.2910
    0.0411     -6.2715
    0.0533     -6.2520
    0.0712     -6.2325
    0.0881     -6.2130
    0.0927     -6.1935
    0.0800     -6.1740
    0.0599     -6.1545
    0.0526     -6.1350
    0.0723     -6.1155
    0.1133     -6.0960
    0.1479     -6.0765
    0.1488     -6.0570
    0.1176     -6.0375
    0.0831     -6.0180
    0.0761     -5.9985
    0.1137     -5.9790
    0.1916     -5.9595
    0.2777     -5.9400
    0.3292     -5.9205
    0.3279     -5.9010
    0.2922     -5.8815
    0.2511     -5.8620
    0.2186     -5.8425
    0.1994     -5.8230
    0.1989     -5.8035
    0.2126     -5.7840
    0.2198     -5.7645
    0.2105     -5.7450
    0.2059     -5.7255
    0.2353     -5.7060
    0.3029     -5.6865
    0.3875     -5.6670
    0.4625     -5.6475
    0.5086     -5.6280
    0.5148     -5.6085
    0.4760     -5.5890
    0.4020     -5.5695
    0.3244     -5.5500
    0.2726     -5.5305
    0.2442     -5.5110
    0.2150     -5.4915
    0.1726     -5.4720
    0.1229     -5.4525
    0.0767     -5.4330
    0.0437     -5.4135
    0.0321     -5.3940
    0.0474     -5.3745
    0.0882     -5.3550
    0.1409     -5.3355
    0.1795     -5.3160
    0.1831     -5.2965
    0.1553     -5.2770
    0.1212     -5.2575
    0.1012     -5.2380
    0.0950     -5.2185
    0.0940     -5.1990
    0.1002     -5.1795
    0.1208     -5.1600
    0.1466     -5.1405
    0.1556     -5.1210
    0.1379     -5.1015
    0.1048     -5.0820
    0.0715     -5.0625
    0.0460     -5.0430
    0.0311     -5.0235
    0.0281     -5.0040
    0.0371     -4.9845
    0.0567     -4.9650
    0.0837     -4.9455
    0.1125     -4.9260
    0.1355     -4.9065
    0.1482     -4.8870
    0.1526     -4.8675
    0.1533     -4.8480
    0.1501     -4.8285
    0.1395     -4.8090
    0.1227     -4.7895
    0.1092     -4.7700
    0.1078     -4.7505
    0.1163     -4.7310
    0.1284     -4.7115
    0.1429     -4.6920
    0.1592     -4.6725
    0.1684     -4.6530
    0.1613     -4.6335
    0.1428     -4.6140
    0.1287     -4.5945
    0.1284     -4.5750
    0.1363     -4.5555
    0.1418     -4.5360
    0.1407     -4.5165
    0.1355     -4.4970
    0.1283     -4.4775
    0.1199     -4.4580
    0.1153     -4.4385
    0.1223     -4.4190
    0.1404     -4.3995
    0.1576     -4.3800
    0.1651     -4.3605
    0.1679     -4.3410
    0.1734     -4.3215
    0.1797     -4.3020
    0.1838     -4.2825
    0.1881     -4.2630
    0.1970     -4.2435
    0.2132     -4.2240
    0.2370     -4.2045
    0.2621     -4.1850
    0.2777     -4.1655
    0.2807     -4.1460
    0.2796     -4.1265
    0.2828     -4.1070
    0.2876     -4.0875
    0.2855     -4.0680
    0.2756     -4.0485
    0.2685     -4.0290
    0.2752     -4.0095
    0.2954     -3.9900
    0.3173     -3.9705
    0.3264     -3.9510
    0.3158     -3.9315
    0.2932     -3.9120
    0.2728     -3.8925
    0.2586     -3.8730
    0.2432     -3.8535
    0.2230     -3.8340
    0.2041     -3.8145
    0.1929     -3.7950
    0.1912     -3.7755
    0.1976     -3.7560
    0.2100     -3.7365
    0.2275     -3.7170
    0.2502     -3.6975
    0.2765     -3.6780
    0.2989     -3.6585
    0.3078     -3.6390
    0.3003     -3.6195
    0.2824     -3.6000
    0.2628     -3.5805
    0.2446     -3.5610
    0.2272     -3.5415
    0.2144     -3.5220
    0.2153     -3.5025
    0.2303     -3.4830
    0.2451     -3.4635
    0.2428     -3.4440
    0.2187     -3.4245
    0.1845     -3.4050
    0.1615     -3.3855
    0.1666     -3.3660
    0.1970     -3.3465
    0.2300     -3.3270
    0.2417     -3.3075
    0.2266     -3.2880
    0.1957     -3.2685
    0.1627     -3.2490
    0.1368     -3.2295
    0.1247     -3.2100
    0.1304     -3.1905
    0.1547     -3.1710
    0.1923     -3.1515
    0.2287     -3.1320
    0.2498     -3.1125
    0.2548     -3.0930
    0.2530     -3.0735
    0.2475     -3.0540
    0.2336     -3.0345
    0.2101     -3.0150
    0.1847     -2.9955
    0.1674     -2.9760
    0.1632     -2.9565
    0.1712     -2.9370
    0.1887     -2.9175
    0.2130     -2.8980
    0.2409     -2.8785
    0.2670     -2.8590
    0.2857     -2.8395
    0.2948     -2.8200
    0.2992     -2.8005
    0.3085     -2.7810
    0.3275     -2.7615
    0.3499     -2.7420
    0.3632     -2.7225
    0.3609     -2.7030
    0.3491     -2.6835
    0.3393     -2.6640
    0.3385     -2.6445
    0.3496     -2.6250
    0.3743     -2.6055
    0.4116     -2.5860
    0.4579     -2.5665
    0.5085     -2.5470
    0.5519     -2.5275
    0.5651     -2.5080
    0.5328     -2.4885
    0.4706     -2.4690
    0.4144     -2.4495
    0.3854     -2.4300
    0.3816     -2.4105
    0.3985     -2.3910
    0.4393     -2.3715
    0.4998     -2.3520
    0.5578     -2.3325
    0.5892     -2.3130
    0.5892     -2.2935
    0.5682     -2.2740
    0.5343     -2.2545
    0.4859     -2.2350
    0.4213     -2.2155
    0.3492     -2.1960
    0.2876     -2.1765
    0.2523     -2.1570
    0.2455     -2.1375
    0.2564     -2.1180
    0.2712     -2.0985
    0.2820     -2.0790
    0.2881     -2.0595
    0.2924     -2.0400
    0.2966     -2.0205
    0.2992     -2.0010
    0.2969     -1.9815
    0.2872     -1.9620
    0.2726     -1.9425
    0.2618     -1.9230
    0.2645     -1.9035
    0.2822     -1.8840
    0.3058     -1.8645
    0.3243     -1.8450
    0.3319     -1.8255
    0.3279     -1.8060
    0.3137     -1.7865
    0.2911     -1.7670
    0.2618     -1.7475
    0.2283     -1.7280
    0.1968     -1.7085
    0.1749     -1.6890
    0.1657     -1.6695
    0.1654     -1.6500
    0.1673     -1.6305
    0.1647     -1.6110
    0.1539     -1.5915
    0.1376     -1.5720
    0.1242     -1.5525
    0.1195     -1.5330
    0.1202     -1.5135
    0.1182     -1.4940
    0.1090     -1.4745
    0.0952     -1.4550
    0.0811     -1.4355
    0.0708     -1.4160
    0.0696     -1.3965
    0.0807     -1.3770
    0.0995     -1.3575
    0.1165     -1.3380
    0.1259     -1.3185
    0.1293     -1.2990
    0.1316     -1.2795
    0.1394     -1.2600
    0.1577     -1.2405
    0.1831     -1.2210
    0.2039     -1.2015
    0.2086     -1.1820
    0.1929     -1.1625
    0.1603     -1.1430
    0.1218     -1.1235
    0.0912     -1.1040
    0.0791     -1.0845
    0.0923     -1.0650
    0.1361     -1.0455
    0.2097     -1.0260
    0.3027     -1.0065
    0.4028     -0.9870
    0.5020     -0.9675
    0.5885     -0.9480
    0.6530     -0.9285
    0.7088     -0.9090
    0.7828     -0.8895
    0.8799     -0.8700
    0.9655     -0.8505
    0.9883     -0.8310
    0.9453     -0.8115
    0.9303     -0.7920
    1.0755     -0.7725
    1.4400     -0.7530
    1.9617     -0.7335
    2.4581     -0.7140
    2.6809     -0.6945
    2.4990     -0.6750
    2.0586     -0.6555
    1.6826     -0.6360
    1.6132     -0.6165
    1.8824     -0.5970
    2.3282     -0.5775
    2.6576     -0.5580
    2.6057     -0.5385
    2.1666     -0.5190
    1.6258     -0.4995
    1.2986     -0.4800
    1.2795     -0.4605
    1.4473     -0.4410
    1.6331     -0.4215
    1.7708     -0.4020
    1.9149     -0.3825
    2.1133     -0.3630
    2.2951     -0.3435
    2.3218     -0.3240
    2.1281     -0.3045
    1.8038     -0.2850
    1.5417     -0.2655
    1.4608     -0.2460
    1.4743     -0.2265
    1.3986     -0.2070
    1.2004     -0.1875
    1.0571     -0.1680
    1.1584     -0.1485
    1.5197     -0.1290
    1.9899     -0.1095
    2.4093     -0.0900
    2.7491     -0.0705
    3.0482     -0.0510
    3.2411     -0.0315
    3.1974     -0.0120
    2.9079      0.0075
    2.4782      0.0270
    2.0128      0.0465
    1.6368      0.0660
    1.5079      0.0855
    1.6456      0.1050
    1.8315      0.1245
    1.8141      0.1440
    1.5557      0.1635
    1.1922      0.1830
    0.8580      0.2025
    0.6327      0.2220
    0.5527      0.2415
    0.5951      0.2610
    0.6949      0.2805
    0.8013      0.3000
    0.8822      0.3195
    0.9029      0.3390
    0.8605      0.3585
    0.8072      0.3780
    0.7730      0.3975
    0.7084      0.4170
    0.5638      0.4365
    0.3810      0.4560
    0.2470      0.4755
    0.1985      0.4950
    0.2165      0.5145
    0.2785      0.5340
    0.3779      0.5535
    0.4979      0.5730
    0.5932      0.5925
    0.6167      0.6120
    0.5669      0.6315
    0.4984      0.6510
    0.4778      0.6705
    0.5213      0.6900
    0.5706      0.7095
    0.5464      0.7290
    0.4321      0.7485
    0.2868      0.7680
    0.1834      0.7875
    0.1634      0.8070
    0.2366      0.8265
    0.3799      0.8460
    0.5372      0.8655
    0.6632      0.8850
    0.7587      0.9045
    0.8235      0.9240
    0.8191      0.9435
    0.7304      0.9630
    0.6125      0.9825
    0.5228      1.0020
    0.4522      1.0215
    0.3658      1.0410
    0.2750      1.0605
    0.2280      1.0800
    0.2464      1.0995
    0.3011      1.1190
    0.3508      1.1385
    0.3864      1.1580
    0.4264      1.1775
    0.4776      1.1970
    0.5156      1.2165
    0.5122      1.2360
    0.4701      1.2555
    0.4157      1.2750
    0.3638      1.2945
    0.3121      1.3140
    0.2626      1.3335
    0.2265      1.3530
    0.2115      1.3725
    0.2207      1.3920
    0.2537      1.4115
    0.3013      1.4310
    0.3512      1.4505
    0.4031      1.4700
    0.4629      1.4895
    0.5187      1.5090
    0.5553      1.5285
    0.5900      1.5480
    0.6420      1.5675
    0.6731      1.5870
    0.6247      1.6065
    0.5096      1.6260
    0.4031      1.6455
    0.3485      1.6650
    0.3267      1.6845
    0.3161      1.7040
    0.3232      1.7235
    0.3388      1.7430
    0.3225      1.7625
    0.2568      1.7820
    0.1808      1.8015
    0.1520      1.8210
    0.1941      1.8405
    0.2895      1.8600
    0.4059      1.8795
    0.5180      1.8990
    0.5999      1.9185
    0.6180      1.9380
    0.5602      1.9575
    0.4566      1.9770
    0.3530      1.9965
