    0.4688     -8.0000
    0.3159     -7.9800
    0.3157     -7.9600
    0.5482     -7.9400
    0.9329     -7.9200
    1.2494     -7.9000
    1.3401     -7.8800
    1.3037     -7.8600
    1.3304     -7.8400
    1.3755     -7.8200
    1.2232     -7.8000
    0.8399     -7.7800
    0.4321     -7.7600
    0.1879     -7.7400
    0.1469     -7.7200
    0.2722     -7.7000
    0.4926     -7.6800
    0.6902     -7.6600
    0.7848     -7.6400
    0.8596     -7.6200
    1.0961     -7.6000
    1.5370     -7.5800
    1.9906     -7.5600
    2.2204     -7.5400
    2.1757     -7.5200
    2.0103     -7.5000
    1.9372     -7.4800
    2.0602     -7.4600
    2.2360     -7.4400
    2.1442     -7.4200
    1.6453     -7.4000
    0.9962     -7.3800
    0.5950     -7.3600
    0.6427     -7.3400
    1.0611     -7.3200
    1.5602     -7.3000
    1.8193     -7.2800
    1.7546     -7.2600
    1.5881     -7.2400
    1.5973     -7.2200
    1.8411     -7.2000
    2.1510     -7.1800
    2.3369     -7.1600
    2.3419     -7.1400
    2.2432     -7.1200
    2.2171     -7.1000
    2.4357     -7.0800
    2.8217     -7.0600
    2.9845     -7.0400
    2.5970     -7.0200
    1.8042     -7.0000
    1.1032     -6.9800
    0.8584     -6.9600
    1.0250     -6.9400
    1.2621     -6.9200
    1.2614     -6.9000
    1.0457     -6.8800
    0.9819     -6.8600
    1.4960     -6.8400
    2.7049     -6.8200
    4.2130     -6.8000
    5.3309     -6.7800
    5.6114     -6.7600
    5.0875     -6.7400
    4.0702     -6.7200
    2.9859     -6.7000
    2.2654     -6.6800
    2.0696     -6.6600
    2.1798     -6.6400
    2.3261     -6.6200
    2.6134     -6.6000
    3.4755     -6.5800
    5.1262     -6.5600
    7.2305     -6.5400
    9.2917     -6.5200
   11.1295     -6.5000
   12.6581     -6.4800
   13.4157     -6.4600
   12.8444     -6.4400
   11.1624     -6.4200
    9.5331     -6.4000
    8.9745     -6.3800
    9.3652     -6.3600
    9.9475     -6.3400
   10.4947     -6.3200
   11.4072     -6.3000
   12.8025     -6.2800
   14.2181     -6.2600
   15.3706     -6.2400
   16.4794     -6.2200
   17.5238     -6.2000
   17.9581     -6.1800
   17.4854     -6.1600
   16.4258     -6.1400
   15.3276     -6.1200
   14.7894     -6.1000
   15.3156     -6.0800
   16.9384     -6.0600
   19.3391     -6.0400
   22.2209     -6.0200
   25.0203     -6.0000
   26.7182     -5.9800
   26.7127     -5.9600
   25.4621     -5.9400
   23.7607     -5.9200
   22.1165     -5.9000
   21.1779     -5.8800
   21.6590     -5.8600
   23.3694     -5.8400
   25.2354     -5.8200
   26.5752     -5.8000
   27.6814     -5.7800
   29.0341     -5.7600
   30.4337     -5.7400
   31.1863     -5.7200
   31.0161     -5.7000
   30.2971     -5.6800
   29.3014     -5.6600
   27.8393     -5.6400
   25.7992     -5.6200
   23.6581     -5.6000
   22.1920     -5.5800
   21.6068     -5.5600
   21.4600     -5.5400
   21.6853     -5.5200
   22.7273     -5.5000
   24.4363     -5.4800
   25.9670     -5.4600
   26.8229     -5.4400
   26.9937     -5.4200
   26.3524     -5.4000
   24.9292     -5.3800
   23.3734     -5.3600
   22.4924     -5.3400
   22.6275     -5.3200
   23.3090     -5.3000
   23.3466     -5.2800
   21.9300     -5.2600
   19.6150     -5.2400
   17.6236     -5.2200
   16.5784     -5.2000
   16.4087     -5.1800
   16.8911     -5.1600
   17.8128     -5.1400
   19.0501     -5.1200
   20.6948     -5.1000
   22.7755     -5.0800
   25.0414     -5.0600
   27.2549     -5.0400
   29.2552     -5.0200
   30.7243     -5.0000
   31.3477     -4.9800
   31.0868     -4.9600
   30.0946     -4.9400
   28.6383     -4.9200
   27.2222     -4.9000
   26.3858     -4.8800
   26.1976     -4.8600
   26.3441     -4.8400
   26.8440     -4.8200
   28.2574     -4.8000
   30.9476     -4.7800
   34.3624     -4.7600
   37.2414     -4.7400
   38.3877     -4.7200
   37.1993     -4.7000
   33.8549     -4.6800
   29.3880     -4.6600
   25.4457     -4.6400
   23.4706     -4.6200
   23.6525     -4.6000
   24.6490     -4.5800
   24.7191     -4.5600
   23.3630     -4.5400
   21.7195     -4.5200
   21.2868     -4.5000
   22.5942     -4.4800
   25.2250     -4.4600
   28.4773     -4.4400
   31.5657     -4.4200
   33.7384     -4.4000
   34.8360     -4.3800
   35.4400     -4.3600
   36.2209     -4.3400
   37.6027     -4.3200
   39.7400     -4.3000
   41.9636     -4.2800
   42.9450     -4.2600
   42.3109     -4.2400
   41.2175     -4.2200
   40.8236     -4.2000
   41.1948     -4.1800
   41.9117     -4.1600
   42.8676     -4.1400
   44.2518     -4.1200
   46.1837     -4.1000
   48.4866     -4.0800
   50.5385     -4.0600
   51.4459     -4.0400
   50.8593     -4.0200
   49.5428     -4.0000
   48.7715     -3.9800
   49.1812     -3.9600
   50.2402     -3.9400
   50.6906     -3.9200
   49.5578     -3.9000
   46.9013     -3.8800
   43.6093     -3.8600
   40.6738     -3.8400
   38.8027     -3.8200
   38.3175     -3.8000
   39.0043     -3.7800
   40.2817     -3.7600
   41.6212     -3.7400
   42.5053     -3.7200
   42.3502     -3.7000
   41.0059     -3.6800
   38.9813     -3.6600
   36.8631     -3.6400
   34.8312     -3.6200
   32.9638     -3.6000
   31.8033     -3.5800
   32.1821     -3.5600
   34.2018     -3.5400
   36.6705     -3.5200
   37.9418     -3.5000
   37.0937     -3.4800
   34.2920     -3.4600
   30.7606     -3.4400
   28.3759     -3.4200
   28.3212     -3.4000
   30.1418     -3.3800
   32.6309     -3.3600
   35.0931     -3.3400
   37.2957     -3.3200
   38.9632     -3.3000
   39.9889     -3.2800
   40.8109     -3.2600
   42.0553     -3.2400
   43.7572     -3.2200
   45.2064     -3.2000
   45.5384     -3.1800
   44.2352     -3.1600
   41.4174     -3.1400
   38.0131     -3.1200
   35.2300     -3.1000
   33.7745     -3.0800
   33.8079     -3.0600
   35.1189     -3.0400
   36.8972     -3.0200
   37.8608     -3.0000
   37.1197     -2.9800
   34.9120     -2.9600
   32.5388     -2.9400
   31.5355     -2.9200
   32.4918     -2.9000
   34.6576     -2.8800
   36.9061     -2.8600
   38.5688     -2.8400
   39.1149     -2.8200
   38.1665     -2.8000
   36.5403     -2.7800
   36.1382     -2.7600
   37.8905     -2.7400
   40.5956     -2.7200
   42.4435     -2.7000
   42.9573     -2.6800
   42.8323     -2.6600
   42.6548     -2.6400
   42.6736     -2.6200
   43.1417     -2.6000
   43.9295     -2.5800
   44.3140     -2.5600
   43.7172     -2.5400
   42.3456     -2.5200
   41.1241     -2.5000
   41.1646     -2.4800
   42.7170     -2.4600
   44.4928     -2.4400
   44.7870     -2.4200
   43.2202     -2.4000
   40.7469     -2.3800
   38.4191     -2.3600
   36.7762     -2.3400
   36.0052     -2.3200
   36.0668     -2.3000
   36.6211     -2.2800
   37.1305     -2.2600
   37.2913     -2.2400
   37.3111     -2.2200
   37.5694     -2.2000
   38.1163     -2.1800
   38.8338     -2.1600
   39.8827     -2.1400
   41.4469     -2.1200
   43.4184     -2.1000
   45.9126     -2.0800
   49.3101     -2.0600
   53.2144     -2.0400
   56.3763     -2.0200
   57.9736     -2.0000
   58.1222     -1.9800
   57.3362     -1.9600
   55.9895     -1.9400
   53.7798     -1.9200
   49.9199     -1.9000
   44.6787     -1.8800
   39.9358     -1.8600
   37.1775     -1.8400
   35.9028     -1.8200
   34.7747     -1.8000
   33.1953     -1.7800
   31.1752     -1.7600
   28.7962     -1.7400
   26.2926     -1.7200
   23.9596     -1.7000
   21.8138     -1.6800
   19.6572     -1.6600
   17.3320     -1.6400
   14.7598     -1.6200
   12.0301     -1.6000
    9.5090     -1.5800
    7.5330     -1.5600
    6.0810     -1.5400
    5.0405     -1.5200
    4.6027     -1.5000
    5.0960     -1.4800
    6.3984     -1.4600
    7.6359     -1.4400
    7.7908     -1.4200
    6.7813     -1.4000
    5.5564     -1.3800
    4.9035     -1.3600
    4.6109     -1.3400
    4.1177     -1.3200
    3.4685     -1.3000
    3.1515     -1.2800
    3.4224     -1.2600
    4.1152     -1.2400
    4.7365     -1.2200
    4.7518     -1.2000
    4.1479     -1.1800
    3.5237     -1.1600
    3.4422     -1.1400
    3.9814     -1.1200
    4.8391     -1.1000
    5.5390     -1.0800
    5.7460     -1.0600
    5.5598     -1.0400
    5.2402     -1.0200
    4.7714     -1.0000
    4.1051     -0.9800
    3.5980     -0.9600
    3.7351     -0.9400
    4.5734     -0.9200
    5.7537     -0.9000
    6.7978     -0.8800
    7.1761     -0.8600
    6.5429     -0.8400
    5.2939     -0.8200
    4.4767     -0.8000
    4.6710     -0.7800
    5.2514     -0.7600
    5.1821     -0.7400
    4.2938     -0.7200
    3.3676     -0.7000
    3.1867     -0.6800
    3.8112     -0.6600
    4.6327     -0.6400
    5.1111     -0.6200
    5.4403     -0.6000
    6.1399     -0.5800
    7.0940     -0.5600
    7.5367     -0.5400
    7.0243     -0.5200
    6.0393     -0.5000
    5.4754     -0.4800
    5.6610     -0.4600
    6.1198     -0.4400
    6.2057     -0.4200
    5.6562     -0.4000
    4.6566     -0.3800
    3.6515     -0.3600
    2.9768     -0.3400
    2.6258     -0.3200
    2.5194     -0.3000
    2.8643     -0.2800
    3.9578     -0.2600
    5.6347     -0.2400
    7.1369     -0.2200
    7.7802     -0.2000
    7.6943     -0.1800
    7.6033     -0.1600
    7.9339     -0.1400
    8.4586     -0.1200
    8.7245     -0.1000
    8.4697     -0.0800
    7.7424     -0.0600
    6.8872     -0.0400
    6.2397     -0.0200
    5.8660      0.0000
    5.8668      0.0200
    6.5673      0.0400
    7.9857      0.0600
    9.4662      0.0800
   10.1973      0.1000
    9.8245      0.1200
    8.4648      0.1400
    6.5903      0.1600
    4.9871      0.1800
    4.3643      0.2000
    4.7777      0.2200
    5.5774      0.2400
    6.0933      0.2600
    6.2396      0.2800
    6.2585      0.3000
    6.1993      0.3200
    5.9853      0.3400
    5.7251      0.3600
    5.6375      0.3800
    5.7267      0.4000
    5.6773      0.4200
    5.2181      0.4400
    4.6011      0.4600
    4.4535      0.4800
    5.0579      0.5000
    5.9819      0.5200
    6.5590      0.5400
    6.5943      0.5600
    6.3137      0.5800
    5.8065      0.6000
    5.0454      0.6200
    4.3137      0.6400
    4.1347      0.6600
    4.7686      0.6800
    5.8782      0.7000
    6.6945      0.7200
    6.6223      0.7400
    5.7730      0.7600
    4.8560      0.7800
    4.4765      0.8000
    4.5573      0.8200
    4.4818      0.8400
    3.7969      0.8600
    2.7113      0.8800
    1.8620      0.9000
    1.7684      0.9200
    2.5640      0.9400
    3.9176      0.9600
    5.1684      0.9800
    5.9331      1.0000
    6.4998      1.0200
    7.2075      1.0400
    7.7224      1.0600
    7.4363      1.0800
    6.3233      1.1000
    4.9305      1.1200
    3.6764      1.1400
    2.6176      1.1600
    1.8378      1.1800
    1.5654      1.2000
    1.8142      1.2200
    2.2492      1.2400
    2.5143      1.2600
    2.5022      1.2800
    2.3128      1.3000
    2.1777      1.3200
    2.3657      1.3400
    2.8998      1.3600
    3.4705      1.3800
    3.9018      1.4000
    4.4884      1.4200
    5.4834      1.4400
    6.5310      1.4600
    7.0647      1.4800
    7.0094      1.5000
    6.7986      1.5200
    6.8897      1.5400
    7.3124      1.5600
    7.6188      1.5800
    7.3647      1.6000
    6.5438      1.6200
    5.4393      1.6400
    4.3042      1.6600
    3.3364      1.6800
    2.7493      1.7000
    2.7166      1.7200
    3.2204      1.7400
    3.9388      1.7600
    4.4454      1.7800
    4.6196      1.8000
    4.7014      1.8200
    4.8722      1.8400
    4.9299      1.8600
    4.5453      1.8800
    3.8090      1.9000
    3.2456      1.9200
    3.1764      1.9400
    3.3797      1.9600
    3.4767      1.9800
    3.3133      2.0000
