    0.0000     -7.9930
    0.0000     -7.9735
    0.0000     -7.9540
    0.0000     -7.9345
    0.0000     -7.9150
    0.0000     -7.8955
    0.0000     -7.8760
    0.0000     -7.8565
    0.0000     -7.8370
    0.0000     -7.8175
    0.0000     -7.7980
    0.0000     -7.7785
    0.0000     -7.7590
    0.0000     -7.7395
    0.0000     -7.7200
    0.0000     -7.7005
    0.0000     -7.6810
    0.0000     -7.6615
    0.0000     -7.6420
    0.0000     -7.6225
    0.0000     -7.6030
    0.0000     -7.5835
    0.0000     -7.5640
    0.0000     -7.5445
    0.0000     -7.5250
    0.0000     -7.5055
    0.0000     -7.4860
    0.0000     -7.4665
    0.0000     -7.4470
    0.0000     -7.4275
    0.0000     -7.4080
    0.0000     -7.3885
    0.0000     -7.3690
    0.0000     -7.3495
    0.0000     -7.3300
    0.0000     -7.3105
    0.0000     -7.2910
    0.0000     -7.2715
    0.0000     -7.2520
    0.0000     -7.2325
    0.0000     -7.2130
    0.0001     -7.1935
    0.0002     -7.1740
    0.0007     -7.1545
    0.0017     -7.1350
    0.0034     -7.1155
    0.0057     -7.0960
    0.0077     -7.0765
    0.0081     -7.0570
    0.0072     -7.0375
    0.0064     -7.0180
    0.0072     -6.9985
    0.0095     -6.9790
    0.0117     -6.9595
    0.0122     -6.9400
    0.0106     -6.9205
    0.0076     -6.9010
    0.0048     -6.8815
    0.0039     -6.8620
    0.0059     -6.8425
    0.0102     -6.8230
    0.0142     -6.8035
    0.0152     -6.7840
    0.0131     -6.7645
    0.0105     -6.7450
    0.0091     -6.7255
    0.0082     -6.7060
    0.0064     -6.6865
    0.0043     -6.6670
    0.0034     -6.6475
    0.0049     -6.6280
    0.0089     -6.6085
    0.0143     -6.5890
    0.0187     -6.5695
    0.0195     -6.5500
    0.0163     -6.5305
    0.0112     -6.5110
    0.0075     -6.4915
    0.0066     -6.4720
    0.0070     -6.4525
    0.0068     -6.4330
    0.0056     -6.4135
    0.0050     -6.3940
    0.0069     -6.3745
    0.0111     -6.3550
    0.0155     -6.3355
    0.0181     -6.3160
    0.0191     -6.2965
    0.0196     -6.2770
    0.0194     -6.2575
    0.0177     -6.2380
    0.0155     -6.2185
    0.0142     -6.1990
    0.0142     -6.1795
    0.0150     -6.1600
    0.0161     -6.1405
    0.0180     -6.1210
    0.0211     -6.1015
    0.0256     -6.0820
    0.0305     -6.0625
    0.0343     -6.0430
    0.0368     -6.0235
    0.0389     -6.0040
    0.0407     -5.9845
    0.0419     -5.9650
    0.0438     -5.9455
    0.0479     -5.9260
    0.0540     -5.9065
    0.0618     -5.8870
    0.0728     -5.8675
    0.0875     -5.8480
    0.1016     -5.8285
    0.1088     -5.8090
    0.1066     -5.7895
    0.1001     -5.7700
    0.0964     -5.7505
    0.0967     -5.7310
    0.0963     -5.7115
    0.0943     -5.6920
    0.0956     -5.6725
    0.1040     -5.6530
    0.1161     -5.6335
    0.1241     -5.6140
    0.1250     -5.5945
    0.1229     -5.5750
    0.1234     -5.5555
    0.1286     -5.5360
    0.1358     -5.5165
    0.1402     -5.4970
    0.1407     -5.4775
    0.1415     -5.4580
    0.1463     -5.4385
    0.1547     -5.4190
    0.1660     -5.3995
    0.1789     -5.3800
    0.1877     -5.3605
    0.1823     -5.3410
    0.1612     -5.3215
    0.1369     -5.3020
    0.1247     -5.2825
    0.1273     -5.2630
    0.1345     -5.2435
    0.1378     -5.2240
    0.1378     -5.2045
    0.1388     -5.1850
    0.1407     -5.1655
    0.1408     -5.1460
    0.1399     -5.1265
    0.1410     -5.1070
    0.1445     -5.0875
    0.1495     -5.0680
    0.1551     -5.0485
    0.1593     -5.0290
    0.1581     -5.0095
    0.1503     -4.9900
    0.1398     -4.9705
    0.1321     -4.9510
    0.1285     -4.9315
    0.1272     -4.9120
    0.1260     -4.8925
    0.1239     -4.8730
    0.1209     -4.8535
    0.1166     -4.8340
    0.1106     -4.8145
    0.1029     -4.7950
    0.0955     -4.7755
    0.0912     -4.7560
    0.0908     -4.7365
    0.0909     -4.7170
    0.0872     -4.6975
    0.0793     -4.6780
    0.0717     -4.6585
    0.0688     -4.6390
    0.0709     -4.6195
    0.0737     -4.6000
    0.0723     -4.5805
    0.0670     -4.5610
    0.0630     -4.5415
    0.0642     -4.5220
    0.0692     -4.5025
    0.0738     -4.4830
    0.0758     -4.4635
    0.0765     -4.4440
    0.0780     -4.4245
    0.0810     -4.4050
    0.0860     -4.3855
    0.0947     -4.3660
    0.1084     -4.3465
    0.1250     -4.3270
    0.1381     -4.3075
    0.1403     -4.2880
    0.1296     -4.2685
    0.1126     -4.2490
    0.0990     -4.2295
    0.0945     -4.2100
    0.0978     -4.1905
    0.1030     -4.1710
    0.1054     -4.1515
    0.1043     -4.1320
    0.1027     -4.1125
    0.1041     -4.0930
    0.1091     -4.0735
    0.1159     -4.0540
    0.1217     -4.0345
    0.1249     -4.0150
    0.1261     -3.9955
    0.1276     -3.9760
    0.1324     -3.9565
    0.1398     -3.9370
    0.1457     -3.9175
    0.1464     -3.8980
    0.1420     -3.8785
    0.1364     -3.8590
    0.1326     -3.8395
    0.1311     -3.8200
    0.1323     -3.8005
    0.1368     -3.7810
    0.1449     -3.7615
    0.1537     -3.7420
    0.1592     -3.7225
    0.1597     -3.7030
    0.1567     -3.6835
    0.1516     -3.6640
    0.1448     -3.6445
    0.1375     -3.6250
    0.1325     -3.6055
    0.1321     -3.5860
    0.1359     -3.5665
    0.1407     -3.5470
    0.1431     -3.5275
    0.1431     -3.5080
    0.1426     -3.4885
    0.1422     -3.4690
    0.1401     -3.4495
    0.1345     -3.4300
    0.1268     -3.4105
    0.1209     -3.3910
    0.1204     -3.3715
    0.1243     -3.3520
    0.1278     -3.3325
    0.1273     -3.3130
    0.1230     -3.2935
    0.1177     -3.2740
    0.1143     -3.2545
    0.1141     -3.2350
    0.1177     -3.2155
    0.1246     -3.1960
    0.1327     -3.1765
    0.1379     -3.1570
    0.1369     -3.1375
    0.1304     -3.1180
    0.1203     -3.0985
    0.1075     -3.0790
    0.0932     -3.0595
    0.0808     -3.0400
    0.0727     -3.0205
    0.0683     -3.0010
    0.0656     -2.9815
    0.0630     -2.9620
    0.0597     -2.9425
    0.0563     -2.9230
    0.0532     -2.9035
    0.0494     -2.8840
    0.0440     -2.8645
    0.0380     -2.8450
    0.0352     -2.8255
    0.0389     -2.8060
    0.0485     -2.7865
    0.0577     -2.7670
    0.0588     -2.7475
    0.0497     -2.7280
    0.0353     -2.7085
    0.0226     -2.6890
    0.0157     -2.6695
    0.0143     -2.6500
    0.0150     -2.6305
    0.0149     -2.6110
    0.0123     -2.5915
    0.0084     -2.5720
    0.0057     -2.5525
    0.0062     -2.5330
    0.0103     -2.5135
    0.0169     -2.4940
    0.0265     -2.4745
    0.0414     -2.4550
    0.0630     -2.4355
    0.0868     -2.4160
    0.1031     -2.3965
    0.1038     -2.3770
    0.0890     -2.3575
    0.0673     -2.3380
    0.0504     -2.3185
    0.0438     -2.2990
    0.0442     -2.2795
    0.0443     -2.2600
    0.0414     -2.2405
    0.0364     -2.2210
    0.0300     -2.2015
    0.0227     -2.1820
    0.0175     -2.1625
    0.0176     -2.1430
    0.0223     -2.1235
    0.0269     -2.1040
    0.0274     -2.0845
    0.0247     -2.0650
    0.0229     -2.0455
    0.0245     -2.0260
    0.0290     -2.0065
    0.0330     -1.9870
    0.0337     -1.9675
    0.0331     -1.9480
    0.0382     -1.9285
    0.0578     -1.9090
    0.0964     -1.8895
    0.1502     -1.8700
    0.2035     -1.8505
    0.2352     -1.8310
    0.2349     -1.8115
    0.2077     -1.7920
    0.1658     -1.7725
    0.1198     -1.7530
    0.0807     -1.7335
    0.0610     -1.7140
    0.0698     -1.6945
    0.1019     -1.6750
    0.1352     -1.6555
    0.1460     -1.6360
    0.1297     -1.6165
    0.1016     -1.5970
    0.0807     -1.5775
    0.0740     -1.5580
    0.0724     -1.5385
    0.0625     -1.5190
    0.0427     -1.4995
    0.0224     -1.4800
    0.0109     -1.4605
    0.0110     -1.4410
    0.0227     -1.4215
    0.0440     -1.4020
    0.0714     -1.3825
    0.1044     -1.3630
    0.1530     -1.3435
    0.2310     -1.3240
    0.3425     -1.3045
    0.4715     -1.2850
    0.5827     -1.2655
    0.6489     -1.2460
    0.6967     -1.2265
    0.7846     -1.2070
    0.9045     -1.1875
    0.9611     -1.1680
    0.8795     -1.1485
    0.6848     -1.1290
    0.4674     -1.1095
    0.3165     -1.0900
    0.2798     -1.0705
    0.3390     -1.0510
    0.4164     -1.0315
    0.4410     -1.0120
    0.4225     -0.9925
    0.4398     -0.9730
    0.5423     -0.9535
    0.6920     -0.9340
    0.8378     -0.9145
    1.0296     -0.8950
    1.3835     -0.8755
    1.8869     -0.8560
    2.3243     -0.8365
    2.5202     -0.8170
    2.5913     -0.7975
    2.8429     -0.7780
    3.5211     -0.7585
    4.7081     -0.7390
    6.2344     -0.7195
    7.6164     -0.7000
    8.3443     -0.6805
    8.4084     -0.6610
    8.3284     -0.6415
    8.5596     -0.6220
    9.1569     -0.6025
   10.0024     -0.5830
   10.9614     -0.5635
   11.7691     -0.5440
   12.0147     -0.5245
   11.3733     -0.5050
    9.8752     -0.4855
    7.9131     -0.4660
    5.9376     -0.4465
    4.1794     -0.4270
    2.7118     -0.4075
    1.6564     -0.3880
    1.1532     -0.3685
    1.1600     -0.3490
    1.4196     -0.3295
    1.6600     -0.3100
    1.7607     -0.2905
    1.7163     -0.2710
    1.5532     -0.2515
    1.3483     -0.2320
    1.2453     -0.2125
    1.3492     -0.1930
    1.6005     -0.1735
    1.8247     -0.1540
    1.8961     -0.1345
    1.7908     -0.1150
    1.5431     -0.0955
    1.2415     -0.0760
    0.9991     -0.0565
    0.8537     -0.0370
    0.7422     -0.0175
    0.6018      0.0020
    0.4534      0.0215
    0.3704      0.0410
    0.3925      0.0605
    0.4794      0.0800
    0.5468      0.0995
    0.5398      0.1190
    0.4602      0.1385
    0.3454      0.1580
    0.2449      0.1775
    0.1948      0.1970
    0.1895      0.2165
    0.1913      0.2360
    0.1768      0.2555
    0.1616      0.2750
    0.1693      0.2945
    0.1925      0.3140
    0.2024      0.3335
    0.1877      0.3530
    0.1666      0.3725
    0.1639      0.3920
    0.1902      0.4115
    0.2384      0.4310
    0.2960      0.4505
    0.3619      0.4700
    0.4419      0.4895
    0.5292      0.5090
    0.6022      0.5285
    0.6463      0.5480
    0.6678      0.5675
    0.6769      0.5870
    0.6635      0.6065
    0.6062      0.6260
    0.5092      0.6455
    0.4119      0.6650
    0.3482      0.6845
    0.3127      0.7040
    0.2782      0.7235
    0.2319      0.7430
    0.1837      0.7625
    0.1478      0.7820
    0.1262      0.8015
    0.1085      0.8210
    0.0854      0.8405
    0.0606      0.8600
    0.0469      0.8795
    0.0501      0.8990
    0.0644      0.9185
    0.0821      0.9380
    0.1014      0.9575
    0.1201      0.9770
    0.1324      0.9965
    0.1380      1.0160
    0.1414      1.0355
    0.1388      1.0550
    0.1238      1.0745
    0.1089      1.0940
    0.1203      1.1135
    0.1667      1.1330
    0.2237      1.1525
    0.2552      1.1720
    0.2469      1.1915
    0.2120      1.2110
    0.1706      1.2305
    0.1351      1.2500
    0.1155      1.2695
    0.1209      1.2890
    0.1521      1.3085
    0.2007      1.3280
    0.2613      1.3475
    0.3294      1.3670
    0.3874      1.3865
    0.4105      1.4060
    0.3922      1.4255
    0.3467      1.4450
    0.2894      1.4645
    0.2303      1.4840
    0.1807      1.5035
    0.1488      1.5230
    0.1304      1.5425
    0.1110      1.5620
    0.0828      1.5815
    0.0533      1.6010
    0.0362      1.6205
    0.0384      1.6400
    0.0574      1.6595
    0.0863      1.6790
    0.1167      1.6985
    0.1368      1.7180
    0.1346      1.7375
    0.1083      1.7570
    0.0714      1.7765
    0.0438      1.7960
    0.0375      1.8155
    0.0516      1.8350
    0.0801      1.8545
    0.1223      1.8740
    0.1822      1.8935
    0.2508      1.9130
    0.2998      1.9325
    0.3068      1.9520
    0.2782      1.9715
    0.2360      1.9910
