    0.0000     -7.9930
    0.0000     -7.9735
    0.0000     -7.9540
    0.0000     -7.9345
    0.0000     -7.9150
    0.0000     -7.8955
    0.0000     -7.8760
    0.0000     -7.8565
    0.0000     -7.8370
    0.0000     -7.8175
    0.0000     -7.7980
    0.0000     -7.7785
    0.0000     -7.7590
    0.0000     -7.7395
    0.0000     -7.7200
    0.0000     -7.7005
    0.0000     -7.6810
    0.0000     -7.6615
    0.0000     -7.6420
    0.0000     -7.6225
    0.0000     -7.6030
    0.0000     -7.5835
    0.0000     -7.5640
    0.0000     -7.5445
    0.0000     -7.5250
    0.0000     -7.5055
    0.0000     -7.4860
    0.0000     -7.4665
    0.0000     -7.4470
    0.0000     -7.4275
    0.0000     -7.4080
    0.0000     -7.3885
    0.0000     -7.3690
    0.0000     -7.3495
    0.0000     -7.3300
    0.0000     -7.3105
    0.0000     -7.2910
    0.0002     -7.2715
    0.0009     -7.2520
    0.0035     -7.2325
    0.0110     -7.2130
    0.0281     -7.1935
    0.0585     -7.1740
    0.0981     -7.1545
    0.1332     -7.1350
    0.1558     -7.1155
    0.1811     -7.0960
    0.2342     -7.0765
    0.3112     -7.0570
    0.3758     -7.0375
    0.4115     -7.0180
    0.4728     -6.9985
    0.6629     -6.9790
    1.0451     -6.9595
    1.5997     -6.9400
    2.2576     -6.9205
    2.8785     -6.9010
    3.2047     -6.8815
    3.0376     -6.8620
    2.5137     -6.8425
    2.0038     -6.8230
    1.7075     -6.8035
    1.5239     -6.7840
    1.3085     -6.7645
    1.0723     -6.7450
    0.8900     -6.7255
    0.7539     -6.7060
    0.6081     -6.6865
    0.4442     -6.6670
    0.2935     -6.6475
    0.1829     -6.6280
    0.1300     -6.6085
    0.1405     -6.5890
    0.1933     -6.5695
    0.2424     -6.5500
    0.2465     -6.5305
    0.2057     -6.5110
    0.1751     -6.4915
    0.2630     -6.4720
    0.6587     -6.4525
    1.6438     -6.4330
    3.3566     -6.4135
    5.3099     -6.3940
    6.3760     -6.3745
    5.7705     -6.3550
    3.9468     -6.3355
    2.0829     -6.3160
    0.9193     -6.2965
    0.4294     -6.2770
    0.2746     -6.2575
    0.2076     -6.2380
    0.1466     -6.2185
    0.0963     -6.1990
    0.0687     -6.1795
    0.0579     -6.1600
    0.0519     -6.1405
    0.0466     -6.1210
    0.0450     -6.1015
    0.0481     -6.0820
    0.0526     -6.0625
    0.0548     -6.0430
    0.0533     -6.0235
    0.0512     -6.0040
    0.0535     -5.9845
    0.0630     -5.9650
    0.0784     -5.9455
    0.0960     -5.9260
    0.1134     -5.9065
    0.1311     -5.8870
    0.1509     -5.8675
    0.1726     -5.8480
    0.1934     -5.8285
    0.2119     -5.8090
    0.2306     -5.7895
    0.2537     -5.7700
    0.2822     -5.7505
    0.3150     -5.7310
    0.3571     -5.7115
    0.4230     -5.6920
    0.5291     -5.6725
    0.6843     -5.6530
    0.8889     -5.6335
    1.1347     -5.6140
    1.4056     -5.5945
    1.6926     -5.5750
    1.9939     -5.5555
    2.2698     -5.5360
    2.4120     -5.5165
    2.3117     -5.4970
    1.9746     -5.4775
    1.5397     -5.4580
    1.1651     -5.4385
    0.9120     -5.4190
    0.7495     -5.3995
    0.6320     -5.3800
    0.5364     -5.3605
    0.4516     -5.3410
    0.3729     -5.3215
    0.3058     -5.3020
    0.2574     -5.2825
    0.2268     -5.2630
    0.2087     -5.2435
    0.1999     -5.2240
    0.1982     -5.2045
    0.2013     -5.1850
    0.2109     -5.1655
    0.2313     -5.1460
    0.2610     -5.1265
    0.2891     -5.1070
    0.3046     -5.0875
    0.3043     -5.0680
    0.2907     -5.0485
    0.2684     -5.0290
    0.2451     -5.0095
    0.2285     -4.9900
    0.2184     -4.9705
    0.2058     -4.9510
    0.1843     -4.9315
    0.1572     -4.9120
    0.1336     -4.8925
    0.1184     -4.8730
    0.1099     -4.8535
    0.1046     -4.8340
    0.1002     -4.8145
    0.0973     -4.7950
    0.0973     -4.7755
    0.1009     -4.7560
    0.1059     -4.7365
    0.1087     -4.7170
    0.1075     -4.6975
    0.1033     -4.6780
    0.0988     -4.6585
    0.0958     -4.6390
    0.0934     -4.6195
    0.0898     -4.6000
    0.0860     -4.5805
    0.0853     -4.5610
    0.0886     -4.5415
    0.0921     -4.5220
    0.0902     -4.5025
    0.0819     -4.4830
    0.0733     -4.4635
    0.0714     -4.4440
    0.0784     -4.4245
    0.0917     -4.4050
    0.1074     -4.3855
    0.1207     -4.3660
    0.1267     -4.3465
    0.1235     -4.3270
    0.1140     -4.3075
    0.1024     -4.2880
    0.0917     -4.2685
    0.0840     -4.2490
    0.0817     -4.2295
    0.0851     -4.2100
    0.0912     -4.1905
    0.0970     -4.1710
    0.1016     -4.1515
    0.1058     -4.1320
    0.1091     -4.1125
    0.1104     -4.0930
    0.1093     -4.0735
    0.1067     -4.0540
    0.1034     -4.0345
    0.1002     -4.0150
    0.0995     -3.9955
    0.1029     -3.9760
    0.1087     -3.9565
    0.1131     -3.9370
    0.1139     -3.9175
    0.1122     -3.8980
    0.1110     -3.8785
    0.1126     -3.8590
    0.1172     -3.8395
    0.1222     -3.8200
    0.1244     -3.8005
    0.1218     -3.7810
    0.1162     -3.7615
    0.1129     -3.7420
    0.1181     -3.7225
    0.1332     -3.7030
    0.1531     -3.6835
    0.1698     -3.6640
    0.1792     -3.6445
    0.1820     -3.6250
    0.1799     -3.6055
    0.1728     -3.5860
    0.1608     -3.5665
    0.1477     -3.5470
    0.1384     -3.5275
    0.1342     -3.5080
    0.1322     -3.4885
    0.1292     -3.4690
    0.1257     -3.4495
    0.1245     -3.4300
    0.1268     -3.4105
    0.1299     -3.3910
    0.1296     -3.3715
    0.1249     -3.3520
    0.1180     -3.3325
    0.1109     -3.3130
    0.1042     -3.2935
    0.0978     -3.2740
    0.0924     -3.2545
    0.0894     -3.2350
    0.0916     -3.2155
    0.1012     -3.1960
    0.1163     -3.1765
    0.1302     -3.1570
    0.1356     -3.1375
    0.1300     -3.1180
    0.1180     -3.0985
    0.1076     -3.0790
    0.1025     -3.0595
    0.0996     -3.0400
    0.0945     -3.0205
    0.0889     -3.0010
    0.0883     -2.9815
    0.0953     -2.9620
    0.1067     -2.9425
    0.1166     -2.9230
    0.1203     -2.9035
    0.1169     -2.8840
    0.1089     -2.8645
    0.1023     -2.8450
    0.1088     -2.8255
    0.1517     -2.8060
    0.2670     -2.7865
    0.4830     -2.7670
    0.7749     -2.7475
    1.0446     -2.7280
    1.1764     -2.7085
    1.1217     -2.6890
    0.9159     -2.6695
    0.6387     -2.6500
    0.3749     -2.6305
    0.1830     -2.6110
    0.0748     -2.5915
    0.0275     -2.5720
    0.0128     -2.5525
    0.0136     -2.5330
    0.0223     -2.5135
    0.0346     -2.4940
    0.0469     -2.4745
    0.0551     -2.4550
    0.0564     -2.4355
    0.0508     -2.4160
    0.0412     -2.3965
    0.0311     -2.3770
    0.0229     -2.3575
    0.0185     -2.3380
    0.0187     -2.3185
    0.0233     -2.2990
    0.0309     -2.2795
    0.0405     -2.2600
    0.0505     -2.2405
    0.0584     -2.2210
    0.0633     -2.2015
    0.0685     -2.1820
    0.0791     -2.1625
    0.0950     -2.1430
    0.1092     -2.1235
    0.1145     -2.1040
    0.1114     -2.0845
    0.1056     -2.0650
    0.1005     -2.0455
    0.0945     -2.0260
    0.0861     -2.0065
    0.0771     -1.9870
    0.0709     -1.9675
    0.0696     -1.9480
    0.0746     -1.9285
    0.0870     -1.9090
    0.1082     -1.8895
    0.1404     -1.8700
    0.1860     -1.8505
    0.2426     -1.8310
    0.2980     -1.8115
    0.3313     -1.7920
    0.3304     -1.7725
    0.3062     -1.7530
    0.2761     -1.7335
    0.2424     -1.7140
    0.1994     -1.6945
    0.1530     -1.6750
    0.1186     -1.6555
    0.1076     -1.6360
    0.1181     -1.6165
    0.1337     -1.5970
    0.1356     -1.5775
    0.1188     -1.5580
    0.0949     -1.5385
    0.0781     -1.5190
    0.0740     -1.4995
    0.0789     -1.4800
    0.0837     -1.4605
    0.0824     -1.4410
    0.0772     -1.4215
    0.0734     -1.4020
    0.0709     -1.3825
    0.0642     -1.3630
    0.0505     -1.3435
    0.0343     -1.3240
    0.0230     -1.3045
    0.0199     -1.2850
    0.0220     -1.2655
    0.0258     -1.2460
    0.0314     -1.2265
    0.0404     -1.2070
    0.0507     -1.1875
    0.0579     -1.1680
    0.0612     -1.1485
    0.0633     -1.1290
    0.0676     -1.1095
    0.0745     -1.0900
    0.0822     -1.0705
    0.0883     -1.0510
    0.0932     -1.0315
    0.1022     -1.0120
    0.1212     -0.9925
    0.1457     -0.9730
    0.1604     -0.9535
    0.1538     -0.9340
    0.1303     -0.9145
    0.1030     -0.8950
    0.0808     -0.8755
    0.0655     -0.8560
    0.0551     -0.8365
    0.0468     -0.8170
    0.0407     -0.7975
    0.0400     -0.7780
    0.0464     -0.7585
    0.0569     -0.7390
    0.0643     -0.7195
    0.0632     -0.7000
    0.0548     -0.6805
    0.0447     -0.6610
    0.0396     -0.6415
    0.0436     -0.6220
    0.0553     -0.6025
    0.0672     -0.5830
    0.0732     -0.5635
    0.0742     -0.5440
    0.0793     -0.5245
    0.1063     -0.5050
    0.1801     -0.4855
    0.3084     -0.4660
    0.4479     -0.4465
    0.5228     -0.4270
    0.5007     -0.4075
    0.4254     -0.3880
    0.3599     -0.3685
    0.3274     -0.3490
    0.3216     -0.3295
    0.3457     -0.3100
    0.4220     -0.2905
    0.5634     -0.2710
    0.7581     -0.2515
    1.0119     -0.2320
    1.4063     -0.2125
    2.0837     -0.1930
    3.1079     -0.1735
    4.2650     -0.1540
    5.0432     -0.1345
    4.9862     -0.1150
    4.1263     -0.0955
    2.9481     -0.0760
    1.9246     -0.0565
    1.2219     -0.0370
    0.7953     -0.0175
    0.5688      0.0020
    0.4870      0.0215
    0.5023      0.0410
    0.5766      0.0605
    0.6813      0.0800
    0.7724      0.0995
    0.7909      0.1190
    0.7214      0.1385
    0.6222      0.1580
    0.5652      0.1775
    0.5744      0.1970
    0.6358      0.2165
    0.7215      0.2360
    0.7875      0.2555
    0.7964      0.2750
    0.7590      0.2945
    0.7154      0.3140
    0.6703      0.3335
    0.5874      0.3530
    0.4521      0.3725
    0.3040      0.3920
    0.1989      0.4115
    0.1619      0.4310
    0.1796      0.4505
    0.2214      0.4700
    0.2551      0.4895
    0.2596      0.5090
    0.2454      0.5285
    0.2519      0.5480
    0.3047      0.5675
    0.3835      0.5870
    0.4428      0.6065
    0.4540      0.6260
    0.4188      0.6455
    0.3576      0.6650
    0.2965      0.6845
    0.2525      0.7040
    0.2259      0.7235
    0.2078      0.7430
    0.1957      0.7625
    0.1958      0.7820
    0.2088      0.8015
    0.2198      0.8210
    0.2090      0.8405
    0.1715      0.8600
    0.1238      0.8795
    0.0886      0.8990
    0.0780      0.9185
    0.0891      0.9380
    0.1101      0.9575
    0.1282      0.9770
    0.1372      0.9965
    0.1373      1.0160
    0.1287      1.0355
    0.1109      1.0550
    0.0864      1.0745
    0.0602      1.0940
    0.0377      1.1135
    0.0228      1.1330
    0.0184      1.1525
    0.0251      1.1720
    0.0417      1.1915
    0.0632      1.2110
    0.0821      1.2305
    0.0938      1.2500
    0.0992      1.2695
    0.0992      1.2890
    0.0914      1.3085
    0.0753      1.3280
    0.0566      1.3475
    0.0442      1.3670
    0.0446      1.3865
    0.0583      1.4060
    0.0791      1.4255
    0.0978      1.4450
    0.1082      1.4645
    0.1096      1.4840
    0.1047      1.5035
    0.0970      1.5230
    0.0904      1.5425
    0.0922      1.5620
    0.1084      1.5815
    0.1355      1.6010
    0.1566      1.6205
    0.1540      1.6400
    0.1261      1.6595
    0.0882      1.6790
    0.0573      1.6985
    0.0398      1.7180
    0.0319      1.7375
    0.0274      1.7570
    0.0232      1.7765
    0.0199      1.7960
    0.0194      1.8155
    0.0236      1.8350
    0.0338      1.8545
    0.0495      1.8740
    0.0655      1.8935
    0.0741      1.9130
    0.0724      1.9325
    0.0647      1.9520
    0.0575      1.9715
    0.0545      1.9910
