    0.0038     -8.0000
    0.0019     -7.9800
    0.0024     -7.9600
    0.0047     -7.9400
    0.0074     -7.9200
    0.0084     -7.9000
    0.0070     -7.8800
    0.0043     -7.8600
    0.0023     -7.8400
    0.0024     -7.8200
    0.0051     -7.8000
    0.0103     -7.7800
    0.0155     -7.7600
    0.0172     -7.7400
    0.0150     -7.7200
    0.0127     -7.7000
    0.0136     -7.6800
    0.0165     -7.6600
    0.0170     -7.6400
    0.0132     -7.6200
    0.0075     -7.6000
    0.0031     -7.5800
    0.0010     -7.5600
    0.0005     -7.5400
    0.0013     -7.5200
    0.0037     -7.5000
    0.0082     -7.4800
    0.0144     -7.4600
    0.0205     -7.4400
    0.0250     -7.4200
    0.0264     -7.4000
    0.0250     -7.3800
    0.0240     -7.3600
    0.0271     -7.3400
    0.0348     -7.3200
    0.0428     -7.3000
    0.0454     -7.2800
    0.0412     -7.2600
    0.0325     -7.2400
    0.0230     -7.2200
    0.0160     -7.2000
    0.0141     -7.1800
    0.0174     -7.1600
    0.0243     -7.1400
    0.0340     -7.1200
    0.0430     -7.1000
    0.0447     -7.0800
    0.0366     -7.0600
    0.0254     -7.0400
    0.0195     -7.0200
    0.0198     -7.0000
    0.0207     -6.9800
    0.0188     -6.9600
    0.0158     -6.9400
    0.0149     -6.9200
    0.0177     -6.9000
    0.0240     -6.8800
    0.0332     -6.8600
    0.0434     -6.8400
    0.0534     -6.8200
    0.0618     -6.8000
    0.0633     -6.7800
    0.0533     -6.7600
    0.0351     -6.7400
    0.0180     -6.7200
    0.0085     -6.7000
    0.0073     -6.6800
    0.0123     -6.6600
    0.0202     -6.6400
    0.0270     -6.6200
    0.0292     -6.6000
    0.0259     -6.5800
    0.0203     -6.5600
    0.0180     -6.5400
    0.0228     -6.5200
    0.0321     -6.5000
    0.0388     -6.4800
    0.0400     -6.4600
    0.0402     -6.4400
    0.0438     -6.4200
    0.0477     -6.4000
    0.0468     -6.3800
    0.0422     -6.3600
    0.0378     -6.3400
    0.0334     -6.3200
    0.0272     -6.3000
    0.0214     -6.2800
    0.0208     -6.2600
    0.0269     -6.2400
    0.0346     -6.2200
    0.0371     -6.2000
    0.0337     -6.1800
    0.0302     -6.1600
    0.0317     -6.1400
    0.0378     -6.1200
    0.0446     -6.1000
    0.0482     -6.0800
    0.0463     -6.0600
    0.0409     -6.0400
    0.0375     -6.0200
    0.0391     -6.0000
    0.0425     -5.9800
    0.0412     -5.9600
    0.0321     -5.9400
    0.0192     -5.9200
    0.0089     -5.9000
    0.0045     -5.8800
    0.0062     -5.8600
    0.0132     -5.8400
    0.0247     -5.8200
    0.0395     -5.8000
    0.0561     -5.7800
    0.0718     -5.7600
    0.0823     -5.7400
    0.0836     -5.7200
    0.0776     -5.7000
    0.0724     -5.6800
    0.0743     -5.6600
    0.0792     -5.6400
    0.0766     -5.6200
    0.0629     -5.6000
    0.0448     -5.5800
    0.0320     -5.5600
    0.0315     -5.5400
    0.0444     -5.5200
    0.0640     -5.5000
    0.0793     -5.4800
    0.0809     -5.4600
    0.0673     -5.4400
    0.0466     -5.4200
    0.0306     -5.4000
    0.0256     -5.3800
    0.0305     -5.3600
    0.0421     -5.3400
    0.0597     -5.3200
    0.0816     -5.3000
    0.1017     -5.2800
    0.1145     -5.2600
    0.1199     -5.2400
    0.1196     -5.2200
    0.1114     -5.2000
    0.0946     -5.1800
    0.0753     -5.1600
    0.0615     -5.1400
    0.0559     -5.1200
    0.0547     -5.1000
    0.0534     -5.0800
    0.0493     -5.0600
    0.0415     -5.0400
    0.0330     -5.0200
    0.0309     -5.0000
    0.0417     -4.9800
    0.0659     -4.9600
    0.0971     -4.9400
    0.1266     -4.9200
    0.1493     -4.9000
    0.1643     -4.8800
    0.1713     -4.8600
    0.1672     -4.8400
    0.1481     -4.8200
    0.1171     -4.8000
    0.0883     -4.7800
    0.0729     -4.7600
    0.0701     -4.7400
    0.0756     -4.7200
    0.0907     -4.7000
    0.1179     -4.6800
    0.1503     -4.6600
    0.1756     -4.6400
    0.1882     -4.6200
    0.1894     -4.6000
    0.1805     -4.5800
    0.1641     -4.5600
    0.1457     -4.5400
    0.1292     -4.5200
    0.1146     -4.5000
    0.1031     -4.4800
    0.1000     -4.4600
    0.1101     -4.4400
    0.1304     -4.4200
    0.1498     -4.4000
    0.1580     -4.3800
    0.1542     -4.3600
    0.1445     -4.3400
    0.1372     -4.3200
    0.1414     -4.3000
    0.1645     -4.2800
    0.2048     -4.2600
    0.2495     -4.2400
    0.2807     -4.2200
    0.2865     -4.2000
    0.2700     -4.1800
    0.2499     -4.1600
    0.2443     -4.1400
    0.2555     -4.1200
    0.2723     -4.1000
    0.2810     -4.0800
    0.2746     -4.0600
    0.2590     -4.0400
    0.2496     -4.0200
    0.2551     -4.0000
    0.2712     -3.9800
    0.2882     -3.9600
    0.2989     -3.9400
    0.2974     -3.9200
    0.2807     -3.9000
    0.2563     -3.8800
    0.2393     -3.8600
    0.2337     -3.8400
    0.2282     -3.8200
    0.2158     -3.8000
    0.2026     -3.7800
    0.1965     -3.7600
    0.1979     -3.7400
    0.2057     -3.7200
    0.2228     -3.7000
    0.2526     -3.6800
    0.2929     -3.6600
    0.3356     -3.6400
    0.3682     -3.6200
    0.3809     -3.6000
    0.3725     -3.5800
    0.3512     -3.5600
    0.3269     -3.5400
    0.3036     -3.5200
    0.2812     -3.5000
    0.2677     -3.4800
    0.2786     -3.4600
    0.3166     -3.4400
    0.3573     -3.4200
    0.3666     -3.4000
    0.3319     -3.3800
    0.2758     -3.3600
    0.2404     -3.3400
    0.2511     -3.3200
    0.2947     -3.3000
    0.3341     -3.2800
    0.3411     -3.2600
    0.3131     -3.2400
    0.2639     -3.2200
    0.2120     -3.2000
    0.1747     -3.1800
    0.1622     -3.1600
    0.1767     -3.1400
    0.2144     -3.1200
    0.2642     -3.1000
    0.3088     -3.0800
    0.3374     -3.0600
    0.3523     -3.0400
    0.3583     -3.0200
    0.3527     -3.0000
    0.3310     -2.9800
    0.2964     -2.9600
    0.2606     -2.9400
    0.2349     -2.9200
    0.2233     -2.9000
    0.2273     -2.8800
    0.2510     -2.8600
    0.2940     -2.8400
    0.3426     -2.8200
    0.3771     -2.8000
    0.3893     -2.7800
    0.3898     -2.7600
    0.3958     -2.7400
    0.4144     -2.7200
    0.4378     -2.7000
    0.4519     -2.6800
    0.4492     -2.6600
    0.4359     -2.6400
    0.4253     -2.6200
    0.4284     -2.6000
    0.4521     -2.5800
    0.4989     -2.5600
    0.5617     -2.5400
    0.6266     -2.5200
    0.6854     -2.5000
    0.7345     -2.4800
    0.7625     -2.4600
    0.7534     -2.4400
    0.7042     -2.4200
    0.6345     -2.4000
    0.5788     -2.3800
    0.5666     -2.3600
    0.6068     -2.3400
    0.6805     -2.3200
    0.7507     -2.3000
    0.7897     -2.2800
    0.8030     -2.2600
    0.8179     -2.2400
    0.8440     -2.2200
    0.8529     -2.2000
    0.8082     -2.1800
    0.7088     -2.1600
    0.5941     -2.1400
    0.5102     -2.1200
    0.4773     -2.1000
    0.4834     -2.0800
    0.5011     -2.0600
    0.5085     -2.0400
    0.5028     -2.0200
    0.4983     -2.0000
    0.5094     -1.9800
    0.5346     -1.9600
    0.5541     -1.9400
    0.5451     -1.9200
    0.5059     -1.9000
    0.4635     -1.8800
    0.4531     -1.8600
    0.4891     -1.8400
    0.5554     -1.8200
    0.6205     -1.8000
    0.6618     -1.7800
    0.6726     -1.7600
    0.6560     -1.7400
    0.6159     -1.7200
    0.5554     -1.7000
    0.4823     -1.6800
    0.4139     -1.6600
    0.3642     -1.6400
    0.3343     -1.6200
    0.3177     -1.6000
    0.3060     -1.5800
    0.2900     -1.5600
    0.2676     -1.5400
    0.2484     -1.5200
    0.2440     -1.5000
    0.2533     -1.4800
    0.2644     -1.4600
    0.2667     -1.4400
    0.2566     -1.4200
    0.2342     -1.4000
    0.2046     -1.3800
    0.1815     -1.3600
    0.1803     -1.3400
    0.2053     -1.3200
    0.2506     -1.3000
    0.3073     -1.2800
    0.3647     -1.2600
    0.4183     -1.2400
    0.4770     -1.2200
    0.5445     -1.2000
    0.5952     -1.1800
    0.5909     -1.1600
    0.5213     -1.1400
    0.4122     -1.1200
    0.3104     -1.1000
    0.2917     -1.0800
    0.4607     -1.0600
    0.8867     -1.0400
    1.5102     -1.0200
    2.1625     -1.0000
    2.7162     -0.9800
    3.1404     -0.9600
    3.4221     -0.9400
    3.6321     -0.9200
    4.0358     -0.9000
    4.8371     -0.8800
    5.7945     -0.8600
    6.3702     -0.8400
    6.3621     -0.8200
    6.2333     -0.8000
    6.6164     -0.7800
    7.5399     -0.7600
    8.3889     -0.7400
    8.5565     -0.7200
    7.8716     -0.7000
    6.5729     -0.6800
    5.1787     -0.6600
    4.2230     -0.6400
    3.8626     -0.6200
    3.8479     -0.6000
    3.9252     -0.5800
    4.0523     -0.5600
    4.2034     -0.5400
    4.1989     -0.5200
    3.8268     -0.5000
    3.0589     -0.4800
    2.1069     -0.4600
    1.2876     -0.4400
    0.8199     -0.4200
    0.7106     -0.4000
    0.8012     -0.3800
    0.9137     -0.3600
    0.9543     -0.3400
    0.8962     -0.3200
    0.7403     -0.3000
    0.5365     -0.2800
    0.3621     -0.2600
    0.2446     -0.2400
    0.1625     -0.2200
    0.1057     -0.2000
    0.0973     -0.1800
    0.1728     -0.1600
    0.3481     -0.1400
    0.5888     -0.1200
    0.8246     -0.1000
    1.0058     -0.0800
    1.1280     -0.0600
    1.2039     -0.0400
    1.2442     -0.0200
    1.2565      0.0000
    1.2305      0.0200
    1.1275      0.0400
    0.9232      0.0600
    0.6641      0.0800
    0.4353      0.1000
    0.2779      0.1200
    0.1765      0.1400
    0.1068      0.1600
    0.0635      0.1800
    0.0520      0.2000
    0.0721      0.2200
    0.1111      0.2400
    0.1514      0.2600
    0.1878      0.2800
    0.2308      0.3000
    0.2814      0.3200
    0.3118      0.3400
    0.2877      0.3600
    0.2105      0.3800
    0.1210      0.4000
    0.0615      0.4200
    0.0477      0.4400
    0.0785      0.4600
    0.1498      0.4800
    0.2457      0.5000
    0.3269      0.5200
    0.3600      0.5400
    0.3556      0.5600
    0.3541      0.5800
    0.3842      0.6000
    0.4539      0.6200
    0.5549      0.6400
    0.6558      0.6600
    0.7070      0.6800
    0.6762      0.7000
    0.5791      0.7200
    0.4676      0.7400
    0.3843      0.7600
    0.3287      0.7800
    0.2707      0.8000
    0.1957      0.8200
    0.1207      0.8400
    0.0693      0.8600
    0.0478      0.8800
    0.0456      0.9000
    0.0501      0.9200
    0.0565      0.9400
    0.0661      0.9600
    0.0769      0.9800
    0.0828      1.0000
    0.0843      1.0200
    0.0890      1.0400
    0.0966      1.0600
    0.1002      1.0800
    0.1026      1.1000
    0.1116      1.1200
    0.1240      1.1400
    0.1371      1.1600
    0.1680      1.1800
    0.2315      1.2000
    0.3028      1.2200
    0.3387      1.2400
    0.3326      1.2600
    0.3149      1.2800
    0.3026      1.3000
    0.2814      1.3200
    0.2365      1.3400
    0.1805      1.3600
    0.1403      1.3800
    0.1279      1.4000
    0.1370      1.4200
    0.1662      1.4400
    0.2229      1.4600
    0.2989      1.4800
    0.3587      1.5000
    0.3681      1.5200
    0.3261      1.5400
    0.2602      1.5600
    0.1949      1.5800
    0.1387      1.6000
    0.0979      1.6200
    0.0836      1.6400
    0.0998      1.6600
    0.1304      1.6800
    0.1482      1.7000
    0.1375      1.7200
    0.1072      1.7400
    0.0815      1.7600
    0.0780      1.7800
    0.0946      1.8000
    0.1168      1.8200
    0.1335      1.8400
    0.1381      1.8600
    0.1268      1.8800
    0.1054      1.9000
    0.0932      1.9200
    0.1063      1.9400
    0.1405      1.9600
    0.1766      1.9800
    0.2017      2.0000
