    0.0000     -8.0000
    0.0000     -7.9800
    0.0000     -7.9600
    0.0000     -7.9400
    0.0000     -7.9200
    0.0000     -7.9000
    0.0000     -7.8800
    0.0000     -7.8600
    0.0000     -7.8400
    0.0000     -7.8200
    0.0000     -7.8000
    0.0000     -7.7800
    0.0001     -7.7600
    0.0005     -7.7400
    0.0038     -7.7200
    0.0201     -7.7000
    0.0779     -7.6800
    0.2195     -7.6600
    0.4496     -7.6400
    0.6692     -7.6200
    0.7238     -7.6000
    0.5690     -7.5800
    0.3250     -7.5600
    0.1349     -7.5400
    0.0407     -7.5200
    0.0089     -7.5000
    0.0014     -7.4800
    0.0002     -7.4600
    0.0000     -7.4400
    0.0000     -7.4200
    0.0000     -7.4000
    0.0000     -7.3800
    0.0000     -7.3600
    0.0000     -7.3400
    0.0000     -7.3200
    0.0000     -7.3000
    0.0000     -7.2800
    0.0002     -7.2600
    0.0007     -7.2400
    0.0021     -7.2200
    0.0049     -7.2000
    0.0097     -7.1800
    0.0155     -7.1600
    0.0196     -7.1400
    0.0197     -7.1200
    0.0177     -7.1000
    0.0179     -7.0800
    0.0222     -7.0600
    0.0276     -7.0400
    0.0299     -7.0200
    0.0269     -7.0000
    0.0199     -6.9800
    0.0127     -6.9600
    0.0101     -6.9400
    0.0154     -6.9200
    0.0268     -6.9000
    0.0372     -6.8800
    0.0391     -6.8600
    0.0335     -6.8400
    0.0274     -6.8200
    0.0244     -6.8000
    0.0213     -6.7800
    0.0158     -6.7600
    0.0108     -6.7400
    0.0112     -6.7200
    0.0198     -6.7000
    0.0352     -6.6800
    0.0513     -6.6600
    0.0595     -6.6400
    0.0548     -6.6200
    0.0421     -6.6000
    0.0315     -6.5800
    0.0314     -6.5600
    0.0532     -6.5400
    0.1246     -6.5200
    0.2746     -6.5000
    0.4755     -6.4800
    0.6145     -6.4600
    0.5861     -6.4400
    0.4140     -6.4200
    0.2234     -6.4000
    0.1070     -6.3800
    0.0677     -6.3600
    0.0645     -6.3400
    0.0654     -6.3200
    0.0608     -6.3000
    0.0550     -6.2800
    0.0554     -6.2600
    0.0643     -6.2400
    0.0775     -6.2200
    0.0919     -6.2000
    0.1118     -6.1800
    0.1455     -6.1600
    0.1962     -6.1400
    0.2528     -6.1200
    0.2928     -6.1000
    0.3010     -6.0800
    0.2829     -6.0600
    0.2566     -6.0400
    0.2388     -6.0200
    0.2389     -6.0000
    0.2583     -5.9800
    0.2917     -5.9600
    0.3312     -5.9400
    0.3674     -5.9200
    0.3870     -5.9000
    0.3799     -5.8800
    0.3520     -5.8600
    0.3243     -5.8400
    0.3161     -5.8200
    0.3275     -5.8000
    0.3403     -5.7800
    0.3392     -5.7600
    0.3301     -5.7400
    0.3270     -5.7200
    0.3282     -5.7000
    0.3215     -5.6800
    0.3060     -5.6600
    0.2931     -5.6400
    0.2872     -5.6200
    0.2833     -5.6000
    0.2785     -5.5800
    0.2749     -5.5600
    0.2741     -5.5400
    0.2739     -5.5200
    0.2697     -5.5000
    0.2585     -5.4800
    0.2409     -5.4600
    0.2203     -5.4400
    0.2025     -5.4200
    0.1944     -5.4000
    0.1968     -5.3800
    0.2029     -5.3600
    0.2093     -5.3400
    0.2196     -5.3200
    0.2359     -5.3000
    0.2523     -5.2800
    0.2612     -5.2600
    0.2623     -5.2400
    0.2590     -5.2200
    0.2526     -5.2000
    0.2440     -5.1800
    0.2372     -5.1600
    0.2342     -5.1400
    0.2311     -5.1200
    0.2213     -5.1000
    0.2035     -5.0800
    0.1830     -5.0600
    0.1672     -5.0400
    0.1579     -5.0200
    0.1508     -5.0000
    0.1429     -4.9800
    0.1379     -4.9600
    0.1414     -4.9400
    0.1556     -4.9200
    0.1784     -4.9000
    0.2054     -4.8800
    0.2274     -4.8600
    0.2318     -4.8400
    0.2126     -4.8200
    0.1784     -4.8000
    0.1467     -4.7800
    0.1309     -4.7600
    0.1329     -4.7400
    0.1470     -4.7200
    0.1654     -4.7000
    0.1787     -4.6800
    0.1798     -4.6600
    0.1689     -4.6400
    0.1539     -4.6200
    0.1442     -4.6000
    0.1473     -4.5800
    0.1674     -4.5600
    0.2031     -4.5400
    0.2464     -4.5200
    0.2854     -4.5000
    0.3094     -4.4800
    0.3124     -4.4600
    0.2967     -4.4400
    0.2728     -4.4200
    0.2542     -4.4000
    0.2496     -4.3800
    0.2579     -4.3600
    0.2692     -4.3400
    0.2721     -4.3200
    0.2627     -4.3000
    0.2469     -4.2800
    0.2306     -4.2600
    0.2148     -4.2400
    0.2000     -4.2200
    0.1907     -4.2000
    0.1898     -4.1800
    0.1938     -4.1600
    0.1978     -4.1400
    0.2016     -4.1200
    0.2090     -4.1000
    0.2211     -4.0800
    0.2343     -4.0600
    0.2436     -4.0400
    0.2471     -4.0200
    0.2467     -4.0000
    0.2453     -3.9800
    0.2449     -3.9600
    0.2466     -3.9400
    0.2497     -3.9200
    0.2528     -3.9000
    0.2531     -3.8800
    0.2474     -3.8600
    0.2332     -3.8400
    0.2122     -3.8200
    0.1908     -3.8000
    0.1764     -3.7800
    0.1729     -3.7600
    0.1801     -3.7400
    0.1944     -3.7200
    0.2081     -3.7000
    0.2124     -3.6800
    0.2052     -3.6600
    0.1933     -3.6400
    0.1844     -3.6200
    0.1788     -3.6000
    0.1707     -3.5800
    0.1570     -3.5600
    0.1409     -3.5400
    0.1280     -3.5200
    0.1204     -3.5000
    0.1167     -3.4800
    0.1146     -3.4600
    0.1120     -3.4400
    0.1085     -3.4200
    0.1050     -3.4000
    0.1033     -3.3800
    0.1031     -3.3600
    0.1020     -3.3400
    0.0980     -3.3200
    0.0914     -3.3000
    0.0829     -3.2800
    0.0736     -3.2600
    0.0664     -3.2400
    0.0647     -3.2200
    0.0673     -3.2000
    0.0693     -3.1800
    0.0679     -3.1600
    0.0645     -3.1400
    0.0623     -3.1200
    0.0625     -3.1000
    0.0634     -3.0800
    0.0623     -3.0600
    0.0586     -3.0400
    0.0540     -3.0200
    0.0503     -3.0000
    0.0470     -2.9800
    0.0441     -2.9600
    0.0444     -2.9400
    0.0511     -2.9200
    0.0634     -2.9000
    0.0738     -2.8800
    0.0735     -2.8600
    0.0612     -2.8400
    0.0441     -2.8200
    0.0312     -2.8000
    0.0257     -2.7800
    0.0251     -2.7600
    0.0247     -2.7400
    0.0218     -2.7200
    0.0174     -2.7000
    0.0160     -2.6800
    0.0231     -2.6600
    0.0439     -2.6400
    0.0873     -2.6200
    0.1665     -2.6000
    0.2845     -2.5800
    0.4185     -2.5600
    0.5303     -2.5400
    0.5921     -2.5200
    0.5921     -2.5000
    0.5270     -2.4800
    0.4119     -2.4600
    0.2893     -2.4400
    0.2041     -2.4200
    0.1669     -2.4000
    0.1554     -2.3800
    0.1450     -2.3600
    0.1251     -2.3400
    0.0956     -2.3200
    0.0639     -2.3000
    0.0399     -2.2800
    0.0281     -2.2600
    0.0254     -2.2400
    0.0274     -2.2200
    0.0325     -2.2000
    0.0398     -2.1800
    0.0472     -2.1600
    0.0503     -2.1400
    0.0467     -2.1200
    0.0388     -2.1000
    0.0336     -2.0800
    0.0390     -2.0600
    0.0594     -2.0400
    0.0942     -2.0200
    0.1368     -2.0000
    0.1755     -1.9800
    0.1974     -1.9600
    0.2000     -1.9400
    0.1909     -1.9200
    0.1733     -1.9000
    0.1428     -1.8800
    0.1029     -1.8600
    0.0713     -1.8400
    0.0645     -1.8200
    0.0808     -1.8000
    0.1011     -1.7800
    0.1074     -1.7600
    0.1005     -1.7400
    0.0954     -1.7200
    0.0988     -1.7000
    0.0989     -1.6800
    0.0826     -1.6600
    0.0534     -1.6400
    0.0261     -1.6200
    0.0104     -1.6000
    0.0065     -1.5800
    0.0116     -1.5600
    0.0227     -1.5400
    0.0357     -1.5200
    0.0481     -1.5000
    0.0644     -1.4800
    0.0924     -1.4600
    0.1333     -1.4400
    0.1807     -1.4200
    0.2212     -1.4000
    0.2380     -1.3800
    0.2330     -1.3600
    0.2414     -1.3400
    0.2915     -1.3200
    0.3545     -1.3000
    0.3690     -1.2800
    0.3134     -1.2600
    0.2229     -1.2400
    0.1418     -1.2200
    0.0896     -1.2000
    0.0688     -1.1800
    0.0789     -1.1600
    0.1138     -1.1400
    0.1540     -1.1200
    0.1762     -1.1000
    0.1736     -1.0800
    0.1586     -1.0600
    0.1458     -1.0400
    0.1375     -1.0200
    0.1278     -1.0000
    0.1198     -0.9800
    0.1231     -0.9600
    0.1367     -0.9400
    0.1503     -0.9200
    0.1592     -0.9000
    0.1663     -0.8800
    0.1814     -0.8600
    0.2191     -0.8400
    0.2766     -0.8200
    0.3185     -0.8000
    0.3105     -0.7800
    0.2596     -0.7600
    0.2043     -0.7400
    0.1818     -0.7200
    0.2038     -0.7000
    0.2495     -0.6800
    0.2903     -0.6600
    0.3194     -0.6400
    0.3352     -0.6200
    0.3164     -0.6000
    0.2534     -0.5800
    0.1794     -0.5600
    0.1384     -0.5400
    0.1449     -0.5200
    0.1867     -0.5000
    0.2401     -0.4800
    0.2761     -0.4600
    0.2801     -0.4400
    0.2733     -0.4200
    0.2889     -0.4000
    0.3215     -0.3800
    0.3278     -0.3600
    0.2870     -0.3400
    0.2333     -0.3200
    0.2095     -0.3000
    0.2121     -0.2800
    0.2088     -0.2600
    0.1941     -0.2400
    0.1916     -0.2200
    0.2133     -0.2000
    0.2530     -0.1800
    0.3086     -0.1600
    0.3691     -0.1400
    0.3949     -0.1200
    0.3568     -0.1000
    0.2900     -0.0800
    0.2697     -0.0600
    0.3315     -0.0400
    0.4360     -0.0200
    0.5205      0.0000
    0.5649      0.0200
    0.5821      0.0400
    0.5661      0.0600
    0.5073      0.0800
    0.4464      0.1000
    0.4453      0.1200
    0.5084      0.1400
    0.5735      0.1600
    0.5814      0.1800
    0.5393      0.2000
    0.5065      0.2200
    0.5203      0.2400
    0.5659      0.2600
    0.6281      0.2800
    0.7191      0.3000
    0.8171      0.3200
    0.8442      0.3400
    0.7602      0.3600
    0.6143      0.3800
    0.4714      0.4000
    0.3598      0.4200
    0.2989      0.4400
    0.3000      0.4600
    0.3321      0.4800
    0.3443      0.5000
    0.3308      0.5200
    0.3366      0.5400
    0.3976      0.5600
    0.5065      0.5800
    0.6293      0.6000
    0.7185      0.6200
    0.7222      0.6400
    0.6347      0.6600
    0.5258      0.6800
    0.4711      0.7000
    0.4817      0.7200
    0.5353      0.7400
    0.6391      0.7600
    0.8333      0.7800
    1.1336      0.8000
    1.4733      0.8200
    1.7150      0.8400
    1.7428      0.8600
    1.5546      0.8800
    1.2753      0.9000
    1.0685      0.9200
    1.0025      0.9400
    1.0100      0.9600
    0.9881      0.9800
    0.8904      1.0000
    0.7187      1.0200
    0.5068      1.0400
    0.3269      1.0600
    0.2494      1.0800
    0.2837      1.1000
    0.3777      1.1200
    0.4651      1.1400
    0.5116      1.1600
    0.5325      1.1800
    0.5607      1.2000
    0.5891      1.2200
    0.5734      1.2400
    0.5016      1.2600
    0.4190      1.2800
    0.3670      1.3000
    0.3355      1.3200
    0.2923      1.3400
    0.2432      1.3600
    0.2405      1.3800
    0.3244      1.4000
    0.4644      1.4200
    0.5758      1.4400
    0.6072      1.4600
    0.6010      1.4800
    0.6438      1.5000
    0.7583      1.5200
    0.8768      1.5400
    0.9358      1.5600
    0.9452      1.5800
    0.9359      1.6000
    0.9002      1.6200
    0.8155      1.6400
    0.6771      1.6600
    0.5097      1.6800
    0.3708      1.7000
    0.3118      1.7200
    0.3290      1.7400
    0.3941      1.7600
    0.5212      1.7800
    0.7418      1.8000
    1.0095      1.8200
    1.1981      1.8400
    1.2174      1.8600
    1.0905      1.8800
    0.9113      1.9000
    0.7637      1.9200
    0.6773      1.9400
    0.6363      1.9600
    0.6199      1.9800
    0.6339      2.0000
