    0.0008     -7.9935
    0.0008     -7.9800
    0.0013     -7.9665
    0.0021     -7.9530
    0.0032     -7.9395
    0.0042     -7.9260
    0.0047     -7.9125
    0.0046     -7.8990
    0.0039     -7.8855
    0.0029     -7.8720
    0.0019     -7.8585
    0.0014     -7.8450
    0.0014     -7.8315
    0.0021     -7.8180
    0.0035     -7.8045
    0.0054     -7.7910
    0.0073     -7.7775
    0.0086     -7.7640
    0.0090     -7.7505
    0.0087     -7.7370
    0.0082     -7.7235
    0.0081     -7.7100
    0.0085     -7.6965
    0.0089     -7.6830
    0.0088     -7.6695
    0.0079     -7.6560
    0.0062     -7.6425
    0.0042     -7.6290
    0.0025     -7.6155
    0.0013     -7.6020
    0.0006     -7.5885
    0.0003     -7.5750
    0.0002     -7.5615
    0.0004     -7.5480
    0.0007     -7.5345
    0.0013     -7.5210
    0.0022     -7.5075
    0.0031     -7.4940
    0.0041     -7.4805
    0.0049     -7.4670
    0.0059     -7.4535
    0.0072     -7.4400
    0.0092     -7.4265
    0.0117     -7.4130
    0.0143     -7.3995
    0.0163     -7.3860
    0.0169     -7.3725
    0.0165     -7.3590
    0.0156     -7.3455
    0.0151     -7.3320
    0.0156     -7.3185
    0.0166     -7.3050
    0.0177     -7.2915
    0.0183     -7.2780
    0.0181     -7.2645
    0.0172     -7.2510
    0.0156     -7.2375
    0.0134     -7.2240
    0.0109     -7.2105
    0.0084     -7.1970
    0.0062     -7.1835
    0.0046     -7.1700
    0.0041     -7.1565
    0.0050     -7.1430
    0.0074     -7.1295
    0.0111     -7.1160
    0.0152     -7.1025
    0.0184     -7.0890
    0.0193     -7.0755
    0.0179     -7.0620
    0.0149     -7.0485
    0.0119     -7.0350
    0.0099     -7.0215
    0.0093     -7.0080
    0.0094     -6.9945
    0.0095     -6.9810
    0.0092     -6.9675
    0.0084     -6.9540
    0.0074     -6.9405
    0.0064     -6.9270
    0.0059     -6.9135
    0.0060     -6.9000
    0.0069     -6.8865
    0.0086     -6.8730
    0.0111     -6.8595
    0.0140     -6.8460
    0.0171     -6.8325
    0.0196     -6.8190
    0.0207     -6.8055
    0.0199     -6.7920
    0.0170     -6.7785
    0.0130     -6.7650
    0.0087     -6.7515
    0.0052     -6.7380
    0.0030     -6.7245
    0.0018     -6.7110
    0.0015     -6.6975
    0.0019     -6.6840
    0.0028     -6.6705
    0.0043     -6.6570
    0.0060     -6.6435
    0.0074     -6.6300
    0.0081     -6.6165
    0.0078     -6.6030
    0.0067     -6.5895
    0.0053     -6.5760
    0.0041     -6.5625
    0.0035     -6.5490
    0.0039     -6.5355
    0.0050     -6.5220
    0.0068     -6.5085
    0.0090     -6.4950
    0.0111     -6.4815
    0.0130     -6.4680
    0.0145     -6.4545
    0.0157     -6.4410
    0.0162     -6.4275
    0.0157     -6.4140
    0.0142     -6.4005
    0.0118     -6.3870
    0.0092     -6.3735
    0.0068     -6.3600
    0.0048     -6.3465
    0.0034     -6.3330
    0.0026     -6.3195
    0.0025     -6.3060
    0.0030     -6.2925
    0.0042     -6.2790
    0.0056     -6.2655
    0.0068     -6.2520
    0.0074     -6.2385
    0.0073     -6.2250
    0.0066     -6.2115
    0.0061     -6.1980
    0.0061     -6.1845
    0.0066     -6.1710
    0.0075     -6.1575
    0.0085     -6.1440
    0.0092     -6.1305
    0.0097     -6.1170
    0.0099     -6.1035
    0.0098     -6.0900
    0.0093     -6.0765
    0.0085     -6.0630
    0.0077     -6.0495
    0.0073     -6.0360
    0.0072     -6.0225
    0.0073     -6.0090
    0.0070     -5.9955
    0.0062     -5.9820
    0.0048     -5.9685
    0.0033     -5.9550
    0.0020     -5.9415
    0.0012     -5.9280
    0.0009     -5.9145
    0.0010     -5.9010
    0.0016     -5.8875
    0.0023     -5.8740
    0.0033     -5.8605
    0.0043     -5.8470
    0.0053     -5.8335
    0.0063     -5.8200
    0.0075     -5.8065
    0.0090     -5.7930
    0.0106     -5.7795
    0.0121     -5.7660
    0.0131     -5.7525
    0.0133     -5.7390
    0.0127     -5.7255
    0.0116     -5.7120
    0.0105     -5.6985
    0.0096     -5.6850
    0.0089     -5.6715
    0.0083     -5.6580
    0.0078     -5.6445
    0.0072     -5.6310
    0.0066     -5.6175
    0.0059     -5.6040
    0.0052     -5.5905
    0.0049     -5.5770
    0.0053     -5.5635
    0.0066     -5.5500
    0.0086     -5.5365
    0.0107     -5.5230
    0.0125     -5.5095
    0.0134     -5.4960
    0.0132     -5.4825
    0.0120     -5.4690
    0.0102     -5.4555
    0.0082     -5.4420
    0.0067     -5.4285
    0.0058     -5.4150
    0.0056     -5.4015
    0.0060     -5.3880
    0.0068     -5.3745
    0.0079     -5.3610
    0.0092     -5.3475
    0.0108     -5.3340
    0.0127     -5.3205
    0.0149     -5.3070
    0.0173     -5.2935
    0.0195     -5.2800
    0.0210     -5.2665
    0.0213     -5.2530
    0.0202     -5.2395
    0.0181     -5.2260
    0.0155     -5.2125
    0.0131     -5.1990
    0.0114     -5.1855
    0.0104     -5.1720
    0.0098     -5.1585
    0.0094     -5.1450
    0.0090     -5.1315
    0.0084     -5.1180
    0.0079     -5.1045
    0.0075     -5.0910
    0.0076     -5.0775
    0.0081     -5.0640
    0.0092     -5.0505
    0.0109     -5.0370
    0.0131     -5.0235
    0.0155     -5.0100
    0.0179     -4.9965
    0.0203     -4.9830
    0.0223     -4.9695
    0.0240     -4.9560
    0.0253     -4.9425
    0.0262     -4.9290
    0.0273     -4.9155
    0.0285     -4.9020
    0.0295     -4.8885
    0.0295     -4.8750
    0.0282     -4.8615
    0.0258     -4.8480
    0.0233     -4.8345
    0.0219     -4.8210
    0.0224     -4.8075
    0.0250     -4.7940
    0.0289     -4.7805
    0.0330     -4.7670
    0.0363     -4.7535
    0.0382     -4.7400
    0.0390     -4.7265
    0.0397     -4.7130
    0.0411     -4.6995
    0.0436     -4.6860
    0.0466     -4.6725
    0.0489     -4.6590
    0.0498     -4.6455
    0.0489     -4.6320
    0.0470     -4.6185
    0.0449     -4.6050
    0.0432     -4.5915
    0.0420     -4.5780
    0.0415     -4.5645
    0.0418     -4.5510
    0.0435     -4.5375
    0.0473     -4.5240
    0.0532     -4.5105
    0.0605     -4.4970
    0.0677     -4.4835
    0.0730     -4.4700
    0.0758     -4.4565
    0.0765     -4.4430
    0.0767     -4.4295
    0.0782     -4.4160
    0.0821     -4.4025
    0.0879     -4.3890
    0.0939     -4.3755
    0.0981     -4.3620
    0.1001     -4.3485
    0.1011     -4.3350
    0.1028     -4.3215
    0.1058     -4.3080
    0.1092     -4.2945
    0.1111     -4.2810
    0.1108     -4.2675
    0.1091     -4.2540
    0.1083     -4.2405
    0.1106     -4.2270
    0.1174     -4.2135
    0.1284     -4.2000
    0.1425     -4.1865
    0.1576     -4.1730
    0.1724     -4.1595
    0.1871     -4.1460
    0.2029     -4.1325
    0.2215     -4.1190
    0.2427     -4.1055
    0.2643     -4.0920
    0.2833     -4.0785
    0.2977     -4.0650
    0.3066     -4.0515
    0.3100     -4.0380
    0.3078     -4.0245
    0.3009     -4.0110
    0.2918     -3.9975
    0.2854     -3.9840
    0.2876     -3.9705
    0.3012     -3.9570
    0.3235     -3.9435
    0.3468     -3.9300
    0.3629     -3.9165
    0.3688     -3.9030
    0.3684     -3.8895
    0.3683     -3.8760
    0.3722     -3.8625
    0.3770     -3.8490
    0.3754     -3.8355
    0.3614     -3.8220
    0.3342     -3.8085
    0.2986     -3.7950
    0.2625     -3.7815
    0.2331     -3.7680
    0.2145     -3.7545
    0.2062     -3.7410
    0.2034     -3.7275
    0.1989     -3.7140
    0.1875     -3.7005
    0.1685     -3.6870
    0.1454     -3.6735
    0.1237     -3.6600
    0.1080     -3.6465
    0.1002     -3.6330
    0.1009     -3.6195
    0.1091     -3.6060
    0.1239     -3.5925
    0.1433     -3.5790
    0.1647     -3.5655
    0.1852     -3.5520
    0.2013     -3.5385
    0.2102     -3.5250
    0.2101     -3.5115
    0.2013     -3.4980
    0.1861     -3.4845
    0.1680     -3.4710
    0.1509     -3.4575
    0.1378     -3.4440
    0.1300     -3.4305
    0.1273     -3.4170
    0.1279     -3.4035
    0.1292     -3.3900
    0.1289     -3.3765
    0.1256     -3.3630
    0.1203     -3.3495
    0.1151     -3.3360
    0.1123     -3.3225
    0.1130     -3.3090
    0.1169     -3.2955
    0.1234     -3.2820
    0.1317     -3.2685
    0.1413     -3.2550
    0.1515     -3.2415
    0.1614     -3.2280
    0.1701     -3.2145
    0.1769     -3.2010
    0.1809     -3.1875
    0.1808     -3.1740
    0.1756     -3.1605
    0.1657     -3.1470
    0.1535     -3.1335
    0.1423     -3.1200
    0.1350     -3.1065
    0.1319     -3.0930
    0.1316     -3.0795
    0.1315     -3.0660
    0.1299     -3.0525
    0.1270     -3.0390
    0.1244     -3.0255
    0.1236     -3.0120
    0.1250     -2.9985
    0.1271     -2.9850
    0.1278     -2.9715
    0.1256     -2.9580
    0.1201     -2.9445
    0.1117     -2.9310
    0.1017     -2.9175
    0.0911     -2.9040
    0.0808     -2.8905
    0.0720     -2.8770
    0.0656     -2.8635
    0.0625     -2.8500
    0.0626     -2.8365
    0.0651     -2.8230
    0.0686     -2.8095
    0.0719     -2.7960
    0.0742     -2.7825
    0.0761     -2.7690
    0.0784     -2.7555
    0.0822     -2.7420
    0.0872     -2.7285
    0.0922     -2.7150
    0.0956     -2.7015
    0.0960     -2.6880
    0.0935     -2.6745
    0.0895     -2.6610
    0.0859     -2.6475
    0.0839     -2.6340
    0.0835     -2.6205
    0.0836     -2.6070
    0.0832     -2.5935
    0.0815     -2.5800
    0.0782     -2.5665
    0.0735     -2.5530
    0.0680     -2.5395
    0.0632     -2.5260
    0.0608     -2.5125
    0.0622     -2.4990
    0.0682     -2.4855
    0.0788     -2.4720
    0.0930     -2.4585
    0.1099     -2.4450
    0.1285     -2.4315
    0.1478     -2.4180
    0.1659     -2.4045
    0.1802     -2.3910
    0.1883     -2.3775
    0.1882     -2.3640
    0.1804     -2.3505
    0.1667     -2.3370
    0.1505     -2.3235
    0.1347     -2.3100
    0.1214     -2.2965
    0.1114     -2.2830
    0.1050     -2.2695
    0.1024     -2.2560
    0.1043     -2.2425
    0.1109     -2.2290
    0.1213     -2.2155
    0.1334     -2.2020
    0.1449     -2.1885
    0.1542     -2.1750
    0.1629     -2.1615
    0.1747     -2.1480
    0.1937     -2.1345
    0.2212     -2.1210
    0.2526     -2.1075
    0.2792     -2.0940
    0.2920     -2.0805
    0.2866     -2.0670
    0.2659     -2.0535
    0.2375     -2.0400
    0.2097     -2.0265
    0.1880     -2.0130
    0.1739     -1.9995
    0.1656     -1.9860
    0.1601     -1.9725
    0.1545     -1.9590
    0.1474     -1.9455
    0.1389     -1.9320
    0.1302     -1.9185
    0.1228     -1.9050
    0.1172     -1.8915
    0.1133     -1.8780
    0.1102     -1.8645
    0.1071     -1.8510
    0.1037     -1.8375
    0.1004     -1.8240
    0.0973     -1.8105
    0.0942     -1.7970
    0.0910     -1.7835
    0.0882     -1.7700
    0.0863     -1.7565
    0.0853     -1.7430
    0.0839     -1.7295
    0.0808     -1.7160
    0.0754     -1.7025
    0.0681     -1.6890
    0.0602     -1.6755
    0.0531     -1.6620
    0.0479     -1.6485
    0.0450     -1.6350
    0.0444     -1.6215
    0.0451     -1.6080
    0.0456     -1.5945
    0.0444     -1.5810
    0.0409     -1.5675
    0.0356     -1.5540
    0.0302     -1.5405
    0.0263     -1.5270
    0.0247     -1.5135
    0.0248     -1.5000
    0.0254     -1.4865
    0.0252     -1.4730
    0.0237     -1.4595
    0.0216     -1.4460
    0.0202     -1.4325
    0.0201     -1.4190
    0.0212     -1.4055
    0.0231     -1.3920
    0.0257     -1.3785
    0.0294     -1.3650
    0.0342     -1.3515
    0.0395     -1.3380
    0.0438     -1.3245
    0.0458     -1.3110
    0.0453     -1.2975
    0.0432     -1.2840
    0.0409     -1.2705
    0.0394     -1.2570
    0.0394     -1.2435
    0.0413     -1.2300
    0.0456     -1.2165
    0.0520     -1.2030
    0.0595     -1.1895
    0.0657     -1.1760
    0.0679     -1.1625
    0.0645     -1.1490
    0.0557     -1.1355
    0.0438     -1.1220
    0.0318     -1.1085
    0.0224     -1.0950
    0.0166     -1.0815
    0.0138     -1.0680
    0.0130     -1.0545
    0.0131     -1.0410
    0.0142     -1.0275
    0.0175     -1.0140
    0.0247     -1.0005
    0.0368     -0.9870
    0.0526     -0.9735
    0.0683     -0.9600
    0.0793     -0.9465
    0.0825     -0.9330
    0.0788     -0.9195
    0.0724     -0.9060
    0.0678     -0.8925
    0.0674     -0.8790
    0.0704     -0.8655
    0.0744     -0.8520
    0.0780     -0.8385
    0.0816     -0.8250
    0.0865     -0.8115
    0.0926     -0.7980
    0.0982     -0.7845
    0.1008     -0.7710
    0.0989     -0.7575
    0.0940     -0.7440
    0.0900     -0.7305
    0.0908     -0.7170
    0.0982     -0.7035
    0.1110     -0.6900
    0.1258     -0.6765
    0.1389     -0.6630
    0.1479     -0.6495
    0.1522     -0.6360
    0.1521     -0.6225
    0.1483     -0.6090
    0.1408     -0.5955
    0.1291     -0.5820
    0.1131     -0.5685
    0.0939     -0.5550
    0.0738     -0.5415
    0.0563     -0.5280
    0.0449     -0.5145
    0.0424     -0.5010
    0.0503     -0.4875
    0.0683     -0.4740
    0.0944     -0.4605
    0.1249     -0.4470
    0.1553     -0.4335
    0.1822     -0.4200
    0.2036     -0.4065
    0.2207     -0.3930
    0.2374     -0.3795
    0.2580     -0.3660
    0.2825     -0.3525
    0.3039     -0.3390
    0.3113     -0.3255
    0.2985     -0.3120
    0.2708     -0.2985
    0.2423     -0.2850
    0.2272     -0.2715
    0.2300     -0.2580
    0.2430     -0.2445
    0.2525     -0.2310
    0.2479     -0.2175
    0.2273     -0.2040
    0.1966     -0.1905
    0.1649     -0.1770
    0.1383     -0.1635
    0.1184     -0.1500
    0.1035     -0.1365
    0.0906     -0.1230
    0.0777     -0.1095
    0.0642     -0.0960
    0.0503     -0.0825
    0.0373     -0.0690
    0.0270     -0.0555
    0.0215     -0.0420
    0.0234     -0.0285
    0.0351     -0.0150
    0.0580     -0.0015
    0.0906      0.0120
    0.1273      0.0255
    0.1593      0.0390
    0.1791      0.0525
    0.1858      0.0660
    0.1858      0.0795
    0.1904      0.0930
    0.2084      0.1065
    0.2422      0.1200
    0.2864      0.1335
    0.3321      0.1470
    0.3720      0.1605
    0.4026      0.1740
    0.4233      0.1875
    0.4331      0.2010
    0.4298      0.2145
    0.4121      0.2280
    0.3819      0.2415
    0.3443      0.2550
    0.3049      0.2685
    0.2666      0.2820
    0.2294      0.2955
    0.1933      0.3090
    0.1606      0.3225
    0.1351      0.3360
    0.1201      0.3495
    0.1175      0.3630
    0.1283      0.3765
    0.1524      0.3900
    0.1868      0.4035
    0.2245      0.4170
    0.2561      0.4305
    0.2742      0.4440
    0.2774      0.4575
    0.2711      0.4710
    0.2635      0.4845
    0.2613      0.4980
    0.2656      0.5115
    0.2728      0.5250
    0.2769      0.5385
    0.2737      0.5520
    0.2616      0.5655
    0.2417      0.5790
    0.2159      0.5925
    0.1879      0.6060
    0.1634      0.6195
    0.1495      0.6330
    0.1519      0.6465
    0.1712      0.6600
    0.2016      0.6735
    0.2340      0.6870
    0.2608      0.7005
    0.2781      0.7140
    0.2849      0.7275
    0.2808      0.7410
    0.2664      0.7545
    0.2444      0.7680
    0.2196      0.7815
    0.1962      0.7950
    0.1758      0.8085
    0.1583      0.8220
    0.1447      0.8355
    0.1383      0.8490
    0.1431      0.8625
    0.1595      0.8760
    0.1826      0.8895
    0.2040      0.9030
    0.2173      0.9165
    0.2223      0.9300
    0.2276      0.9435
    0.2457      0.9570
    0.2862      0.9705
    0.3496      0.9840
    0.4263      0.9975
    0.5006      1.0110
    0.5586      1.0245
    0.5941      1.0380
    0.6087      1.0515
    0.6054      1.0650
    0.5831      1.0785
    0.5364      1.0920
    0.4621      1.1055
    0.3665      1.1190
    0.2654      1.1325
    0.1772      1.1460
    0.1141      1.1595
    0.0775      1.1730
    0.0608      1.1865
    0.0552      1.2000
    0.0545      1.2135
    0.0574      1.2270
    0.0657      1.2405
    0.0824      1.2540
    0.1082      1.2675
    0.1403      1.2810
    0.1721      1.2945
    0.1963      1.3080
    0.2080      1.3215
    0.2071      1.3350
    0.1985      1.3485
    0.1900      1.3620
    0.1895      1.3755
    0.2020      1.3890
    0.2268      1.4025
    0.2579      1.4160
    0.2858      1.4295
    0.3015      1.4430
    0.2993      1.4565
    0.2782      1.4700
    0.2434      1.4835
    0.2052      1.4970
    0.1748      1.5105
    0.1588      1.5240
    0.1557      1.5375
    0.1581      1.5510
    0.1580      1.5645
    0.1522      1.5780
    0.1430      1.5915
    0.1354      1.6050
    0.1334      1.6185
    0.1378      1.6320
    0.1464      1.6455
    0.1557      1.6590
    0.1633      1.6725
    0.1692      1.6860
    0.1752      1.6995
    0.1822      1.7130
    0.1873      1.7265
    0.1846      1.7400
    0.1700      1.7535
    0.1458      1.7670
    0.1198      1.7805
    0.1008      1.7940
    0.0933      1.8075
    0.0972      1.8210
    0.1096      1.8345
    0.1284      1.8480
    0.1544      1.8615
    0.1906      1.8750
    0.2395      1.8885
    0.2990      1.9020
    0.3586      1.9155
    0.4013      1.9290
    0.4106      1.9425
    0.3800      1.9560
    0.3180      1.9695
    0.2434      1.9830
    0.1763      1.9965
