    0.0000     -7.9930
    0.0000     -7.9735
    0.0000     -7.9540
    0.0000     -7.9345
    0.0000     -7.9150
    0.0000     -7.8955
    0.0000     -7.8760
    0.0000     -7.8565
    0.0000     -7.8370
    0.0000     -7.8175
    0.0000     -7.7980
    0.0000     -7.7785
    0.0000     -7.7590
    0.0000     -7.7395
    0.0000     -7.7200
    0.0000     -7.7005
    0.0000     -7.6810
    0.0000     -7.6615
    0.0000     -7.6420
    0.0000     -7.6225
    0.0000     -7.6030
    0.0000     -7.5835
    0.0000     -7.5640
    0.0000     -7.5445
    0.0000     -7.5250
    0.0000     -7.5055
    0.0000     -7.4860
    0.0000     -7.4665
    0.0000     -7.4470
    0.0000     -7.4275
    0.0000     -7.4080
    0.0000     -7.3885
    0.0000     -7.3690
    0.0003     -7.3495
    0.0018     -7.3300
    0.0085     -7.3105
    0.0314     -7.2910
    0.0921     -7.2715
    0.2178     -7.2520
    0.4158     -7.2325
    0.6363     -7.2130
    0.7897     -7.1935
    0.8489     -7.1740
    0.9085     -7.1545
    1.0605     -7.1350
    1.2423     -7.1155
    1.3008     -7.0960
    1.2092     -7.0765
    1.1542     -7.0570
    1.3534     -7.0375
    1.7960     -7.0180
    2.2679     -6.9985
    2.6772     -6.9790
    3.1738     -6.9595
    3.7938     -6.9400
    4.1561     -6.9205
    3.7964     -6.9010
    2.7565     -6.8815
    1.5887     -6.8620
    0.8240     -6.8425
    0.6402     -6.8230
    0.9382     -6.8035
    1.4941     -6.7840
    2.0374     -6.7645
    2.3471     -6.7450
    2.3827     -6.7255
    2.2993     -6.7060
    2.2461     -6.6865
    2.1735     -6.6670
    1.9467     -6.6475
    1.6065     -6.6280
    1.4697     -6.6085
    2.1035     -6.5890
    4.1982     -6.5695
    8.0718     -6.5500
   12.7700     -6.5305
   15.8428     -6.5110
   15.1163     -6.4915
   11.0152     -6.4720
    6.1804     -6.4525
    2.8015     -6.4330
    1.2294     -6.4135
    0.7752     -6.3940
    0.7867     -6.3745
    0.9502     -6.3550
    1.1725     -6.3355
    1.4468     -6.3160
    1.7421     -6.2965
    1.9307     -6.2770
    1.8861     -6.2575
    1.6753     -6.2380
    1.5296     -6.2185
    1.5709     -6.1990
    1.6994     -6.1795
    1.8068     -6.1600
    1.9848     -6.1405
    2.4713     -6.1210
    3.4718     -6.1015
    5.0107     -6.0820
    6.8460     -6.0625
    8.5989     -6.0430
   10.1206     -6.0235
   11.6866     -6.0040
   13.6821     -5.9845
   16.1520     -5.9650
   18.8746     -5.9455
   21.8647     -5.9260
   25.4329     -5.9065
   29.4863     -5.8870
   33.0483     -5.8675
   34.9314     -5.8480
   34.9592     -5.8285
   34.1366     -5.8090
   33.4334     -5.7895
   32.9220     -5.7700
   32.4253     -5.7505
   32.4751     -5.7310
   34.0298     -5.7115
   37.2186     -5.6920
   40.8430     -5.6725
   43.4552     -5.6530
   44.6487     -5.6335
   45.1341     -5.6140
   45.8874     -5.5945
   47.1597     -5.5750
   48.0466     -5.5555
   47.4565     -5.5360
   45.6785     -5.5165
   44.1269     -5.4970
   43.3637     -5.4775
   42.4966     -5.4580
   40.7874     -5.4385
   38.7488     -5.4190
   37.2231     -5.3995
   36.2339     -5.3800
   35.3280     -5.3605
   34.4282     -5.3410
   33.7526     -5.3215
   33.5094     -5.3020
   34.1959     -5.2825
   36.4572     -5.2630
   40.0432     -5.2435
   43.5053     -5.2240
   45.6061     -5.2045
   46.5855     -5.1850
   47.3943     -5.1655
   48.3146     -5.1460
   49.0690     -5.1265
   49.5308     -5.1070
   49.6035     -5.0875
   49.1469     -5.0680
   48.4207     -5.0485
   47.7323     -5.0290
   46.6349     -5.0095
   44.5067     -4.9900
   41.7977     -4.9705
   39.8489     -4.9510
   39.4964     -4.9315
   40.2476     -4.9120
   40.8323     -4.8925
   40.3313     -4.8730
   38.7799     -4.8535
   37.0559     -4.8340
   36.2108     -4.8145
   36.5657     -4.7950
   37.5411     -4.7755
   38.5291     -4.7560
   39.6335     -4.7365
   41.4120     -4.7170
   44.0625     -4.6975
   46.8498     -4.6780
   48.5294     -4.6585
   48.8052     -4.6390
   49.1530     -4.6195
   51.6355     -4.6000
   56.9072     -4.5805
   63.5326     -4.5610
   69.1864     -4.5415
   72.5148     -4.5220
   73.9440     -4.5025
   74.8150     -4.4830
   76.0230     -4.4635
   77.5833     -4.4440
   78.8783     -4.4245
   78.8026     -4.4050
   76.1105     -4.3855
   70.3259     -4.3660
   62.5846     -4.3465
   55.3066     -4.3270
   50.6988     -4.3075
   49.5760     -4.2880
   51.2175     -4.2685
   53.7498     -4.2490
   55.0096     -4.2295
   53.8603     -4.2100
   50.9337     -4.1905
   47.8566     -4.1710
   45.8139     -4.1515
   45.1730     -4.1320
   45.9326     -4.1125
   47.6636     -4.0930
   49.4874     -4.0735
   51.0359     -4.0540
   53.1008     -4.0345
   56.5453     -4.0150
   60.6964     -3.9955
   63.4119     -3.9760
   63.0434     -3.9565
   60.2674     -3.9370
   57.4892     -3.9175
   56.3522     -3.8980
   56.6179     -3.8785
   57.3417     -3.8590
   57.8844     -3.8395
   57.9285     -3.8200
   57.6566     -3.8005
   57.6461     -3.7810
   57.9578     -3.7615
   57.9030     -3.7420
   57.0202     -3.7225
   55.8330     -3.7030
   55.6491     -3.6835
   57.6114     -3.6640
   61.5310     -3.6445
   65.7453     -3.6250
   68.4292     -3.6055
   68.8370     -3.5860
   67.2703     -3.5665
   64.4794     -3.5470
   61.3746     -3.5275
   58.7087     -3.5080
   56.6509     -3.4885
   55.1071     -3.4690
   54.4798     -3.4495
   55.3933     -3.4300
   57.6705     -3.4105
   60.3346     -3.3910
   62.5010     -3.3715
   63.7232     -3.3520
   64.0517     -3.3325
   64.2119     -3.3130
   64.9093     -3.2935
   65.6554     -3.2740
   65.1320     -3.2545
   62.9649     -3.2350
   60.4197     -3.2155
   59.1381     -3.1960
   59.7200     -3.1765
   61.7933     -3.1570
   65.0386     -3.1375
   69.4319     -3.1180
   74.4065     -3.0985
   78.5688     -3.0790
   80.6005     -3.0595
   79.9752     -3.0400
   76.7353     -3.0205
   71.1856     -3.0010
   64.1879     -2.9815
   57.3011     -2.9620
   51.8035     -2.9425
   47.4637     -2.9230
   42.8244     -2.9035
   36.9049     -2.8840
   30.2537     -2.8645
   24.1461     -2.8450
   19.2268     -2.8255
   15.2458     -2.8060
   11.7036     -2.7865
    8.4309     -2.7670
    5.6887     -2.7475
    3.8457     -2.7280
    2.9419     -2.7085
    2.5788     -2.6890
    2.2544     -2.6695
    1.7430     -2.6500
    1.1462     -2.6305
    0.7039     -2.6110
    0.6257     -2.5915
    1.0058     -2.5720
    1.7748     -2.5525
    2.7627     -2.5330
    3.9210     -2.5135
    5.3706     -2.4940
    7.0077     -2.4745
    8.1947     -2.4550
    8.1942     -2.4355
    6.9636     -2.4160
    5.2841     -2.3965
    3.9878     -2.3770
    3.2515     -2.3575
    2.8109     -2.3380
    2.5595     -2.3185
    2.5735     -2.2990
    2.7398     -2.2795
    2.7259     -2.2600
    2.3307     -2.2405
    1.7200     -2.2210
    1.2580     -2.2015
    1.1489     -2.1820
    1.3078     -2.1625
    1.5194     -2.1430
    1.6256     -2.1235
    1.6116     -2.1040
    1.5868     -2.0845
    1.6498     -2.0650
    1.7706     -2.0455
    1.8780     -2.0260
    2.0421     -2.0065
    2.4435     -1.9870
    3.1385     -1.9675
    3.9896     -1.9480
    4.8547     -1.9285
    5.7005     -1.9090
    6.4415     -1.8895
    6.8172     -1.8700
    6.5994     -1.8505
    5.8146     -1.8310
    4.7064     -1.8115
    3.6332     -1.7920
    2.9410     -1.7725
    2.7174     -1.7530
    2.7321     -1.7335
    2.7647     -1.7140
    2.8553     -1.6945
    3.1081     -1.6750
    3.4150     -1.6555
    3.4804     -1.6360
    3.0683     -1.6165
    2.2392     -1.5970
    1.3435     -1.5775
    0.7431     -1.5580
    0.5590     -1.5385
    0.6607     -1.5190
    0.8410     -1.4995
    1.0394     -1.4800
    1.4047     -1.4605
    2.0557     -1.4410
    2.8211     -1.4215
    3.3726     -1.4020
    3.6011     -1.3825
    3.7028     -1.3630
    3.8699     -1.3435
    4.0563     -1.3240
    4.1787     -1.3045
    4.4005     -1.2850
    4.9178     -1.2655
    5.5031     -1.2460
    5.6229     -1.2265
    5.0714     -1.2070
    4.2065     -1.1875
    3.5406     -1.1680
    3.2926     -1.1485
    3.3221     -1.1290
    3.4108     -1.1095
    3.5905     -1.0900
    4.0571     -1.0705
    4.7360     -1.0510
    5.2403     -1.0315
    5.4056     -1.0120
    5.5413     -0.9925
    5.9330     -0.9730
    6.3662     -0.9535
    6.4233     -0.9340
    6.1386     -0.9145
    6.0709     -0.8950
    6.5281     -0.8755
    6.9576     -0.8560
    6.5954     -0.8365
    5.5555     -0.8170
    4.6893     -0.7975
    4.4616     -0.7780
    4.5182     -0.7585
    4.3587     -0.7390
    3.9301     -0.7195
    3.4407     -0.7000
    3.0032     -0.6805
    2.6264     -0.6610
    2.3174     -0.6415
    2.1131     -0.6220
    2.0910     -0.6025
    2.2899     -0.5830
    2.5940     -0.5635
    2.8704     -0.5440
    3.2651     -0.5245
    4.1120     -0.5050
    5.3914     -0.4855
    6.4749     -0.4660
    6.6754     -0.4465
    6.0165     -0.4270
    5.2366     -0.4075
    4.9788     -0.3880
    5.1125     -0.3685
    4.9720     -0.3490
    4.2258     -0.3295
    3.3223     -0.3100
    3.0019     -0.2905
    3.4930     -0.2710
    4.2614     -0.2515
    4.5463     -0.2320
    4.1099     -0.2125
    3.3745     -0.1930
    2.8650     -0.1735
    2.7259     -0.1540
    2.8298     -0.1345
    3.1059     -0.1150
    3.5660     -0.0955
    4.1462     -0.0760
    4.7097     -0.0565
    5.1680     -0.0370
    5.5131     -0.0175
    5.7621      0.0020
    5.9119      0.0215
    5.9648      0.0410
    5.9859      0.0605
    5.9949      0.0800
    5.8008      0.0995
    5.2439      0.1190
    4.6285      0.1385
    4.5183      0.1580
    5.0359      0.1775
    5.7318      0.1970
    6.1415      0.2165
    6.1030      0.2360
    5.6095      0.2555
    4.7687      0.2750
    3.9002      0.2945
    3.3945      0.3140
    3.4673      0.3335
    4.1204      0.3530
    5.1944      0.3725
    6.3038      0.3920
    6.8319      0.4115
    6.3147      0.4310
    4.9596      0.4505
    3.5223      0.4700
    2.6240      0.4895
    2.4804      0.5090
    3.1344      0.5285
    4.4472      0.5480
    5.8876      0.5675
    6.7539      0.5870
    6.7398      0.6065
    6.1434      0.6260
    5.5050      0.6455
    5.1338      0.6650
    4.9517      0.6845
    4.6781      0.7040
    4.1166      0.7235
    3.2998      0.7430
    2.4504      0.7625
    1.8434      0.7820
    1.6526      0.8015
    1.8407      0.8210
    2.1646      0.8405
    2.3700      0.8600
    2.4236      0.8795
    2.5174      0.8990
    2.8515      0.9185
    3.3880      0.9380
    3.8347      0.9575
    3.9594      0.9770
    3.7961      0.9965
    3.4909      1.0160
    3.2233      1.0355
    3.2646      1.0550
    3.7398      1.0745
    4.3288      1.0940
    4.5098      1.1135
    4.1261      1.1330
    3.5110      1.1525
    3.0531      1.1720
    2.8424      1.1915
    2.8148      1.2110
    3.0053      1.2305
    3.4017      1.2500
    3.7211      1.2695
    3.6674      1.2890
    3.3310      1.3085
    3.0632      1.3280
    3.0321      1.3475
    3.1832      1.3670
    3.5986      1.3865
    4.4881      1.4060
    5.6840      1.4255
    6.5340      1.4450
    6.5550      1.4645
    5.9533      1.4840
    5.2996      1.5035
    4.8871      1.5230
    4.6163      1.5425
    4.3339      1.5620
    3.9721      1.5815
    3.4442      1.6010
    2.7640      1.6205
    2.2426      1.6400
    2.2506      1.6595
    2.7670      1.6790
    3.3384      1.6985
    3.5068      1.7180
    3.2458      1.7375
    2.9876      1.7570
    3.1671      1.7765
    3.7204      1.7960
    4.1546      1.8155
    4.1273      1.8350
    3.8002      1.8545
    3.5671      1.8740
    3.5722      1.8935
    3.6484      1.9130
    3.6593      1.9325
    3.6399      1.9520
    3.5927      1.9715
    3.3947      1.9910
