    0.0024     -8.0000
    0.0040     -7.9800
    0.0076     -7.9600
    0.0111     -7.9400
    0.0120     -7.9200
    0.0096     -7.9000
    0.0058     -7.8800
    0.0035     -7.8600
    0.0045     -7.8400
    0.0096     -7.8200
    0.0175     -7.8000
    0.0241     -7.7800
    0.0253     -7.7600
    0.0227     -7.7400
    0.0220     -7.7200
    0.0257     -7.7000
    0.0290     -7.6800
    0.0259     -7.6600
    0.0172     -7.6400
    0.0087     -7.6200
    0.0042     -7.6000
    0.0045     -7.5800
    0.0094     -7.5600
    0.0196     -7.5400
    0.0348     -7.5200
    0.0494     -7.5000
    0.0546     -7.4800
    0.0487     -7.4600
    0.0425     -7.4400
    0.0485     -7.4200
    0.0676     -7.4000
    0.0896     -7.3800
    0.1034     -7.3600
    0.1022     -7.3400
    0.0849     -7.3200
    0.0614     -7.3000
    0.0498     -7.2800
    0.0623     -7.2600
    0.0919     -7.2400
    0.1156     -7.2200
    0.1150     -7.2000
    0.0945     -7.1800
    0.0738     -7.1600
    0.0641     -7.1400
    0.0594     -7.1200
    0.0527     -7.1000
    0.0529     -7.0800
    0.0807     -7.0600
    0.1433     -7.0400
    0.2152     -7.0200
    0.2522     -7.0000
    0.2351     -6.9800
    0.1879     -6.9600
    0.1480     -6.9400
    0.1306     -6.9200
    0.1266     -6.9000
    0.1234     -6.8800
    0.1210     -6.8600
    0.1269     -6.8400
    0.1440     -6.8200
    0.1681     -6.8000
    0.1918     -6.7800
    0.2072     -6.7600
    0.2096     -6.7400
    0.2019     -6.7200
    0.1944     -6.7000
    0.1926     -6.6800
    0.1858     -6.6600
    0.1579     -6.6400
    0.1108     -6.6200
    0.0655     -6.6000
    0.0391     -6.5800
    0.0310     -6.5600
    0.0307     -6.5400
    0.0312     -6.5200
    0.0366     -6.5000
    0.0638     -6.4800
    0.1428     -6.4600
    0.3070     -6.4400
    0.5626     -6.4200
    0.8527     -6.4000
    1.0611     -6.3800
    1.0860     -6.3600
    0.9270     -6.3400
    0.6795     -6.3200
    0.4431     -6.3000
    0.2654     -6.2800
    0.1545     -6.2600
    0.0978     -6.2400
    0.0729     -6.2200
    0.0643     -6.2000
    0.0673     -6.1800
    0.0750     -6.1600
    0.0759     -6.1400
    0.0668     -6.1200
    0.0583     -6.1000
    0.0614     -6.0800
    0.0727     -6.0600
    0.0822     -6.0400
    0.0888     -6.0200
    0.0967     -6.0000
    0.0999     -5.9800
    0.0871     -5.9600
    0.0594     -5.9400
    0.0315     -5.9200
    0.0166     -5.9000
    0.0177     -5.8800
    0.0320     -5.8600
    0.0537     -5.8400
    0.0764     -5.8200
    0.0958     -5.8000
    0.1088     -5.7800
    0.1141     -5.7600
    0.1179     -5.7400
    0.1300     -5.7200
    0.1500     -5.7000
    0.1662     -5.6800
    0.1720     -5.6600
    0.1781     -5.6400
    0.2190     -5.6200
    0.3488     -5.6000
    0.5988     -5.5800
    0.9055     -5.5600
    1.1094     -5.5400
    1.0823     -5.5200
    0.8553     -5.5000
    0.5815     -5.4800
    0.3852     -5.4600
    0.2801     -5.4400
    0.2188     -5.4200
    0.1716     -5.4000
    0.1453     -5.3800
    0.1511     -5.3600
    0.1782     -5.3400
    0.2033     -5.3200
    0.2178     -5.3000
    0.2375     -5.2800
    0.2756     -5.2600
    0.3149     -5.2400
    0.3212     -5.2200
    0.2807     -5.2000
    0.2146     -5.1800
    0.1584     -5.1600
    0.1349     -5.1400
    0.1434     -5.1200
    0.1640     -5.1000
    0.1731     -5.0800
    0.1663     -5.0600
    0.1654     -5.0400
    0.1978     -5.0200
    0.2660     -5.0000
    0.3474     -4.9800
    0.4258     -4.9600
    0.5085     -4.9400
    0.5982     -4.9200
    0.6633     -4.9000
    0.6583     -4.8800
    0.5732     -4.8600
    0.4557     -4.8400
    0.3841     -4.8200
    0.4131     -4.8000
    0.5329     -4.7800
    0.6801     -4.7600
    0.7976     -4.7400
    0.8769     -4.7200
    0.9339     -4.7000
    0.9649     -4.6800
    0.9472     -4.6600
    0.8816     -4.6400
    0.8100     -4.6200
    0.7749     -4.6000
    0.7775     -4.5800
    0.7960     -4.5600
    0.8293     -4.5400
    0.8981     -4.5200
    1.0186     -4.5000
    1.1827     -4.4800
    1.3581     -4.4600
    1.5099     -4.4400
    1.6265     -4.4200
    1.7165     -4.4000
    1.7768     -4.3800
    1.7825     -4.3600
    1.7246     -4.3400
    1.6349     -4.3200
    1.5540     -4.3000
    1.5043     -4.2800
    1.4955     -4.2600
    1.5058     -4.2400
    1.4647     -4.2200
    1.3261     -4.2000
    1.1457     -4.1800
    1.0272     -4.1600
    1.0166     -4.1400
    1.0776     -4.1200
    1.1440     -4.1000
    1.1797     -4.0800
    1.1970     -4.0600
    1.2218     -4.0400
    1.2540     -4.0200
    1.2717     -4.0000
    1.2652     -3.9800
    1.2449     -3.9600
    1.2244     -3.9400
    1.2179     -3.9200
    1.2304     -3.9000
    1.2403     -3.8800
    1.2220     -3.8600
    1.1936     -3.8400
    1.2007     -3.8200
    1.2474     -3.8000
    1.2788     -3.7800
    1.2441     -3.7600
    1.1533     -3.7400
    1.0641     -3.7200
    1.0266     -3.7000
    1.0419     -3.6800
    1.0686     -3.6600
    1.0606     -3.6400
    0.9989     -3.6200
    0.8940     -3.6000
    0.7780     -3.5800
    0.6956     -3.5600
    0.6884     -3.5400
    0.7708     -3.5200
    0.9161     -3.5000
    1.0606     -3.4800
    1.1282     -3.4600
    1.0788     -3.4400
    0.9505     -3.4200
    0.8380     -3.4000
    0.8116     -3.3800
    0.8566     -3.3600
    0.8994     -3.3400
    0.8846     -3.3200
    0.8151     -3.3000
    0.7278     -3.2800
    0.6563     -3.2600
    0.6232     -3.2400
    0.6498     -3.2200
    0.7535     -3.2000
    0.9273     -3.1800
    1.1122     -3.1600
    1.2146     -3.1400
    1.1877     -3.1200
    1.0787     -3.1000
    0.9715     -3.0800
    0.9097     -3.0600
    0.8957     -3.0400
    0.9254     -3.0200
    0.9890     -3.0000
    1.0581     -2.9800
    1.1093     -2.9600
    1.1485     -2.9400
    1.1909     -2.9200
    1.2331     -2.9000
    1.2546     -2.8800
    1.2401     -2.8600
    1.1920     -2.8400
    1.1269     -2.8200
    1.0737     -2.8000
    1.0641     -2.7800
    1.1013     -2.7600
    1.1395     -2.7400
    1.1239     -2.7200
    1.0526     -2.7000
    0.9738     -2.6800
    0.9294     -2.6600
    0.9221     -2.6400
    0.9248     -2.6200
    0.8998     -2.6000
    0.8273     -2.5800
    0.7288     -2.5600
    0.6466     -2.5400
    0.5987     -2.5200
    0.5765     -2.5000
    0.5734     -2.4800
    0.5902     -2.4600
    0.6183     -2.4400
    0.6401     -2.4200
    0.6469     -2.4000
    0.6482     -2.3800
    0.6626     -2.3600
    0.6999     -2.3400
    0.7478     -2.3200
    0.7793     -2.3000
    0.7762     -2.2800
    0.7415     -2.2600
    0.6875     -2.2400
    0.6249     -2.2200
    0.5644     -2.2000
    0.5214     -2.1800
    0.5113     -2.1600
    0.5351     -2.1400
    0.5733     -2.1200
    0.6040     -2.1000
    0.6247     -2.0800
    0.6486     -2.0600
    0.6851     -2.0400
    0.7311     -2.0200
    0.7758     -2.0000
    0.8044     -1.9800
    0.8055     -1.9600
    0.7849     -1.9400
    0.7639     -1.9200
    0.7603     -1.9000
    0.7749     -1.8800
    0.7953     -1.8600
    0.8073     -1.8400
    0.8036     -1.8200
    0.7899     -1.8000
    0.7841     -1.7800
    0.7958     -1.7600
    0.8101     -1.7400
    0.8053     -1.7200
    0.7837     -1.7000
    0.7634     -1.6800
    0.7513     -1.6600
    0.7417     -1.6400
    0.7358     -1.6200
    0.7487     -1.6000
    0.8008     -1.5800
    0.9017     -1.5600
    1.0422     -1.5400
    1.2059     -1.5200
    1.3955     -1.5000
    1.6291     -1.4800
    1.8891     -1.4600
    2.0900     -1.4400
    2.1242     -1.4200
    1.9632     -1.4000
    1.7068     -1.3800
    1.4964     -1.3600
    1.3818     -1.3400
    1.3068     -1.3200
    1.2114     -1.3000
    1.0986     -1.2800
    1.0028     -1.2600
    0.9458     -1.2400
    0.9347     -1.2200
    0.9609     -1.2000
    0.9885     -1.1800
    0.9724     -1.1600
    0.8994     -1.1400
    0.8046     -1.1200
    0.7325     -1.1000
    0.6797     -1.0800
    0.6018     -1.0600
    0.4774     -1.0400
    0.3330     -1.0200
    0.2075     -1.0000
    0.1226     -0.9800
    0.0825     -0.9600
    0.0819     -0.9400
    0.1182     -0.9200
    0.1942     -0.9000
    0.2964     -0.8800
    0.3838     -0.8600
    0.4241     -0.8400
    0.4332     -0.8200
    0.4511     -0.8000
    0.4932     -0.7800
    0.5388     -0.7600
    0.5588     -0.7400
    0.5484     -0.7200
    0.5254     -0.7000
    0.5004     -0.6800
    0.4667     -0.6600
    0.4172     -0.6400
    0.3543     -0.6200
    0.2857     -0.6000
    0.2177     -0.5800
    0.1565     -0.5600
    0.1134     -0.5400
    0.1008     -0.5200
    0.1195     -0.5000
    0.1538     -0.4800
    0.1770     -0.4600
    0.1703     -0.4400
    0.1416     -0.4200
    0.1212     -0.4000
    0.1396     -0.3800
    0.2035     -0.3600
    0.2896     -0.3400
    0.3615     -0.3200
    0.4003     -0.3000
    0.4129     -0.2800
    0.4134     -0.2600
    0.4087     -0.2400
    0.3994     -0.2200
    0.3864     -0.2000
    0.3767     -0.1800
    0.3884     -0.1600
    0.4398     -0.1400
    0.5217     -0.1200
    0.5904     -0.1000
    0.6063     -0.0800
    0.5672     -0.0600
    0.4912     -0.0400
    0.3979     -0.0200
    0.3145      0.0000
    0.2723      0.0200
    0.2833      0.0400
    0.3349      0.0600
    0.4037      0.0800
    0.4642      0.1000
    0.4909      0.1200
    0.4724      0.1400
    0.4280      0.1600
    0.3931      0.1800
    0.3796      0.2000
    0.3657      0.2200
    0.3326      0.2400
    0.2953      0.2600
    0.2873      0.2800
    0.3150      0.3000
    0.3404      0.3200
    0.3253      0.3400
    0.2773      0.3600
    0.2284      0.3800
    0.1923      0.4000
    0.1686      0.4200
    0.1656      0.4400
    0.1973      0.4600
    0.2601      0.4800
    0.3217      0.5000
    0.3442      0.5200
    0.3178      0.5400
    0.2683      0.5600
    0.2335      0.5800
    0.2374      0.6000
    0.2812      0.6200
    0.3502      0.6400
    0.4251      0.6600
    0.4871      0.6800
    0.5117      0.7000
    0.4764      0.7200
    0.3854      0.7400
    0.2783      0.7600
    0.2021      0.7800
    0.1740      0.8000
    0.1758      0.8200
    0.1797      0.8400
    0.1731      0.8600
    0.1600      0.8800
    0.1521      0.9000
    0.1586      0.9200
    0.1764      0.9400
    0.1890      0.9600
    0.1820      0.9800
    0.1550      1.0000
    0.1187      1.0200
    0.0852      1.0400
    0.0616      1.0600
    0.0510      1.0800
    0.0525      1.1000
    0.0614      1.1200
    0.0697      1.1400
    0.0729      1.1600
    0.0754      1.1800
    0.0848      1.2000
    0.1019      1.2200
    0.1238      1.2400
    0.1505      1.2600
    0.1818      1.2800
    0.2095      1.3000
    0.2206      1.3200
    0.2072      1.3400
    0.1739      1.3600
    0.1374      1.3800
    0.1175      1.4000
    0.1200      1.4200
    0.1330      1.4400
    0.1461      1.4600
    0.1653      1.4800
    0.2019      1.5000
    0.2543      1.5200
    0.3047      1.5400
    0.3330      1.5600
    0.3326      1.5800
    0.3118      1.6000
    0.2807      1.6200
    0.2428      1.6400
    0.1978      1.6600
    0.1485      1.6800
    0.1035      1.7000
    0.0703      1.7200
    0.0491      1.7400
    0.0364      1.7600
    0.0316      1.7800
    0.0369      1.8000
    0.0509      1.8200
    0.0683      1.8400
    0.0860      1.8600
    0.1065      1.8800
    0.1282      1.9000
    0.1398      1.9200
    0.1321      1.9400
    0.1137      1.9600
    0.1062      1.9800
    0.1204      2.0000
