    0.0308     -8.0000
    0.0259     -7.9800
    0.0174     -7.9600
    0.0126     -7.9400
    0.0147     -7.9200
    0.0213     -7.9000
    0.0266     -7.8800
    0.0259     -7.8600
    0.0201     -7.8400
    0.0153     -7.8200
    0.0162     -7.8000
    0.0215     -7.7800
    0.0273     -7.7600
    0.0324     -7.7400
    0.0379     -7.7200
    0.0431     -7.7000
    0.0453     -7.6800
    0.0459     -7.6600
    0.0506     -7.6400
    0.0623     -7.6200
    0.0747     -7.6000
    0.0806     -7.5800
    0.0805     -7.5600
    0.0798     -7.5400
    0.0801     -7.5200
    0.0771     -7.5000
    0.0654     -7.4800
    0.0468     -7.4600
    0.0322     -7.4400
    0.0303     -7.4200
    0.0385     -7.4000
    0.0458     -7.3800
    0.0463     -7.3600
    0.0446     -7.3400
    0.0465     -7.3200
    0.0497     -7.3000
    0.0507     -7.2800
    0.0519     -7.2600
    0.0556     -7.2400
    0.0594     -7.2200
    0.0625     -7.2000
    0.0688     -7.1800
    0.0796     -7.1600
    0.0902     -7.1400
    0.0936     -7.1200
    0.0862     -7.1000
    0.0719     -7.0800
    0.0569     -7.0600
    0.0433     -7.0400
    0.0309     -7.0200
    0.0237     -7.0000
    0.0259     -6.9800
    0.0374     -6.9600
    0.0532     -6.9400
    0.0653     -6.9200
    0.0682     -6.9000
    0.0676     -6.8800
    0.0774     -6.8600
    0.1032     -6.8400
    0.1333     -6.8200
    0.1505     -6.8000
    0.1461     -6.7800
    0.1234     -6.7600
    0.0936     -6.7400
    0.0723     -6.7200
    0.0709     -6.7000
    0.0869     -6.6800
    0.1081     -6.6600
    0.1284     -6.6400
    0.1496     -6.6200
    0.1711     -6.6000
    0.1913     -6.5800
    0.2131     -6.5600
    0.2387     -6.5400
    0.2608     -6.5200
    0.2653     -6.5000
    0.2433     -6.4800
    0.2035     -6.4600
    0.1691     -6.4400
    0.1537     -6.4200
    0.1472     -6.4000
    0.1389     -6.3800
    0.1404     -6.3600
    0.1736     -6.3400
    0.2437     -6.3200
    0.3287     -6.3000
    0.3901     -6.2800
    0.3978     -6.2600
    0.3513     -6.2400
    0.2792     -6.2200
    0.2175     -6.2000
    0.1875     -6.1800
    0.1885     -6.1600
    0.2074     -6.1400
    0.2293     -6.1200
    0.2402     -6.1000
    0.2316     -6.0800
    0.2107     -6.0600
    0.1965     -6.0400
    0.1982     -6.0200
    0.2063     -6.0000
    0.2077     -5.9800
    0.2025     -5.9600
    0.2016     -5.9400
    0.2169     -5.9200
    0.2562     -5.9000
    0.3185     -5.8800
    0.3904     -5.8600
    0.4526     -5.8400
    0.4886     -5.8200
    0.4880     -5.8000
    0.4558     -5.7800
    0.4145     -5.7600
    0.3853     -5.7400
    0.3684     -5.7200
    0.3471     -5.7000
    0.3102     -5.6800
    0.2688     -5.6600
    0.2501     -5.6400
    0.2697     -5.6200
    0.3142     -5.6000
    0.3502     -5.5800
    0.3518     -5.5600
    0.3195     -5.5400
    0.2771     -5.5200
    0.2516     -5.5000
    0.2524     -5.4800
    0.2679     -5.4600
    0.2769     -5.4400
    0.2652     -5.4200
    0.2361     -5.4000
    0.2057     -5.3800
    0.1843     -5.3600
    0.1690     -5.3400
    0.1553     -5.3200
    0.1462     -5.3000
    0.1451     -5.2800
    0.1470     -5.2600
    0.1445     -5.2400
    0.1392     -5.2200
    0.1433     -5.2000
    0.1667     -5.1800
    0.2051     -5.1600
    0.2432     -5.1400
    0.2701     -5.1200
    0.2863     -5.1000
    0.2973     -5.0800
    0.3025     -5.0600
    0.2940     -5.0400
    0.2667     -5.0200
    0.2270     -5.0000
    0.1919     -4.9800
    0.1751     -4.9600
    0.1740     -4.9400
    0.1765     -4.9200
    0.1785     -4.9000
    0.1870     -4.8800
    0.2054     -4.8600
    0.2266     -4.8400
    0.2405     -4.8200
    0.2412     -4.8000
    0.2259     -4.7800
    0.1965     -4.7600
    0.1628     -4.7400
    0.1372     -4.7200
    0.1263     -4.7000
    0.1276     -4.6800
    0.1341     -4.6600
    0.1402     -4.6400
    0.1451     -4.6200
    0.1513     -4.6000
    0.1600     -4.5800
    0.1677     -4.5600
    0.1705     -4.5400
    0.1694     -4.5200
    0.1671     -4.5000
    0.1654     -4.4800
    0.1671     -4.4600
    0.1756     -4.4400
    0.1911     -4.4200
    0.2095     -4.4000
    0.2235     -4.3800
    0.2256     -4.3600
    0.2140     -4.3400
    0.1959     -4.3200
    0.1835     -4.3000
    0.1847     -4.2800
    0.1957     -4.2600
    0.2062     -4.2400
    0.2104     -4.2200
    0.2125     -4.2000
    0.2183     -4.1800
    0.2279     -4.1600
    0.2392     -4.1400
    0.2522     -4.1200
    0.2668     -4.1000
    0.2832     -4.0800
    0.3013     -4.0600
    0.3150     -4.0400
    0.3135     -4.0200
    0.2932     -4.0000
    0.2650     -3.9800
    0.2480     -3.9600
    0.2547     -3.9400
    0.2814     -3.9200
    0.3098     -3.9000
    0.3219     -3.8800
    0.3137     -3.8600
    0.2939     -3.8400
    0.2714     -3.8200
    0.2507     -3.8000
    0.2375     -3.7800
    0.2376     -3.7600
    0.2500     -3.7400
    0.2655     -3.7200
    0.2709     -3.7000
    0.2561     -3.6800
    0.2230     -3.6600
    0.1882     -3.6400
    0.1722     -3.6200
    0.1826     -3.6000
    0.2083     -3.5800
    0.2312     -3.5600
    0.2395     -3.5400
    0.2332     -3.5200
    0.2197     -3.5000
    0.2068     -3.4800
    0.1989     -3.4600
    0.1980     -3.4400
    0.2064     -3.4200
    0.2253     -3.4000
    0.2517     -3.3800
    0.2766     -3.3600
    0.2910     -3.3400
    0.2920     -3.3200
    0.2836     -3.3000
    0.2706     -3.2800
    0.2534     -3.2600
    0.2286     -3.2400
    0.1969     -3.2200
    0.1680     -3.2000
    0.1526     -3.1800
    0.1527     -3.1600
    0.1627     -3.1400
    0.1771     -3.1200
    0.1941     -3.1000
    0.2100     -3.0800
    0.2179     -3.0600
    0.2139     -3.0400
    0.2037     -3.0200
    0.1964     -3.0000
    0.1942     -2.9800
    0.1901     -2.9600
    0.1764     -2.9400
    0.1529     -2.9200
    0.1287     -2.9000
    0.1147     -2.8800
    0.1154     -2.8600
    0.1262     -2.8400
    0.1376     -2.8200
    0.1413     -2.8000
    0.1366     -2.7800
    0.1299     -2.7600
    0.1262     -2.7400
    0.1244     -2.7200
    0.1212     -2.7000
    0.1153     -2.6800
    0.1067     -2.6600
    0.0965     -2.6400
    0.0875     -2.6200
    0.0839     -2.6000
    0.0891     -2.5800
    0.1025     -2.5600
    0.1185     -2.5400
    0.1305     -2.5200
    0.1350     -2.5000
    0.1316     -2.4800
    0.1224     -2.4600
    0.1115     -2.4400
    0.1020     -2.4200
    0.0943     -2.4000
    0.0869     -2.3800
    0.0796     -2.3600
    0.0737     -2.3400
    0.0708     -2.3200
    0.0722     -2.3000
    0.0787     -2.2800
    0.0886     -2.2600
    0.0972     -2.2400
    0.1004     -2.2200
    0.0997     -2.2000
    0.0992     -2.1800
    0.0995     -2.1600
    0.0972     -2.1400
    0.0909     -2.1200
    0.0824     -2.1000
    0.0754     -2.0800
    0.0727     -2.0600
    0.0733     -2.0400
    0.0729     -2.0200
    0.0676     -2.0000
    0.0581     -1.9800
    0.0499     -1.9600
    0.0493     -1.9400
    0.0575     -1.9200
    0.0679     -1.9000
    0.0713     -1.8800
    0.0647     -1.8600
    0.0538     -1.8400
    0.0462     -1.8200
    0.0441     -1.8000
    0.0453     -1.7800
    0.0476     -1.7600
    0.0502     -1.7400
    0.0522     -1.7200
    0.0519     -1.7000
    0.0488     -1.6800
    0.0449     -1.6600
    0.0425     -1.6400
    0.0425     -1.6200
    0.0451     -1.6000
    0.0520     -1.5800
    0.0644     -1.5600
    0.0790     -1.5400
    0.0895     -1.5200
    0.0919     -1.5000
    0.0879     -1.4800
    0.0815     -1.4600
    0.0734     -1.4400
    0.0630     -1.4200
    0.0521     -1.4000
    0.0439     -1.3800
    0.0410     -1.3600
    0.0461     -1.3400
    0.0577     -1.3200
    0.0667     -1.3000
    0.0637     -1.2800
    0.0501     -1.2600
    0.0372     -1.2400
    0.0354     -1.2200
    0.0493     -1.2000
    0.0810     -1.1800
    0.1274     -1.1600
    0.1711     -1.1400
    0.1889     -1.1200
    0.1752     -1.1000
    0.1484     -1.0800
    0.1328     -1.0600
    0.1439     -1.0400
    0.1837     -1.0200
    0.2389     -1.0000
    0.2816     -0.9800
    0.2839     -0.9600
    0.2416     -0.9400
    0.1802     -0.9200
    0.1327     -0.9000
    0.1134     -0.8800
    0.1150     -0.8600
    0.1216     -0.8400
    0.1203     -0.8200
    0.1076     -0.8000
    0.0967     -0.7800
    0.1124     -0.7600
    0.1643     -0.7400
    0.2227     -0.7200
    0.2429     -0.7000
    0.2210     -0.6800
    0.2037     -0.6600
    0.2374     -0.6400
    0.3166     -0.6200
    0.3841     -0.6000
    0.3828     -0.5800
    0.3123     -0.5600
    0.2296     -0.5400
    0.2050     -0.5200
    0.2757     -0.5000
    0.4113     -0.4800
    0.5156     -0.4600
    0.5024     -0.4400
    0.3811     -0.4200
    0.2393     -0.4000
    0.1492     -0.3800
    0.1214     -0.3600
    0.1385     -0.3400
    0.1851     -0.3200
    0.2375     -0.3000
    0.2655     -0.2800
    0.2599     -0.2600
    0.2377     -0.2400
    0.2197     -0.2200
    0.2195     -0.2000
    0.2394     -0.1800
    0.2683     -0.1600
    0.2976     -0.1400
    0.3322     -0.1200
    0.3787     -0.1000
    0.4345     -0.0800
    0.4908     -0.0600
    0.5320     -0.0400
    0.5324     -0.0200
    0.4832      0.0000
    0.4266      0.0200
    0.4243      0.0400
    0.4743      0.0600
    0.5044      0.0800
    0.4663      0.1000
    0.3919      0.1200
    0.3460      0.1400
    0.3602      0.1600
    0.4098      0.1800
    0.4402      0.2000
    0.4342      0.2200
    0.4496      0.2400
    0.5567      0.2600
    0.7307      0.2800
    0.8396      0.3000
    0.7803      0.3200
    0.6024      0.3400
    0.4595      0.3600
    0.4740      0.3800
    0.6595      0.4000
    0.9174      0.4200
    1.1135      0.4400
    1.1968      0.4600
    1.2044      0.4800
    1.1592      0.5000
    1.0571      0.5200
    0.9289      0.5400
    0.8055      0.5600
    0.6695      0.5800
    0.5176      0.6000
    0.3973      0.6200
    0.3358      0.6400
    0.3020      0.6600
    0.2585      0.6800
    0.2022      0.7000
    0.1519      0.7200
    0.1244      0.7400
    0.1292      0.7600
    0.1797      0.7800
    0.2966      0.8000
    0.4860      0.8200
    0.7181      0.8400
    0.9413      0.8600
    1.1132      0.8800
    1.2310      0.9000
    1.3478      0.9200
    1.5204      0.9400
    1.7353      0.9600
    1.9312      0.9800
    2.0573      1.0000
    2.0994      1.0200
    2.1045      1.0400
    2.1414      1.0600
    2.1729      1.0800
    2.0621      1.1000
    1.7779      1.1200
    1.4896      1.1400
    1.3751      1.1600
    1.4155      1.1800
    1.4384      1.2000
    1.3245      1.2200
    1.1309      1.2400
    1.0043      1.2600
    1.0076      1.2800
    1.0846      1.3000
    1.1763      1.3200
    1.2721      1.3400
    1.3205      1.3600
    1.2178      1.3800
    0.9659      1.4000
    0.7255      1.4200
    0.6511      1.4400
    0.7419      1.4600
    0.8545      1.4800
    0.8361      1.5000
    0.6775      1.5200
    0.5237      1.5400
    0.5124      1.5600
    0.6209      1.5800
    0.6932      1.6000
    0.6168      1.6200
    0.4446      1.6400
    0.3238      1.6600
    0.3604      1.6800
    0.5687      1.7000
    0.8639      1.7200
    1.0749      1.7400
    1.0706      1.7600
    0.9173      1.7800
    0.8214      1.8000
    0.8822      1.8200
    0.9803      1.8400
    0.9477      1.8600
    0.7786      1.8800
    0.6128      1.9000
    0.5535      1.9200
    0.5653      1.9400
    0.5563      1.9600
    0.5129      1.9800
    0.5145      2.0000
