    0.7664     -8.0000
    0.6761     -7.9800
    0.6372     -7.9600
    0.7879     -7.9400
    1.1152     -7.9200
    1.4570     -7.9000
    1.6127     -7.8800
    1.5299     -7.8600
    1.5385     -7.8400
    2.3272     -7.8200
    4.3786     -7.8000
    7.2634     -7.7800
    9.8737     -7.7600
   11.6510     -7.7400
   12.9650     -7.7200
   14.1359     -7.7000
   14.8974     -7.6800
   14.6154     -7.6600
   12.6956     -7.6400
    9.4202     -7.6200
    6.0880     -7.6000
    3.8121     -7.5800
    2.7189     -7.5600
    2.3374     -7.5400
    2.1921     -7.5200
    1.9945     -7.5000
    1.6202     -7.4800
    1.1437     -7.4600
    0.8213     -7.4400
    0.8524     -7.4200
    1.1424     -7.4000
    1.3869     -7.3800
    1.4267     -7.3600
    1.4032     -7.3400
    1.4654     -7.3200
    1.5317     -7.3000
    1.5152     -7.2800
    1.5304     -7.2600
    1.6867     -7.2400
    1.9336     -7.2200
    2.2251     -7.2000
    2.5640     -7.1800
    2.8705     -7.1600
    3.0255     -7.1400
    2.9636     -7.1200
    2.6660     -7.1000
    2.2012     -7.0800
    1.6945     -7.0600
    1.2253     -7.0400
    0.8819     -7.0200
    0.7968     -7.0000
    0.9828     -6.9800
    1.2465     -6.9600
    1.3733     -6.9400
    1.3520     -6.9200
    1.4118     -6.9000
    1.9238     -6.8800
    3.1245     -6.8600
    4.7196     -6.8400
    5.9180     -6.8200
    6.0908     -6.8000
    5.2740     -6.7800
    3.9798     -6.7600
    2.7830     -6.7400
    2.1233     -6.7200
    2.1766     -6.7000
    2.7351     -6.6800
    3.3882     -6.6600
    3.9771     -6.6400
    4.7419     -6.6200
    5.9570     -6.6000
    7.6404     -6.5800
    9.6444     -6.5600
   11.6874     -6.5400
   13.1924     -6.5200
   13.4465     -6.5000
   12.2387     -6.4800
   10.3494     -6.4600
    9.1172     -6.4400
    9.1462     -6.4200
    9.6775     -6.4000
    9.7940     -6.3800
    9.8359     -6.3600
   10.8752     -6.3400
   13.2080     -6.3200
   15.9970     -6.3000
   18.0567     -6.2800
   18.6104     -6.2600
   17.6031     -6.2400
   15.7370     -6.2200
   14.1166     -6.2000
   13.4241     -6.1800
   13.4756     -6.1600
   13.7600     -6.1400
   14.0456     -6.1200
   14.3059     -6.1000
   14.5661     -6.0800
   15.0724     -6.0600
   16.1654     -6.0400
   17.6528     -6.0200
   18.7266     -6.0000
   18.9156     -5.9800
   18.6919     -5.9600
   18.8812     -5.9400
   20.0415     -5.9200
   22.4261     -5.9000
   25.7436     -5.8800
   28.9755     -5.8600
   31.1064     -5.8400
   31.8397     -5.8200
   31.3958     -5.8000
   30.2587     -5.7800
   29.1528     -5.7600
   28.5832     -5.7400
   28.3088     -5.7200
   27.6004     -5.7000
   26.1233     -5.6800
   24.5075     -5.6600
   23.8981     -5.6400
   24.7730     -5.6200
   26.3329     -5.6000
   27.2465     -5.5800
   26.8163     -5.5600
   25.4080     -5.5400
   24.1328     -5.5200
   23.9950     -5.5000
   24.9327     -5.4800
   25.8343     -5.4600
   25.6309     -5.4400
   24.2419     -5.4200
   22.5702     -5.4000
   21.5889     -5.3800
   21.2150     -5.3600
   20.4012     -5.3400
   18.6399     -5.3200
   16.6749     -5.3000
   15.3672     -5.2800
   14.6255     -5.2600
   13.9225     -5.2400
   13.4599     -5.2200
   14.2962     -5.2000
   17.1887     -5.1800
   21.4920     -5.1600
   25.5354     -5.1400
   28.1810     -5.1200
   29.6800     -5.1000
   30.8769     -5.0800
   31.9119     -5.0600
   32.0227     -5.0400
   30.6008     -5.0200
   28.2497     -5.0000
   26.5360     -4.9800
   26.3271     -4.9600
   26.7149     -4.9400
   26.3969     -4.9200
   25.6990     -4.9000
   26.1682     -4.8800
   28.4812     -4.8600
   31.7914     -4.8400
   34.8614     -4.8200
   36.8033     -4.8000
   36.9145     -4.7800
   34.8842     -4.7600
   31.3545     -4.7400
   27.7495     -4.7200
   25.3731     -4.7000
   24.6366     -4.6800
   25.0280     -4.6600
   25.7261     -4.6400
   26.2296     -4.6200
   26.6189     -4.6000
   27.2517     -4.5800
   28.0921     -4.5600
   28.6926     -4.5400
   28.8713     -4.5200
   28.9397     -4.5000
   29.4332     -4.4800
   30.8385     -4.4600
   33.1973     -4.4400
   35.9791     -4.4200
   38.5752     -4.4000
   40.5595     -4.3800
   41.4452     -4.3600
   40.8788     -4.3400
   39.3259     -4.3200
   38.0506     -4.3000
   38.0340     -4.2800
   39.2627     -4.2600
   41.3596     -4.2400
   44.5067     -4.2200
   49.1882     -4.2000
   54.9427     -4.1800
   60.0288     -4.1600
   62.7546     -4.1400
   62.6957     -4.1200
   60.6102     -4.1000
   57.7893     -4.0800
   55.3719     -4.0600
   53.6226     -4.0400
   51.8158     -4.0200
   49.1415     -4.0000
   45.7103     -3.9800
   42.6238     -3.9600
   41.1287     -3.9400
   41.6159     -3.9200
   43.3928     -3.9000
   45.4426     -3.8800
   47.1453     -3.8600
   48.1633     -3.8400
   48.0790     -3.8200
   46.4880     -3.8000
   43.5030     -3.7800
   40.1284     -3.7600
   37.8011     -3.7400
   37.1759     -3.7200
   37.3222     -3.7000
   36.3892     -3.6800
   33.4083     -3.6600
   29.5210     -3.6400
   27.2695     -3.6200
   28.4212     -3.6000
   32.2641     -3.5800
   35.9500     -3.5600
   36.7098     -3.5400
   34.1499     -3.5200
   30.4712     -3.5000
   28.3003     -3.4800
   28.4796     -3.4600
   30.0373     -3.4400
   31.8561     -3.4200
   33.8612     -3.4000
   36.5585     -3.3800
   39.9891     -3.3600
   43.5180     -3.3400
   46.3343     -3.3200
   47.9295     -3.3000
   48.2564     -3.2800
   47.3560     -3.2600
   44.9181     -3.2400
   40.8999     -3.2200
   36.5608     -3.2000
   33.9212     -3.1800
   33.9016     -3.1600
   35.5202     -3.1400
   37.1602     -3.1200
   38.1288     -3.1000
   38.5136     -3.0800
   38.1454     -3.0600
   36.7181     -3.0400
   34.7047     -3.0200
   33.2162     -3.0000
   32.9140     -2.9800
   33.5514     -2.9600
   34.4738     -2.9400
   35.2189     -2.9200
   35.7246     -2.9000
   36.2384     -2.8800
   37.0888     -2.8600
   38.3649     -2.8400
   39.6514     -2.8200
   40.2290     -2.8000
   39.8806     -2.7800
   39.4300     -2.7600
   39.9750     -2.7400
   41.6599     -2.7200
   43.7626     -2.7000
   45.5970     -2.6800
   46.5864     -2.6600
   45.9549     -2.6400
   43.3407     -2.6200
   39.7844     -2.6000
   37.3349     -2.5800
   37.2132     -2.5600
   38.8339     -2.5400
   40.7917     -2.5200
   42.0234     -2.5000
   41.9584     -2.4800
   40.6274     -2.4600
   38.8942     -2.4400
   37.7671     -2.4200
   37.3032     -2.4000
   36.7388     -2.3800
   35.5542     -2.3600
   33.8693     -2.3400
   32.1089     -2.3200
   30.8086     -2.3000
   30.5433     -2.2800
   31.5212     -2.2600
   33.2804     -2.2400
   35.3909     -2.2200
   38.2871     -2.2000
   42.4392     -2.1800
   46.9777     -2.1600
   50.3900     -2.1400
   52.2811     -2.1200
   53.3311     -2.1000
   54.1596     -2.0800
   55.1763     -2.0600
   56.5464     -2.0400
   57.4140     -2.0200
   56.0835     -2.0000
   51.7220     -1.9800
   45.5260     -1.9600
   40.0881     -1.9400
   37.4049     -1.9200
   36.8171     -1.9000
   35.5534     -1.8800
   32.2167     -1.8600
   28.5051     -1.8400
   26.6723     -1.8200
   26.7833     -1.8000
   27.1373     -1.7800
   26.2405     -1.7600
   23.9042     -1.7400
   20.9085     -1.7200
   17.9603     -1.7000
   15.1662     -1.6800
   12.3279     -1.6600
    9.4760     -1.6400
    7.1345     -1.6200
    5.9784     -1.6000
    6.1913     -1.5800
    7.3044     -1.5600
    8.5543     -1.5400
    9.2305     -1.5200
    8.9350     -1.5000
    7.8243     -1.4800
    6.4615     -1.4600
    5.2734     -1.4400
    4.3459     -1.4200
    3.6521     -1.4000
    3.1859     -1.3800
    3.0189     -1.3600
    3.2975     -1.3400
    3.9209     -1.3200
    4.3214     -1.3000
    3.9788     -1.2800
    3.0918     -1.2600
    2.3864     -1.2400
    2.3579     -1.2200
    3.0411     -1.2000
    4.3728     -1.1800
    6.1880     -1.1600
    7.7836     -1.1400
    8.2160     -1.1200
    7.2867     -1.1000
    5.7288     -1.0800
    4.4729     -1.0600
    4.1149     -1.0400
    4.7986     -1.0200
    6.1348     -1.0000
    7.2685     -0.9800
    7.3782     -0.9600
    6.3455     -0.9400
    4.8592     -0.9200
    3.7701     -0.9000
    3.4536     -0.8800
    3.7748     -0.8600
    4.3509     -0.8400
    4.6736     -0.8200
    4.3219     -0.8000
    3.4380     -0.7800
    2.7684     -0.7600
    2.8696     -0.7400
    3.4144     -0.7200
    3.6175     -0.7000
    3.2876     -0.6800
    3.1016     -0.6600
    3.7993     -0.6400
    5.3164     -0.6200
    6.7236     -0.6000
    7.0209     -0.5800
    6.0406     -0.5600
    4.5737     -0.5400
    3.7643     -0.5200
    4.3095     -0.5000
    5.8169     -0.4800
    6.9361     -0.4600
    6.5624     -0.4400
    4.9277     -0.4200
    3.1966     -0.4000
    2.1808     -0.3800
    1.8644     -0.3600
    1.9830     -0.3400
    2.4567     -0.3200
    3.1595     -0.3000
    3.7608     -0.2800
    4.0139     -0.2600
    3.9802     -0.2400
    3.9713     -0.2200
    4.3367     -0.2000
    5.1196     -0.1800
    5.9198     -0.1600
    6.2745     -0.1400
    6.1114     -0.1200
    5.7441     -0.1000
    5.5448     -0.0800
    5.6332     -0.0600
    5.7415     -0.0400
    5.4435     -0.0200
    4.6971      0.0000
    4.0780      0.0200
    4.2209      0.0400
    5.0200      0.0600
    5.6620      0.0800
    5.5417      0.1000
    4.8367      0.1200
    4.1222      0.1400
    3.7580      0.1600
    3.6736      0.1800
    3.5651      0.2000
    3.3349      0.2200
    3.3036      0.2400
    3.8329      0.2600
    4.7294      0.2800
    5.2204      0.3000
    4.7515      0.3200
    3.6733      0.3400
    2.9214      0.3600
    3.2437      0.3800
    4.7480      0.4000
    6.7874      0.4200
    8.3931      0.4400
    9.1089      0.4600
    9.1046      0.4800
    8.5199      0.5000
    7.3950      0.5200
    6.0794      0.5400
    4.9694      0.5600
    4.0887      0.5800
    3.4037      0.6000
    3.1204      0.6200
    3.3178      0.6400
    3.6706      0.6600
    3.7474      0.6800
    3.4001      0.7000
    2.8385      0.7200
    2.3799      0.7400
    2.1545      0.7600
    2.1274      0.7800
    2.3094      0.8000
    2.7768      0.8200
    3.5388      0.8400
    4.4832      0.8600
    5.4115      0.8800
    6.1464      0.9000
    6.6932      0.9200
    7.1792      0.9400
    7.6213      0.9600
    7.9220      0.9800
    7.9990      1.0000
    7.8983      1.0200
    7.8869      1.0400
    8.1793      1.0600
    8.4949      1.0800
    8.2728      1.1000
    7.4130      1.1200
    6.4889      1.1400
    6.1317      1.1600
    6.3556      1.1800
    6.5399      1.2000
    6.0808      1.2200
    5.0388      1.2400
    4.0378      1.2600
    3.5914      1.2800
    3.7320      1.3000
    4.2523      1.3200
    4.9528      1.3400
    5.4701      1.3600
    5.2964      1.3800
    4.3990      1.4000
    3.4715      1.4200
    3.2276      1.4400
    3.6712      1.4600
    4.1526      1.4800
    4.0648      1.5000
    3.4934      1.5200
    3.1123      1.5400
    3.4406      1.5600
    4.2780      1.5800
    4.8619      1.6000
    4.6669      1.6200
    4.0013      1.6400
    3.6000      1.6600
    3.8355      1.6800
    4.6207      1.7000
    5.6576      1.7200
    6.3922      1.7400
    6.2701      1.7600
    5.4593      1.7800
    4.8029      1.8000
    4.7419      1.8200
    4.7844      1.8400
    4.3225      1.8600
    3.5243      1.8800
    3.0630      1.9000
    3.2181      1.9200
    3.5645      1.9400
    3.5299      1.9600
    3.0888      1.9800
    2.7691      2.0000
