    0.0000     -8.0000
    0.0000     -7.9800
    0.0000     -7.9600
    0.0000     -7.9400
    0.0000     -7.9200
    0.0000     -7.9000
    0.0000     -7.8800
    0.0000     -7.8600
    0.0000     -7.8400
    0.0001     -7.8200
    0.0005     -7.8000
    0.0016     -7.7800
    0.0041     -7.7600
    0.0088     -7.7400
    0.0152     -7.7200
    0.0217     -7.7000
    0.0300     -7.6800
    0.0564     -7.6600
    0.1557     -7.6400
    0.4896     -7.6200
    1.4372     -7.6000
    3.5563     -7.5800
    7.0930     -7.5600
   11.3055     -7.5400
   14.6526     -7.5200
   16.1103     -7.5000
   15.9144     -7.4800
   14.5174     -7.4600
   11.7365     -7.4400
    7.7942     -7.4200
    4.0065     -7.4000
    1.5482     -7.3800
    0.4506     -7.3600
    0.1059     -7.3400
    0.0267     -7.3200
    0.0119     -7.3000
    0.0088     -7.2800
    0.0080     -7.2600
    0.0078     -7.2400
    0.0074     -7.2200
    0.0064     -7.2000
    0.0053     -7.1800
    0.0046     -7.1600
    0.0040     -7.1400
    0.0035     -7.1200
    0.0030     -7.1000
    0.0025     -7.0800
    0.0018     -7.0600
    0.0010     -7.0400
    0.0006     -7.0200
    0.0008     -7.0000
    0.0015     -6.9800
    0.0025     -6.9600
    0.0032     -6.9400
    0.0029     -6.9200
    0.0019     -6.9000
    0.0009     -6.8800
    0.0003     -6.8600
    0.0001     -6.8400
    0.0000     -6.8200
    0.0000     -6.8000
    0.0000     -6.7800
    0.0000     -6.7600
    0.0000     -6.7400
    0.0000     -6.7200
    0.0000     -6.7000
    0.0000     -6.6800
    0.0000     -6.6600
    0.0000     -6.6400
    0.0000     -6.6200
    0.0000     -6.6000
    0.0000     -6.5800
    0.0000     -6.5600
    0.0000     -6.5400
    0.0000     -6.5200
    0.0000     -6.5000
    0.0000     -6.4800
    0.0000     -6.4600
    0.0000     -6.4400
    0.0000     -6.4200
    0.0000     -6.4000
    0.0000     -6.3800
    0.0000     -6.3600
    0.0000     -6.3400
    0.0000     -6.3200
    0.0000     -6.3000
    0.0000     -6.2800
    0.0000     -6.2600
    0.0000     -6.2400
    0.0000     -6.2200
    0.0000     -6.2000
    0.0000     -6.1800
    0.0000     -6.1600
    0.0000     -6.1400
    0.0000     -6.1200
    0.0000     -6.1000
    0.0000     -6.0800
    0.0000     -6.0600
    0.0000     -6.0400
    0.0000     -6.0200
    0.0000     -6.0000
    0.0000     -5.9800
    0.0000     -5.9600
    0.0000     -5.9400
    0.0000     -5.9200
    0.0000     -5.9000
    0.0000     -5.8800
    0.0000     -5.8600
    0.0000     -5.8400
    0.0000     -5.8200
    0.0000     -5.8000
    0.0000     -5.7800
    0.0000     -5.7600
    0.0000     -5.7400
    0.0000     -5.7200
    0.0000     -5.7000
    0.0000     -5.6800
    0.0000     -5.6600
    0.0000     -5.6400
    0.0000     -5.6200
    0.0000     -5.6000
    0.0000     -5.5800
    0.0000     -5.5600
    0.0000     -5.5400
    0.0000     -5.5200
    0.0000     -5.5000
    0.0000     -5.4800
    0.0000     -5.4600
    0.0000     -5.4400
    0.0000     -5.4200
    0.0000     -5.4000
    0.0000     -5.3800
    0.0000     -5.3600
    0.0000     -5.3400
    0.0000     -5.3200
    0.0000     -5.3000
    0.0000     -5.2800
    0.0000     -5.2600
    0.0000     -5.2400
    0.0000     -5.2200
    0.0000     -5.2000
    0.0000     -5.1800
    0.0000     -5.1600
    0.0000     -5.1400
    0.0000     -5.1200
    0.0000     -5.1000
    0.0000     -5.0800
    0.0000     -5.0600
    0.0000     -5.0400
    0.0000     -5.0200
    0.0000     -5.0000
    0.0000     -4.9800
    0.0000     -4.9600
    0.0000     -4.9400
    0.0000     -4.9200
    0.0000     -4.9000
    0.0000     -4.8800
    0.0000     -4.8600
    0.0000     -4.8400
    0.0000     -4.8200
    0.0000     -4.8000
    0.0000     -4.7800
    0.0000     -4.7600
    0.0000     -4.7400
    0.0000     -4.7200
    0.0000     -4.7000
    0.0000     -4.6800
    0.0000     -4.6600
    0.0000     -4.6400
    0.0000     -4.6200
    0.0000     -4.6000
    0.0000     -4.5800
    0.0000     -4.5600
    0.0000     -4.5400
    0.0000     -4.5200
    0.0000     -4.5000
    0.0000     -4.4800
    0.0000     -4.4600
    0.0000     -4.4400
    0.0000     -4.4200
    0.0000     -4.4000
    0.0000     -4.3800
    0.0000     -4.3600
    0.0000     -4.3400
    0.0000     -4.3200
    0.0000     -4.3000
    0.0000     -4.2800
    0.0002     -4.2600
    0.0008     -4.2400
    0.0022     -4.2200
    0.0047     -4.2000
    0.0081     -4.1800
    0.0130     -4.1600
    0.0216     -4.1400
    0.0378     -4.1200
    0.0677     -4.1000
    0.1261     -4.0800
    0.2738     -4.0600
    0.7139     -4.0400
    1.9153     -4.0200
    4.5032     -4.0000
    8.5609     -3.9800
   12.7251     -3.9600
   14.5611     -3.9400
   12.7124     -3.9200
    8.4258     -3.9000
    4.2481     -3.8800
    1.6659     -3.8600
    0.5560     -3.8400
    0.2040     -3.8200
    0.1098     -3.8000
    0.0780     -3.7800
    0.0587     -3.7600
    0.0439     -3.7400
    0.0331     -3.7200
    0.0263     -3.7000
    0.0226     -3.6800
    0.0209     -3.6600
    0.0196     -3.6400
    0.0177     -3.6200
    0.0154     -3.6000
    0.0134     -3.5800
    0.0121     -3.5600
    0.0111     -3.5400
    0.0099     -3.5200
    0.0083     -3.5000
    0.0062     -3.4800
    0.0041     -3.4600
    0.0023     -3.4400
    0.0010     -3.4200
    0.0004     -3.4000
    0.0001     -3.3800
    0.0000     -3.3600
    0.0000     -3.3400
    0.0000     -3.3200
    0.0000     -3.3000
    0.0000     -3.2800
    0.0000     -3.2600
    0.0000     -3.2400
    0.0000     -3.2200
    0.0000     -3.2000
    0.0000     -3.1800
    0.0000     -3.1600
    0.0000     -3.1400
    0.0000     -3.1200
    0.0000     -3.1000
    0.0000     -3.0800
    0.0000     -3.0600
    0.0000     -3.0400
    0.0000     -3.0200
    0.0000     -3.0000
    0.0000     -2.9800
    0.0000     -2.9600
    0.0000     -2.9400
    0.0000     -2.9200
    0.0000     -2.9000
    0.0000     -2.8800
    0.0000     -2.8600
    0.0000     -2.8400
    0.0000     -2.8200
    0.0000     -2.8000
    0.0000     -2.7800
    0.0000     -2.7600
    0.0000     -2.7400
    0.0000     -2.7200
    0.0000     -2.7000
    0.0000     -2.6800
    0.0000     -2.6600
    0.0000     -2.6400
    0.0000     -2.6200
    0.0000     -2.6000
    0.0000     -2.5800
    0.0000     -2.5600
    0.0000     -2.5400
    0.0000     -2.5200
    0.0000     -2.5000
    0.0000     -2.4800
    0.0000     -2.4600
    0.0000     -2.4400
    0.0000     -2.4200
    0.0000     -2.4000
    0.0000     -2.3800
    0.0000     -2.3600
    0.0000     -2.3400
    0.0000     -2.3200
    0.0000     -2.3000
    0.0000     -2.2800
    0.0000     -2.2600
    0.0000     -2.2400
    0.0000     -2.2200
    0.0000     -2.2000
    0.0000     -2.1800
    0.0000     -2.1600
    0.0000     -2.1400
    0.0000     -2.1200
    0.0000     -2.1000
    0.0000     -2.0800
    0.0000     -2.0600
    0.0000     -2.0400
    0.0000     -2.0200
    0.0000     -2.0000
    0.0000     -1.9800
    0.0000     -1.9600
    0.0000     -1.9400
    0.0000     -1.9200
    0.0000     -1.9000
    0.0000     -1.8800
    0.0000     -1.8600
    0.0000     -1.8400
    0.0000     -1.8200
    0.0000     -1.8000
    0.0000     -1.7800
    0.0000     -1.7600
    0.0000     -1.7400
    0.0000     -1.7200
    0.0000     -1.7000
    0.0000     -1.6800
    0.0000     -1.6600
    0.0000     -1.6400
    0.0000     -1.6200
    0.0000     -1.6000
    0.0000     -1.5800
    0.0000     -1.5600
    0.0000     -1.5400
    0.0000     -1.5200
    0.0000     -1.5000
    0.0000     -1.4800
    0.0000     -1.4600
    0.0000     -1.4400
    0.0000     -1.4200
    0.0000     -1.4000
    0.0000     -1.3800
    0.0000     -1.3600
    0.0000     -1.3400
    0.0000     -1.3200
    0.0000     -1.3000
    0.0000     -1.2800
    0.0000     -1.2600
    0.0000     -1.2400
    0.0000     -1.2200
    0.0000     -1.2000
    0.0000     -1.1800
    0.0000     -1.1600
    0.0000     -1.1400
    0.0000     -1.1200
    0.0000     -1.1000
    0.0000     -1.0800
    0.0000     -1.0600
    0.0000     -1.0400
    0.0000     -1.0200
    0.0000     -1.0000
    0.0000     -0.9800
    0.0000     -0.9600
    0.0001     -0.9400
    0.0002     -0.9200
    0.0003     -0.9000
    0.0004     -0.8800
    0.0003     -0.8600
    0.0002     -0.8400
    0.0001     -0.8200
    0.0000     -0.8000
    0.0000     -0.7800
    0.0000     -0.7600
    0.0000     -0.7400
    0.0000     -0.7200
    0.0000     -0.7000
    0.0000     -0.6800
    0.0000     -0.6600
    0.0000     -0.6400
    0.0000     -0.6200
    0.0000     -0.6000
    0.0000     -0.5800
    0.0000     -0.5600
    0.0000     -0.5400
    0.0000     -0.5200
    0.0000     -0.5000
    0.0000     -0.4800
    0.0000     -0.4600
    0.0000     -0.4400
    0.0000     -0.4200
    0.0000     -0.4000
    0.0000     -0.3800
    0.0000     -0.3600
    0.0000     -0.3400
    0.0000     -0.3200
    0.0000     -0.3000
    0.0000     -0.2800
    0.0000     -0.2600
    0.0000     -0.2400
    0.0000     -0.2200
    0.0000     -0.2000
    0.0000     -0.1800
    0.0000     -0.1600
    0.0000     -0.1400
    0.0000     -0.1200
    0.0000     -0.1000
    0.0000     -0.0800
    0.0000     -0.0600
    0.0000     -0.0400
    0.0000     -0.0200
    0.0000      0.0000
    0.0000      0.0200
    0.0000      0.0400
    0.0000      0.0600
    0.0000      0.0800
    0.0000      0.1000
    0.0000      0.1200
    0.0000      0.1400
    0.0000      0.1600
    0.0000      0.1800
    0.0001      0.2000
    0.0002      0.2200
    0.0003      0.2400
    0.0004      0.2600
    0.0006      0.2800
    0.0009      0.3000
    0.0015      0.3200
    0.0021      0.3400
    0.0022      0.3600
    0.0020      0.3800
    0.0019      0.4000
    0.0021      0.4200
    0.0022      0.4400
    0.0019      0.4600
    0.0012      0.4800
    0.0006      0.5000
    0.0002      0.5200
    0.0001      0.5400
    0.0003      0.5600
    0.0007      0.5800
    0.0014      0.6000
    0.0020      0.6200
    0.0021      0.6400
    0.0017      0.6600
    0.0014      0.6800
    0.0015      0.7000
    0.0019      0.7200
    0.0021      0.7400
    0.0017      0.7600
    0.0011      0.7800
    0.0005      0.8000
    0.0001      0.8200
    0.0000      0.8400
    0.0000      0.8600
    0.0000      0.8800
    0.0000      0.9000
    0.0000      0.9200
    0.0000      0.9400
    0.0000      0.9600
    0.0000      0.9800
    0.0000      1.0000
    0.0000      1.0200
    0.0000      1.0400
    0.0001      1.0600
    0.0003      1.0800
    0.0008      1.1000
    0.0016      1.1200
    0.0025      1.1400
    0.0028      1.1600
    0.0023      1.1800
    0.0014      1.2000
    0.0006      1.2200
    0.0002      1.2400
    0.0001      1.2600
    0.0001      1.2800
    0.0005      1.3000
    0.0013      1.3200
    0.0026      1.3400
    0.0039      1.3600
    0.0042      1.3800
    0.0033      1.4000
    0.0018      1.4200
    0.0008      1.4400
    0.0002      1.4600
    0.0001      1.4800
    0.0002      1.5000
    0.0005      1.5200
    0.0011      1.5400
    0.0018      1.5600
    0.0021      1.5800
    0.0018      1.6000
    0.0012      1.6200
    0.0005      1.6400
    0.0003      1.6600
    0.0004      1.6800
    0.0010      1.7000
    0.0021      1.7200
    0.0032      1.7400
    0.0035      1.7600
    0.0028      1.7800
    0.0016      1.8000
    0.0007      1.8200
    0.0002      1.8400
    0.0001      1.8600
    0.0000      1.8800
    0.0000      1.9000
    0.0000      1.9200
    0.0000      1.9400
    0.0001      1.9600
    0.0003      1.9800
    0.0005      2.0000
