    0.0000     -7.9760
    0.0000     -7.9440
    0.0000     -7.9120
    0.0000     -7.8800
    0.0000     -7.8480
    0.0000     -7.8160
    0.0006     -7.7840
    0.0135     -7.7520
    0.1367     -7.7200
    0.6396     -7.6880
    1.3753     -7.6560
    1.3513     -7.6240
    0.6030     -7.5920
    0.1215     -7.5600
    0.0110     -7.5280
    0.0004     -7.4960
    0.0000     -7.4640
    0.0000     -7.4320
    0.0000     -7.4000
    0.0000     -7.3680
    0.0000     -7.3360
    0.0000     -7.3040
    0.0000     -7.2720
    0.0000     -7.2400
    0.0001     -7.2080
    0.0005     -7.1760
    0.0023     -7.1440
    0.0066     -7.1120
    0.0106     -7.0800
    0.0098     -7.0480
    0.0089     -7.0160
    0.0112     -6.9840
    0.0109     -6.9520
    0.0064     -6.9200
    0.0032     -6.8880
    0.0052     -6.8560
    0.0086     -6.8240
    0.0076     -6.7920
    0.0056     -6.7600
    0.0044     -6.7280
    0.0024     -6.6960
    0.0022     -6.6640
    0.0053     -6.6320
    0.0083     -6.6000
    0.0071     -6.5680
    0.0034     -6.5360
    0.0021     -6.5040
    0.0026     -6.4720
    0.0022     -6.4400
    0.0021     -6.4080
    0.0040     -6.3760
    0.0062     -6.3440
    0.0068     -6.3120
    0.0057     -6.2800
    0.0046     -6.2480
    0.0046     -6.2160
    0.0050     -6.1840
    0.0056     -6.1520
    0.0083     -6.1200
    0.0131     -6.0880
    0.0179     -6.0560
    0.0238     -6.0240
    0.0299     -5.9920
    0.0350     -5.9600
    0.0448     -5.9280
    0.0566     -5.8960
    0.0616     -5.8640
    0.0653     -5.8320
    0.0684     -5.8000
    0.0659     -5.7680
    0.0635     -5.7360
    0.0699     -5.7040
    0.0857     -5.6720
    0.0975     -5.6400
    0.1000     -5.6080
    0.0997     -5.5760
    0.1010     -5.5440
    0.1111     -5.5120
    0.1331     -5.4800
    0.1484     -5.4480
    0.1428     -5.4160
    0.1323     -5.3840
    0.1304     -5.3520
    0.1333     -5.3200
    0.1351     -5.2880
    0.1371     -5.2560
    0.1328     -5.2240
    0.1263     -5.1920
    0.1221     -5.1600
    0.1193     -5.1280
    0.1205     -5.0960
    0.1211     -5.0640
    0.1090     -5.0320
    0.0909     -5.0000
    0.0800     -4.9680
    0.0750     -4.9360
    0.0738     -4.9040
    0.0765     -4.8720
    0.0846     -4.8400
    0.0920     -4.8080
    0.0874     -4.7760
    0.0697     -4.7440
    0.0540     -4.7120
    0.0505     -4.6800
    0.0561     -4.6480
    0.0626     -4.6160
    0.0610     -4.5840
    0.0562     -4.5520
    0.0654     -4.5200
    0.0858     -4.4880
    0.1003     -4.4560
    0.1009     -4.4240
    0.0904     -4.3920
    0.0771     -4.3600
    0.0700     -4.3280
    0.0714     -4.2960
    0.0752     -4.2640
    0.0755     -4.2320
    0.0746     -4.2000
    0.0740     -4.1680
    0.0759     -4.1360
    0.0861     -4.1040
    0.1014     -4.0720
    0.1091     -4.0400
    0.1032     -4.0080
    0.0991     -3.9760
    0.1086     -3.9440
    0.1267     -3.9120
    0.1305     -3.8800
    0.1141     -3.8480
    0.0997     -3.8160
    0.0937     -3.7840
    0.0912     -3.7520
    0.0962     -3.7200
    0.1075     -3.6880
    0.1092     -3.6560
    0.0961     -3.6240
    0.0832     -3.5920
    0.0771     -3.5600
    0.0761     -3.5280
    0.0796     -3.4960
    0.0783     -3.4640
    0.0684     -3.4320
    0.0588     -3.4000
    0.0541     -3.3680
    0.0537     -3.3360
    0.0513     -3.3040
    0.0459     -3.2720
    0.0420     -3.2400
    0.0384     -3.2080
    0.0326     -3.1760
    0.0279     -3.1440
    0.0235     -3.1120
    0.0204     -3.0800
    0.0223     -3.0480
    0.0233     -3.0160
    0.0209     -2.9840
    0.0153     -2.9520
    0.0093     -2.9200
    0.0111     -2.8880
    0.0207     -2.8560
    0.0221     -2.8240
    0.0145     -2.7920
    0.0146     -2.7600
    0.0172     -2.7280
    0.0132     -2.6960
    0.0077     -2.6640
    0.0056     -2.6320
    0.0102     -2.6000
    0.0184     -2.5680
    0.0272     -2.5360
    0.0375     -2.5040
    0.0415     -2.4720
    0.0413     -2.4400
    0.0419     -2.4080
    0.0355     -2.3760
    0.0299     -2.3440
    0.0336     -2.3120
    0.0303     -2.2800
    0.0159     -2.2480
    0.0090     -2.2160
    0.0138     -2.1840
    0.0218     -2.1520
    0.0273     -2.1200
    0.0306     -2.0880
    0.0305     -2.0560
    0.0326     -2.0240
    0.0417     -1.9920
    0.0585     -1.9600
    0.0880     -1.9280
    0.1162     -1.8960
    0.1090     -1.8640
    0.0705     -1.8320
    0.0471     -1.8000
    0.0524     -1.7680
    0.0655     -1.7360
    0.0736     -1.7040
    0.0793     -1.6720
    0.0717     -1.6400
    0.0382     -1.6080
    0.0138     -1.5760
    0.0202     -1.5440
    0.0472     -1.5120
    0.0788     -1.4800
    0.1031     -1.4480
    0.1200     -1.4160
    0.1302     -1.3840
    0.1295     -1.3520
    0.1403     -1.3200
    0.1871     -1.2880
    0.2494     -1.2560
    0.2306     -1.2240
    0.1354     -1.1920
    0.1163     -1.1600
    0.2481     -1.1280
    0.3772     -1.0960
    0.3323     -1.0640
    0.2552     -1.0320
    0.3065     -1.0000
    0.4750     -0.9680
    0.7847     -0.9360
    1.1075     -0.9040
    1.1615     -0.8720
    1.0397     -0.8400
    0.8981     -0.8080
    0.8650     -0.7760
    0.9120     -0.7440
    0.8241     -0.7120
    0.5791     -0.6800
    0.3525     -0.6480
    0.2320     -0.6160
    0.3180     -0.5840
    0.7032     -0.5520
    1.0106     -0.5200
    0.8689     -0.4880
    0.6233     -0.4560
    0.5886     -0.4240
    0.5388     -0.3920
    0.4222     -0.3600
    0.3931     -0.3280
    0.4215     -0.2960
    0.4288     -0.2640
    0.4336     -0.2320
    0.4759     -0.2000
    0.4954     -0.1680
    0.4896     -0.1360
    0.4731     -0.1040
    0.5272     -0.0720
    0.6469     -0.0400
    0.6165     -0.0080
    0.4403      0.0240
    0.3312      0.0560
    0.3587      0.0880
    0.4488      0.1200
    0.4191      0.1520
    0.2944      0.1840
    0.2669      0.2160
    0.3353      0.2480
    0.3440      0.2800
    0.2796      0.3120
    0.2170      0.3440
    0.2366      0.3760
    0.3331      0.4080
    0.3466      0.4400
    0.2771      0.4720
    0.2234      0.5040
    0.2468      0.5360
    0.2922      0.5680
    0.2213      0.6000
    0.1420      0.6320
    0.1915      0.6640
    0.2780      0.6960
    0.2921      0.7280
    0.3269      0.7600
    0.4546      0.7920
    0.5504      0.8240
    0.5056      0.8560
    0.4008      0.8880
    0.3121      0.9200
    0.3273      0.9520
    0.4496      0.9840
    0.4668      1.0160
    0.3889      1.0480
    0.4766      1.0800
    0.6057      1.1120
    0.5934      1.1440
    0.6866      1.1760
    0.9679      1.2080
    1.2414      1.2400
    1.1805      1.2720
    0.7108      1.3040
    0.3194      1.3360
    0.2472      1.3680
    0.2491      1.4000
    0.2074      1.4320
    0.2099      1.4640
    0.1970      1.4960
    0.1743      1.5280
    0.3072      1.5600
    0.4838      1.5920
    0.4345      1.6240
    0.2749      1.6560
    0.2003      1.6880
    0.1606      1.7200
    0.1299      1.7520
    0.1795      1.7840
    0.2609      1.8160
    0.2199      1.8480
    0.1249      1.8800
    0.0784      1.9120
    0.0982      1.9440
    0.2089      1.9760
