    0.0532     -7.9950
    0.0497     -7.9820
    0.0520     -7.9690
    0.0659     -7.9560
    0.0937     -7.9430
    0.1310     -7.9300
    0.1673     -7.9170
    0.1896     -7.9040
    0.1893     -7.8910
    0.1679     -7.8780
    0.1373     -7.8650
    0.1162     -7.8520
    0.1246     -7.8390
    0.1796     -7.8260
    0.2914     -7.8130
    0.4608     -7.8000
    0.6802     -7.7870
    0.9390     -7.7740
    1.2317     -7.7610
    1.5553     -7.7480
    1.8942     -7.7350
    2.1999     -7.7220
    2.3920     -7.7090
    2.3911     -7.6960
    2.1667     -7.6830
    1.7641     -7.6700
    1.2889     -7.6570
    0.8575     -7.6440
    0.5518     -7.6310
    0.4001     -7.6180
    0.3858     -7.6050
    0.4665     -7.5920
    0.5904     -7.5790
    0.7075     -7.5660
    0.7773     -7.5530
    0.7759     -7.5400
    0.7008     -7.5270
    0.5709     -7.5140
    0.4191     -7.5010
    0.2793     -7.4880
    0.1745     -7.4750
    0.1114     -7.4620
    0.0829     -7.4490
    0.0748     -7.4360
    0.0732     -7.4230
    0.0693     -7.4100
    0.0613     -7.3970
    0.0529     -7.3840
    0.0507     -7.3710
    0.0608     -7.3580
    0.0864     -7.3450
    0.1268     -7.3320
    0.1766     -7.3190
    0.2274     -7.3060
    0.2695     -7.2930
    0.2957     -7.2800
    0.3038     -7.2670
    0.2972     -7.2540
    0.2829     -7.2410
    0.2663     -7.2280
    0.2488     -7.2150
    0.2274     -7.2020
    0.1986     -7.1890
    0.1619     -7.1760
    0.1211     -7.1630
    0.0821     -7.1500
    0.0504     -7.1370
    0.0290     -7.1240
    0.0183     -7.1110
    0.0178     -7.0980
    0.0271     -7.0850
    0.0452     -7.0720
    0.0695     -7.0590
    0.0947     -7.0460
    0.1139     -7.0330
    0.1216     -7.0200
    0.1170     -7.0070
    0.1043     -6.9940
    0.0900     -6.9810
    0.0785     -6.9680
    0.0708     -6.9550
    0.0649     -6.9420
    0.0586     -6.9290
    0.0510     -6.9160
    0.0423     -6.9030
    0.0337     -6.8900
    0.0270     -6.8770
    0.0240     -6.8640
    0.0259     -6.8510
    0.0334     -6.8380
    0.0458     -6.8250
    0.0617     -6.8120
    0.0786     -6.7990
    0.0931     -6.7860
    0.1016     -6.7730
    0.1009     -6.7600
    0.0901     -6.7470
    0.0718     -6.7340
    0.0507     -6.7210
    0.0316     -6.7080
    0.0174     -6.6950
    0.0086     -6.6820
    0.0043     -6.6690
    0.0033     -6.6560
    0.0046     -6.6430
    0.0078     -6.6300
    0.0124     -6.6170
    0.0175     -6.6040
    0.0216     -6.5910
    0.0233     -6.5780
    0.0222     -6.5650
    0.0185     -6.5520
    0.0136     -6.5390
    0.0092     -6.5260
    0.0065     -6.5130
    0.0060     -6.5000
    0.0079     -6.4870
    0.0121     -6.4740
    0.0180     -6.4610
    0.0249     -6.4480
    0.0320     -6.4350
    0.0384     -6.4220
    0.0432     -6.4090
    0.0454     -6.3960
    0.0442     -6.3830
    0.0398     -6.3700
    0.0333     -6.3570
    0.0264     -6.3440
    0.0204     -6.3310
    0.0159     -6.3180
    0.0125     -6.3050
    0.0098     -6.2920
    0.0077     -6.2790
    0.0065     -6.2660
    0.0068     -6.2530
    0.0087     -6.2400
    0.0121     -6.2270
    0.0158     -6.2140
    0.0188     -6.2010
    0.0199     -6.1880
    0.0190     -6.1750
    0.0169     -6.1620
    0.0150     -6.1490
    0.0144     -6.1360
    0.0154     -6.1230
    0.0171     -6.1100
    0.0186     -6.0970
    0.0191     -6.0840
    0.0190     -6.0710
    0.0192     -6.0580
    0.0205     -6.0450
    0.0228     -6.0320
    0.0252     -6.0190
    0.0261     -6.0060
    0.0246     -5.9930
    0.0208     -5.9800
    0.0157     -5.9670
    0.0105     -5.9540
    0.0063     -5.9410
    0.0034     -5.9280
    0.0017     -5.9150
    0.0011     -5.9020
    0.0011     -5.8890
    0.0018     -5.8760
    0.0028     -5.8630
    0.0041     -5.8500
    0.0053     -5.8370
    0.0060     -5.8240
    0.0061     -5.8110
    0.0057     -5.7980
    0.0052     -5.7850
    0.0052     -5.7720
    0.0061     -5.7590
    0.0082     -5.7460
    0.0112     -5.7330
    0.0144     -5.7200
    0.0170     -5.7070
    0.0182     -5.6940
    0.0178     -5.6810
    0.0158     -5.6680
    0.0127     -5.6550
    0.0093     -5.6420
    0.0062     -5.6290
    0.0038     -5.6160
    0.0024     -5.6030
    0.0020     -5.5900
    0.0028     -5.5770
    0.0046     -5.5640
    0.0071     -5.5510
    0.0100     -5.5380
    0.0124     -5.5250
    0.0138     -5.5120
    0.0139     -5.4990
    0.0132     -5.4860
    0.0121     -5.4730
    0.0111     -5.4600
    0.0102     -5.4470
    0.0090     -5.4340
    0.0077     -5.4210
    0.0063     -5.4080
    0.0051     -5.3950
    0.0043     -5.3820
    0.0038     -5.3690
    0.0036     -5.3560
    0.0038     -5.3430
    0.0044     -5.3300
    0.0058     -5.3170
    0.0081     -5.3040
    0.0111     -5.2910
    0.0144     -5.2780
    0.0169     -5.2650
    0.0179     -5.2520
    0.0170     -5.2390
    0.0145     -5.2260
    0.0113     -5.2130
    0.0084     -5.2000
    0.0064     -5.1870
    0.0056     -5.1740
    0.0057     -5.1610
    0.0062     -5.1480
    0.0067     -5.1350
    0.0071     -5.1220
    0.0073     -5.1090
    0.0072     -5.0960
    0.0068     -5.0830
    0.0062     -5.0700
    0.0054     -5.0570
    0.0046     -5.0440
    0.0040     -5.0310
    0.0036     -5.0180
    0.0031     -5.0050
    0.0027     -4.9920
    0.0025     -4.9790
    0.0025     -4.9660
    0.0029     -4.9530
    0.0039     -4.9400
    0.0052     -4.9270
    0.0066     -4.9140
    0.0078     -4.9010
    0.0084     -4.8880
    0.0084     -4.8750
    0.0078     -4.8620
    0.0069     -4.8490
    0.0061     -4.8360
    0.0055     -4.8230
    0.0052     -4.8100
    0.0052     -4.7970
    0.0053     -4.7840
    0.0052     -4.7710
    0.0050     -4.7580
    0.0046     -4.7450
    0.0043     -4.7320
    0.0042     -4.7190
    0.0043     -4.7060
    0.0045     -4.6930
    0.0044     -4.6800
    0.0042     -4.6670
    0.0040     -4.6540
    0.0037     -4.6410
    0.0037     -4.6280
    0.0040     -4.6150
    0.0044     -4.6020
    0.0048     -4.5890
    0.0051     -4.5760
    0.0050     -4.5630
    0.0046     -4.5500
    0.0037     -4.5370
    0.0028     -4.5240
    0.0019     -4.5110
    0.0012     -4.4980
    0.0009     -4.4850
    0.0009     -4.4720
    0.0012     -4.4590
    0.0016     -4.4460
    0.0021     -4.4330
    0.0025     -4.4200
    0.0027     -4.4070
    0.0028     -4.3940
    0.0028     -4.3810
    0.0027     -4.3680
    0.0026     -4.3550
    0.0022     -4.3420
    0.0018     -4.3290
    0.0014     -4.3160
    0.0011     -4.3030
    0.0011     -4.2900
    0.0014     -4.2770
    0.0021     -4.2640
    0.0029     -4.2510
    0.0037     -4.2380
    0.0043     -4.2250
    0.0046     -4.2120
    0.0046     -4.1990
    0.0046     -4.1860
    0.0048     -4.1730
    0.0053     -4.1600
    0.0061     -4.1470
    0.0071     -4.1340
    0.0080     -4.1210
    0.0086     -4.1080
    0.0089     -4.0950
    0.0086     -4.0820
    0.0080     -4.0690
    0.0072     -4.0560
    0.0063     -4.0430
    0.0056     -4.0300
    0.0050     -4.0170
    0.0044     -4.0040
    0.0039     -3.9910
    0.0033     -3.9780
    0.0027     -3.9650
    0.0021     -3.9520
    0.0016     -3.9390
    0.0013     -3.9260
    0.0011     -3.9130
    0.0009     -3.9000
    0.0007     -3.8870
    0.0006     -3.8740
    0.0004     -3.8610
    0.0004     -3.8480
    0.0005     -3.8350
    0.0007     -3.8220
    0.0011     -3.8090
    0.0016     -3.7960
    0.0022     -3.7830
    0.0026     -3.7700
    0.0030     -3.7570
    0.0032     -3.7440
    0.0033     -3.7310
    0.0034     -3.7180
    0.0035     -3.7050
    0.0037     -3.6920
    0.0040     -3.6790
    0.0043     -3.6660
    0.0047     -3.6530
    0.0050     -3.6400
    0.0052     -3.6270
    0.0051     -3.6140
    0.0047     -3.6010
    0.0040     -3.5880
    0.0031     -3.5750
    0.0023     -3.5620
    0.0015     -3.5490
    0.0010     -3.5360
    0.0007     -3.5230
    0.0005     -3.5100
    0.0004     -3.4970
    0.0004     -3.4840
    0.0004     -3.4710
    0.0003     -3.4580
    0.0003     -3.4450
    0.0002     -3.4320
    0.0001     -3.4190
    0.0001     -3.4060
    0.0000     -3.3930
    0.0000     -3.3800
    0.0000     -3.3670
    0.0000     -3.3540
    0.0001     -3.3410
    0.0002     -3.3280
    0.0004     -3.3150
    0.0006     -3.3020
    0.0010     -3.2890
    0.0014     -3.2760
    0.0018     -3.2630
    0.0021     -3.2500
    0.0024     -3.2370
    0.0024     -3.2240
    0.0022     -3.2110
    0.0018     -3.1980
    0.0013     -3.1850
    0.0009     -3.1720
    0.0007     -3.1590
    0.0005     -3.1460
    0.0005     -3.1330
    0.0005     -3.1200
    0.0006     -3.1070
    0.0007     -3.0940
    0.0008     -3.0810
    0.0008     -3.0680
    0.0008     -3.0550
    0.0007     -3.0420
    0.0005     -3.0290
    0.0003     -3.0160
    0.0002     -3.0030
    0.0001     -2.9900
    0.0001     -2.9770
    0.0000     -2.9640
    0.0000     -2.9510
    0.0001     -2.9380
    0.0001     -2.9250
    0.0003     -2.9120
    0.0005     -2.8990
    0.0007     -2.8860
    0.0010     -2.8730
    0.0013     -2.8600
    0.0015     -2.8470
    0.0016     -2.8340
    0.0017     -2.8210
    0.0018     -2.8080
    0.0019     -2.7950
    0.0021     -2.7820
    0.0023     -2.7690
    0.0023     -2.7560
    0.0022     -2.7430
    0.0020     -2.7300
    0.0017     -2.7170
    0.0017     -2.7040
    0.0020     -2.6910
    0.0027     -2.6780
    0.0039     -2.6650
    0.0052     -2.6520
    0.0066     -2.6390
    0.0077     -2.6260
    0.0084     -2.6130
    0.0087     -2.6000
    0.0086     -2.5870
    0.0084     -2.5740
    0.0082     -2.5610
    0.0080     -2.5480
    0.0078     -2.5350
    0.0075     -2.5220
    0.0071     -2.5090
    0.0065     -2.4960
    0.0057     -2.4830
    0.0049     -2.4700
    0.0041     -2.4570
    0.0035     -2.4440
    0.0032     -2.4310
    0.0031     -2.4180
    0.0031     -2.4050
    0.0032     -2.3920
    0.0031     -2.3790
    0.0028     -2.3660
    0.0023     -2.3530
    0.0018     -2.3400
    0.0014     -2.3270
    0.0012     -2.3140
    0.0013     -2.3010
    0.0017     -2.2880
    0.0023     -2.2750
    0.0031     -2.2620
    0.0038     -2.2490
    0.0043     -2.2360
    0.0044     -2.2230
    0.0043     -2.2100
    0.0040     -2.1970
    0.0036     -2.1840
    0.0033     -2.1710
    0.0028     -2.1580
    0.0023     -2.1450
    0.0018     -2.1320
    0.0013     -2.1190
    0.0010     -2.1060
    0.0008     -2.0930
    0.0009     -2.0800
    0.0012     -2.0670
    0.0018     -2.0540
    0.0025     -2.0410
    0.0031     -2.0280
    0.0036     -2.0150
    0.0038     -2.0020
    0.0036     -1.9890
    0.0031     -1.9760
    0.0024     -1.9630
    0.0018     -1.9500
    0.0013     -1.9370
    0.0008     -1.9240
    0.0005     -1.9110
    0.0003     -1.8980
    0.0002     -1.8850
    0.0001     -1.8720
    0.0002     -1.8590
    0.0003     -1.8460
    0.0004     -1.8330
    0.0006     -1.8200
    0.0008     -1.8070
    0.0009     -1.7940
    0.0010     -1.7810
    0.0011     -1.7680
    0.0013     -1.7550
    0.0014     -1.7420
    0.0015     -1.7290
    0.0015     -1.7160
    0.0013     -1.7030
    0.0010     -1.6900
    0.0008     -1.6770
    0.0006     -1.6640
    0.0005     -1.6510
    0.0004     -1.6380
    0.0004     -1.6250
    0.0004     -1.6120
    0.0004     -1.5990
    0.0004     -1.5860
    0.0005     -1.5730
    0.0006     -1.5600
    0.0007     -1.5470
    0.0009     -1.5340
    0.0010     -1.5210
    0.0012     -1.5080
    0.0014     -1.4950
    0.0018     -1.4820
    0.0022     -1.4690
    0.0025     -1.4560
    0.0028     -1.4430
    0.0030     -1.4300
    0.0030     -1.4170
    0.0029     -1.4040
    0.0028     -1.3910
    0.0026     -1.3780
    0.0024     -1.3650
    0.0023     -1.3520
    0.0023     -1.3390
    0.0024     -1.3260
    0.0028     -1.3130
    0.0034     -1.3000
    0.0044     -1.2870
    0.0055     -1.2740
    0.0065     -1.2610
    0.0071     -1.2480
    0.0073     -1.2350
    0.0070     -1.2220
    0.0064     -1.2090
    0.0057     -1.1960
    0.0053     -1.1830
    0.0053     -1.1700
    0.0057     -1.1570
    0.0065     -1.1440
    0.0079     -1.1310
    0.0099     -1.1180
    0.0127     -1.1050
    0.0161     -1.0920
    0.0196     -1.0790
    0.0225     -1.0660
    0.0243     -1.0530
    0.0248     -1.0400
    0.0245     -1.0270
    0.0237     -1.0140
    0.0230     -1.0010
    0.0226     -0.9880
    0.0227     -0.9750
    0.0231     -0.9620
    0.0237     -0.9490
    0.0246     -0.9360
    0.0259     -0.9230
    0.0280     -0.9100
    0.0316     -0.8970
    0.0368     -0.8840
    0.0433     -0.8710
    0.0500     -0.8580
    0.0557     -0.8450
    0.0594     -0.8320
    0.0610     -0.8190
    0.0613     -0.8060
    0.0612     -0.7930
    0.0609     -0.7800
    0.0602     -0.7670
    0.0584     -0.7540
    0.0550     -0.7410
    0.0500     -0.7280
    0.0442     -0.7150
    0.0382     -0.7020
    0.0327     -0.6890
    0.0280     -0.6760
    0.0242     -0.6630
    0.0215     -0.6500
    0.0203     -0.6370
    0.0210     -0.6240
    0.0238     -0.6110
    0.0284     -0.5980
    0.0337     -0.5850
    0.0379     -0.5720
    0.0394     -0.5590
    0.0376     -0.5460
    0.0331     -0.5330
    0.0276     -0.5200
    0.0226     -0.5070
    0.0194     -0.4940
    0.0183     -0.4810
    0.0188     -0.4680
    0.0201     -0.4550
    0.0215     -0.4420
    0.0230     -0.4290
    0.0246     -0.4160
    0.0269     -0.4030
    0.0296     -0.3900
    0.0322     -0.3770
    0.0341     -0.3640
    0.0350     -0.3510
    0.0353     -0.3380
    0.0358     -0.3250
    0.0367     -0.3120
    0.0381     -0.2990
    0.0395     -0.2860
    0.0402     -0.2730
    0.0396     -0.2600
    0.0372     -0.2470
    0.0330     -0.2340
    0.0275     -0.2210
    0.0217     -0.2080
    0.0169     -0.1950
    0.0136     -0.1820
    0.0121     -0.1690
    0.0121     -0.1560
    0.0132     -0.1430
    0.0149     -0.1300
    0.0171     -0.1170
    0.0193     -0.1040
    0.0213     -0.0910
    0.0228     -0.0780
    0.0235     -0.0650
    0.0232     -0.0520
    0.0219     -0.0390
    0.0201     -0.0260
    0.0184     -0.0130
    0.0174      0.0000
    0.0175      0.0130
    0.0185      0.0260
    0.0198      0.0390
    0.0209      0.0520
    0.0211      0.0650
    0.0202      0.0780
    0.0182      0.0910
    0.0156      0.1040
    0.0130      0.1170
    0.0112      0.1300
    0.0104      0.1430
    0.0106      0.1560
    0.0113      0.1690
    0.0118      0.1820
    0.0117      0.1950
    0.0107      0.2080
    0.0093      0.2210
    0.0079      0.2340
    0.0069      0.2470
    0.0064      0.2600
    0.0061      0.2730
    0.0059      0.2860
    0.0053      0.2990
    0.0045      0.3120
    0.0036      0.3250
    0.0028      0.3380
    0.0022      0.3510
    0.0020      0.3640
    0.0021      0.3770
    0.0027      0.3900
    0.0037      0.4030
    0.0054      0.4160
    0.0078      0.4290
    0.0111      0.4420
    0.0150      0.4550
    0.0190      0.4680
    0.0227      0.4810
    0.0253      0.4940
    0.0264      0.5070
    0.0260      0.5200
    0.0245      0.5330
    0.0223      0.5460
    0.0200      0.5590
    0.0179      0.5720
    0.0161      0.5850
    0.0149      0.5980
    0.0143      0.6110
    0.0146      0.6240
    0.0156      0.6370
    0.0173      0.6500
    0.0191      0.6630
    0.0204      0.6760
    0.0208      0.6890
    0.0200      0.7020
    0.0181      0.7150
    0.0159      0.7280
    0.0139      0.7410
    0.0127      0.7540
    0.0123      0.7670
    0.0125      0.7800
    0.0129      0.7930
    0.0130      0.8060
    0.0126      0.8190
    0.0117      0.8320
    0.0105      0.8450
    0.0096      0.8580
    0.0091      0.8710
    0.0091      0.8840
    0.0093      0.8970
    0.0094      0.9100
    0.0094      0.9230
    0.0096      0.9360
    0.0103      0.9490
    0.0116      0.9620
    0.0134      0.9750
    0.0153      0.9880
    0.0166      1.0010
    0.0174      1.0140
    0.0179      1.0270
    0.0183      1.0400
    0.0188      1.0530
    0.0194      1.0660
    0.0197      1.0790
    0.0195      1.0920
    0.0191      1.1050
    0.0192      1.1180
    0.0204      1.1310
    0.0230      1.1440
    0.0263      1.1570
    0.0286      1.1700
    0.0288      1.1830
    0.0262      1.1960
    0.0217      1.2090
    0.0165      1.2220
    0.0121      1.2350
    0.0092      1.2480
    0.0080      1.2610
    0.0079      1.2740
    0.0085      1.2870
    0.0093      1.3000
    0.0099      1.3130
    0.0101      1.3260
    0.0100      1.3390
    0.0095      1.3520
    0.0089      1.3650
    0.0080      1.3780
    0.0070      1.3910
    0.0059      1.4040
    0.0052      1.4170
    0.0048      1.4300
    0.0048      1.4430
    0.0049      1.4560
    0.0049      1.4690
    0.0047      1.4820
    0.0047      1.4950
    0.0048      1.5080
    0.0052      1.5210
    0.0060      1.5340
    0.0069      1.5470
    0.0077      1.5600
    0.0083      1.5730
    0.0085      1.5860
    0.0085      1.5990
    0.0081      1.6120
    0.0075      1.6250
    0.0066      1.6380
    0.0056      1.6510
    0.0047      1.6640
    0.0040      1.6770
    0.0035      1.6900
    0.0033      1.7030
    0.0032      1.7160
    0.0032      1.7290
    0.0033      1.7420
    0.0037      1.7550
    0.0046      1.7680
    0.0063      1.7810
    0.0088      1.7940
    0.0119      1.8070
    0.0149      1.8200
    0.0174      1.8330
    0.0191      1.8460
    0.0203      1.8590
    0.0218      1.8720
    0.0240      1.8850
    0.0271      1.8980
    0.0304      1.9110
    0.0329      1.9240
    0.0337      1.9370
    0.0326      1.9500
    0.0297      1.9630
    0.0257      1.9760
    0.0214      1.9890
