    0.0000     -7.9875
    0.0000     -7.9700
    0.0000     -7.9525
    0.0000     -7.9350
    0.0000     -7.9175
    0.0000     -7.9000
    0.0000     -7.8825
    0.0000     -7.8650
    0.0000     -7.8475
    0.0000     -7.8300
    0.0000     -7.8125
    0.0000     -7.7950
    0.0000     -7.7775
    0.0000     -7.7600
    0.0000     -7.7425
    0.0000     -7.7250
    0.0000     -7.7075
    0.0000     -7.6900
    0.0000     -7.6725
    0.0000     -7.6550
    0.0000     -7.6375
    0.0000     -7.6200
    0.0000     -7.6025
    0.0000     -7.5850
    0.0000     -7.5675
    0.0000     -7.5500
    0.0000     -7.5325
    0.0000     -7.5150
    0.0000     -7.4975
    0.0000     -7.4800
    0.0000     -7.4625
    0.0000     -7.4450
    0.0000     -7.4275
    0.0000     -7.4100
    0.0000     -7.3925
    0.0000     -7.3750
    0.0000     -7.3575
    0.0000     -7.3400
    0.0000     -7.3225
    0.0000     -7.3050
    0.0000     -7.2875
    0.0000     -7.2700
    0.0000     -7.2525
    0.0001     -7.2350
    0.0004     -7.2175
    0.0017     -7.2000
    0.0067     -7.1825
    0.0211     -7.1650
    0.0553     -7.1475
    0.1236     -7.1300
    0.2384     -7.1125
    0.3949     -7.0950
    0.5529     -7.0775
    0.6458     -7.0600
    0.6378     -7.0425
    0.5771     -7.0250
    0.5653     -7.0075
    0.6592     -6.9900
    0.8177     -6.9725
    0.9437     -6.9550
    0.9598     -6.9375
    0.8450     -6.9200
    0.6381     -6.9025
    0.4275     -6.8850
    0.3192     -6.8675
    0.3906     -6.8500
    0.6429     -6.8325
    0.9682     -6.8150
    1.1866     -6.7975
    1.1817     -6.7800
    1.0105     -6.7625
    0.8329     -6.7450
    0.7340     -6.7275
    0.6645     -6.7100
    0.5481     -6.6925
    0.3935     -6.6750
    0.2873     -6.6575
    0.3175     -6.6400
    0.5212     -6.6225
    0.8673     -6.6050
    1.2531     -6.5875
    1.5252     -6.5700
    1.5482     -6.5525
    1.3032     -6.5350
    0.9252     -6.5175
    0.6152     -6.5000
    0.4941     -6.4825
    0.5318     -6.4650
    0.5990     -6.4475
    0.5858     -6.4300
    0.4942     -6.4125
    0.4315     -6.3950
    0.5189     -6.3775
    0.7916     -6.3600
    1.1634     -6.3425
    1.4941     -6.3250
    1.7007     -6.3075
    1.7844     -6.2900
    1.7585     -6.2725
    1.6259     -6.2550
    1.4414     -6.2375
    1.3098     -6.2200
    1.2883     -6.2025
    1.3440     -6.1850
    1.4196     -6.1675
    1.5020     -6.1500
    1.6279     -6.1325
    1.8578     -6.1150
    2.2462     -6.0975
    2.8199     -6.0800
    3.5944     -6.0625
    4.6188     -6.0450
    5.9523     -6.0275
    7.5584     -6.0100
    9.2879     -5.9925
   11.0265     -5.9750
   12.8088     -5.9575
   14.7322     -5.9400
   16.8293     -5.9225
   19.1466     -5.9050
   21.9155     -5.8875
   25.3854     -5.8700
   29.3199     -5.8525
   32.8336     -5.8350
   34.9754     -5.8175
   35.5266     -5.8000
   35.1381     -5.7825
   34.6155     -5.7650
   34.1687     -5.7475
   33.5114     -5.7300
   32.6160     -5.7125
   32.1612     -5.6950
   33.1284     -5.6775
   35.9048     -5.6600
   39.7699     -5.6425
   43.3411     -5.6250
   45.5708     -5.6075
   46.3589     -5.5900
   46.4177     -5.5725
   46.6841     -5.5550
   47.5748     -5.5375
   48.5349     -5.5200
   48.5761     -5.5025
   47.4803     -5.4850
   46.0975     -5.4675
   45.2494     -5.4500
   44.8044     -5.4325
   44.0497     -5.4150
   42.5198     -5.3975
   40.2296     -5.3800
   37.5100     -5.3625
   34.9683     -5.3450
   33.3525     -5.3275
   32.9824     -5.3100
   33.3297     -5.2925
   33.6007     -5.2750
   33.7896     -5.2575
   34.7425     -5.2400
   37.0841     -5.2225
   40.4296     -5.2050
   43.7170     -5.1875
   46.0273     -5.1700
   47.0468     -5.1525
   47.0457     -5.1350
   46.6304     -5.1175
   46.4605     -5.1000
   46.9486     -5.0825
   47.9556     -5.0650
   48.7947     -5.0475
   48.7839     -5.0300
   47.8120     -5.0125
   46.2104     -4.9950
   44.2134     -4.9775
   41.8618     -4.9600
   39.4009     -4.9425
   37.4712     -4.9250
   36.7559     -4.9075
   37.4321     -4.8900
   38.9585     -4.8725
   40.4109     -4.8550
   41.0582     -4.8375
   40.7443     -4.8200
   39.9400     -4.8025
   39.3923     -4.7850
   39.4686     -4.7675
   39.8235     -4.7500
   39.8082     -4.7325
   39.1584     -4.7150
   38.3331     -4.6975
   38.2877     -4.6800
   39.7199     -4.6625
   42.2944     -4.6450
   44.7797     -4.6275
   46.2192     -4.6100
   46.8908     -4.5925
   47.9933     -4.5750
   50.5430     -4.5575
   54.6460     -4.5400
   59.6246     -4.5225
   64.6812     -4.5050
   69.4368     -4.4875
   73.8359     -4.4700
   77.6959     -4.4525
   80.6681     -4.4350
   82.6005     -4.4175
   83.5476     -4.4000
   83.3836     -4.3825
   81.6893     -4.3650
   78.0114     -4.3475
   72.1618     -4.3300
   64.6102     -4.3125
   56.8483     -4.2950
   50.9995     -4.2775
   48.5652     -4.2600
   49.4238     -4.2425
   52.0193     -4.2250
   54.4011     -4.2075
   55.2100     -4.1900
   54.1159     -4.1725
   51.7165     -4.1550
   49.0848     -4.1375
   47.2049     -4.1200
   46.5866     -4.1025
   47.1792     -4.0850
   48.4698     -4.0675
   49.8004     -4.0500
   50.9256     -4.0325
   52.2722     -4.0150
   54.4213     -3.9975
   57.3533     -3.9800
   60.2852     -3.9625
   62.1053     -3.9450
   62.0056     -3.9275
   60.1143     -3.9100
   57.6832     -3.8925
   56.2475     -3.8750
   56.2582     -3.8575
   56.7743     -3.8400
   56.7024     -3.8225
   55.9926     -3.8050
   55.4731     -3.7875
   55.9816     -3.7700
   57.7775     -3.7525
   60.2536     -3.7350
   62.0056     -3.7175
   61.6636     -3.7000
   59.0776     -3.6825
   55.6728     -3.6650
   53.4669     -3.6475
   53.5773     -3.6300
   55.5420     -3.6125
   57.9999     -3.5950
   59.9832     -3.5775
   61.5063     -3.5600
   62.9856     -3.5425
   64.3739     -3.5250
   65.0760     -3.5075
   64.5639     -3.4900
   62.8053     -3.4725
   60.2106     -3.4550
   57.4964     -3.4375
   55.5209     -3.4200
   54.8491     -3.4025
   55.3666     -3.3850
   56.5120     -3.3675
   57.9213     -3.3500
   59.6363     -3.3325
   61.6658     -3.3150
   63.6728     -3.2975
   65.2624     -3.2800
   66.3339     -3.2625
   66.9864     -3.2450
   67.2520     -3.2275
   67.0724     -3.2100
   66.4304     -3.1925
   65.3571     -3.1750
   63.8879     -3.1575
   62.2167     -3.1400
   60.9217     -3.1225
   60.8118     -3.1050
   62.3408     -3.0875
   65.2447     -3.0700
   68.9056     -3.0525
   72.8709     -3.0350
   76.6812     -3.0175
   79.4174     -3.0000
   80.0114     -2.9825
   78.0518     -2.9650
   73.9587     -2.9475
   68.4741     -2.9300
   62.2786     -2.9125
   55.9983     -2.8950
   50.2503     -2.8775
   45.4512     -2.8600
   41.4962     -2.8425
   37.7422     -2.8250
   33.5558     -2.8075
   28.9033     -2.7900
   24.2190     -2.7725
   19.7706     -2.7550
   15.4679     -2.7375
   11.3015     -2.7200
    7.6151     -2.7025
    4.8000     -2.6850
    2.9346     -2.6675
    1.8342     -2.6500
    1.2717     -2.6325
    1.0413     -2.6150
    0.9500     -2.5975
    0.8961     -2.5800
    0.9367     -2.5625
    1.1976     -2.5450
    1.7215     -2.5275
    2.4801     -2.5100
    3.5317     -2.4925
    4.9908     -2.4750
    6.6924     -2.4575
    8.0231     -2.4400
    8.3361     -2.4225
    7.5452     -2.4050
    6.1877     -2.3875
    4.9422     -2.3700
    4.1626     -2.3525
    3.7988     -2.3350
    3.6363     -2.3175
    3.5497     -2.3000
    3.5157     -2.2825
    3.4558     -2.2650
    3.1997     -2.2475
    2.6587     -2.2300
    1.9678     -2.2125
    1.3857     -2.1950
    1.0852     -2.1775
    1.0732     -2.1600
    1.2550     -2.1425
    1.5124     -2.1250
    1.7456     -2.1075
    1.8789     -2.0900
    1.8517     -2.0725
    1.6519     -2.0550
    1.3920     -2.0375
    1.3217     -2.0200
    1.7365     -2.0025
    2.8150     -1.9850
    4.4258     -1.9675
    6.0590     -1.9500
    7.0992     -1.9325
    7.3071     -1.9150
    6.9738     -1.8975
    6.5170     -1.8800
    6.0406     -1.8625
    5.4036     -1.8450
    4.5698     -1.8275
    3.6946     -1.8100
    2.9562     -1.7925
    2.4624     -1.7750
    2.2597     -1.7575
    2.3051     -1.7400
    2.4686     -1.7225
    2.6554     -1.7050
    2.9098     -1.6875
    3.3374     -1.6700
    3.8981     -1.6525
    4.3113     -1.6350
    4.2500     -1.6175
    3.6567     -1.6000
    2.8059     -1.5825
    2.0800     -1.5650
    1.7908     -1.5475
    2.1480     -1.5300
    3.1515     -1.5125
    4.4203     -1.4950
    5.3357     -1.4775
    5.5523     -1.4600
    5.3087     -1.4425
    5.1237     -1.4250
    5.2870     -1.4075
    5.7167     -1.3900
    6.1547     -1.3725
    6.3628     -1.3550
    6.1840     -1.3375
    5.5357     -1.3200
    4.4550     -1.3025
    3.1790     -1.2850
    2.0889     -1.2675
    1.4875     -1.2500
    1.4180     -1.2325
    1.6933     -1.2150
    2.1116     -1.1975
    2.6603     -1.1800
    3.4564     -1.1625
    4.4454     -1.1450
    5.2494     -1.1275
    5.4260     -1.1100
    4.8656     -1.0925
    3.8951     -1.0750
    3.0486     -1.0575
    2.8030     -1.0400
    3.4273     -1.0225
    4.8394     -1.0050
    6.4884     -0.9875
    7.5642     -0.9700
    7.5869     -0.9525
    6.7831     -0.9350
    5.7660     -0.9175
    4.9523     -0.9000
    4.4048     -0.8825
    4.0654     -0.8650
    3.9109     -0.8475
    3.8957     -0.8300
    3.9112     -0.8125
    3.9103     -0.7950
    4.0208     -0.7775
    4.4094     -0.7600
    5.0271     -0.7425
    5.6166     -0.7250
    6.0120     -0.7075
    6.2929     -0.6900
    6.5501     -0.6725
    6.6358     -0.6550
    6.3169     -0.6375
    5.6275     -0.6200
    4.9316     -0.6025
    4.6337     -0.5850
    4.8809     -0.5675
    5.5226     -0.5500
    6.2817     -0.5325
    6.8907     -0.5150
    7.1099     -0.4975
    6.7967     -0.4800
    6.0402     -0.4625
    5.1231     -0.4450
    4.2969     -0.4275
    3.6443     -0.4100
    3.1498     -0.3925
    2.8459     -0.3750
    2.8805     -0.3575
    3.4260     -0.3400
    4.4673     -0.3225
    5.6942     -0.3050
    6.6720     -0.2875
    7.1260     -0.2700
    7.0639     -0.2525
    6.7102     -0.2350
    6.3410     -0.2175
    6.0845     -0.2000
    5.8454     -0.1825
    5.4835     -0.1650
    5.0630     -0.1475
    4.8168     -0.1300
    4.8189     -0.1125
    4.8210     -0.0950
    4.5553     -0.0775
    4.1259     -0.0600
    3.9356     -0.0425
    4.2190     -0.0250
    4.7548     -0.0075
    5.0721      0.0100
    4.8908      0.0275
    4.3365      0.0450
    3.7861      0.0625
    3.5711      0.0800
    3.7808      0.0975
    4.2345      0.1150
    4.5962      0.1325
    4.5751      0.1500
    4.0939      0.1675
    3.3400      0.1850
    2.6775      0.2025
    2.4292      0.2200
    2.6242      0.2375
    2.9548      0.2550
    3.0772      0.2725
    2.9742      0.2900
    2.9129      0.3075
    3.0197      0.3250
    3.0529      0.3425
    2.6985      0.3600
    1.9761      0.3775
    1.2266      0.3950
    0.7777      0.4125
    0.7343      0.4300
    1.0377      0.4475
    1.5894      0.4650
    2.2799      0.4825
    2.9821      0.5000
    3.6271      0.5175
    4.2752      0.5350
    5.0144      0.5525
    5.8087      0.5700
    6.5620      0.5875
    7.2676      0.6050
    7.9295      0.6225
    8.3838      0.6400
    8.3850      0.6575
    7.8835      0.6750
    7.1046      0.6925
    6.3168      0.7100
    5.5687      0.7275
    4.7101      0.7450
    3.6839      0.7625
    2.7322      0.7800
    2.2395      0.7975
    2.3707      0.8150
    2.8771      0.8325
    3.2708      0.8500
    3.2311      0.8675
    2.8600      0.8850
    2.5083      0.9025
    2.3661      0.9200
    2.3122      0.9375
    2.1738      0.9550
    1.9926      0.9725
    1.9347      0.9900
    2.0280      1.0075
    2.1183      1.0250
    2.0627      1.0425
    1.8776      1.0600
    1.7051      1.0775
    1.6790      1.0950
    1.8318      1.1125
    2.1277      1.1300
    2.5394      1.1475
    3.0170      1.1650
    3.4214      1.1825
    3.6242      1.2000
    3.6559      1.2175
    3.6266      1.2350
    3.5401      1.2525
    3.3410      1.2700
    3.1078      1.2875
    3.0299      1.3050
    3.1722      1.3225
    3.3623      1.3400
    3.3535      1.3575
    3.1041      1.3750
    2.9128      1.3925
    3.2414      1.4100
    4.3039      1.4275
    5.7863      1.4450
    7.0277      1.4625
    7.5477      1.4800
    7.3769      1.4975
    6.8572      1.5150
    6.2435      1.5325
    5.6081      1.5500
    5.0158      1.5675
    4.6067      1.5850
    4.4605      1.6025
    4.4264      1.6200
    4.1865      1.6375
    3.5835      1.6550
    2.8310      1.6725
    2.2814      1.6900
    2.0461      1.7075
    1.9581      1.7250
    1.8418      1.7425
    1.6853      1.7600
    1.5651      1.7775
    1.5104      1.7950
    1.4829      1.8125
    1.4708      1.8300
    1.5765      1.8475
    1.9488      1.8650
    2.5756      1.8825
    3.2059      1.9000
    3.5954      1.9175
    3.8033      1.9350
    4.0957      1.9525
    4.5388      1.9700
    4.8522      1.9875
