    0.0000     -8.0000
    0.0000     -7.9800
    0.0000     -7.9600
    0.0000     -7.9400
    0.0000     -7.9200
    0.0000     -7.9000
    0.0000     -7.8800
    0.0000     -7.8600
    0.0000     -7.8400
    0.0000     -7.8200
    0.0000     -7.8000
    0.0000     -7.7800
    0.0000     -7.7600
    0.0000     -7.7400
    0.0000     -7.7200
    0.0000     -7.7000
    0.0000     -7.6800
    0.0000     -7.6600
    0.0000     -7.6400
    0.0000     -7.6200
    0.0000     -7.6000
    0.0000     -7.5800
    0.0000     -7.5600
    0.0000     -7.5400
    0.0004     -7.5200
    0.0031     -7.5000
    0.0190     -7.4800
    0.0870     -7.4600
    0.3030     -7.4400
    0.8035     -7.4200
    1.6166     -7.4000
    2.4559     -7.3800
    2.8000     -7.3600
    2.3816     -7.3400
    1.5030     -7.3200
    0.7006     -7.3000
    0.2404     -7.2800
    0.0605     -7.2600
    0.0112     -7.2400
    0.0015     -7.2200
    0.0002     -7.2000
    0.0001     -7.1800
    0.0006     -7.1600
    0.0025     -7.1400
    0.0103     -7.1200
    0.0371     -7.1000
    0.1138     -7.0800
    0.2806     -7.0600
    0.5321     -7.0400
    0.7578     -7.0200
    0.8028     -7.0000
    0.6349     -6.9800
    0.3843     -6.9600
    0.1916     -6.9400
    0.0912     -6.9200
    0.0470     -6.9000
    0.0257     -6.8800
    0.0165     -6.8600
    0.0187     -6.8400
    0.0288     -6.8200
    0.0380     -6.8000
    0.0386     -6.7800
    0.0319     -6.7600
    0.0248     -6.7400
    0.0204     -6.7200
    0.0163     -6.7000
    0.0113     -6.6800
    0.0077     -6.6600
    0.0087     -6.6400
    0.0149     -6.6200
    0.0238     -6.6000
    0.0308     -6.5800
    0.0314     -6.5600
    0.0250     -6.5400
    0.0157     -6.5200
    0.0090     -6.5000
    0.0072     -6.4800
    0.0086     -6.4600
    0.0102     -6.4400
    0.0099     -6.4200
    0.0087     -6.4000
    0.0092     -6.3800
    0.0134     -6.3600
    0.0201     -6.3400
    0.0265     -6.3200
    0.0299     -6.3000
    0.0291     -6.2800
    0.0250     -6.2600
    0.0207     -6.2400
    0.0190     -6.2200
    0.0194     -6.2000
    0.0197     -6.1800
    0.0195     -6.1600
    0.0202     -6.1400
    0.0235     -6.1200
    0.0298     -6.1000
    0.0379     -6.0800
    0.0460     -6.0600
    0.0529     -6.0400
    0.0592     -6.0200
    0.0669     -6.0000
    0.0766     -5.9800
    0.0866     -5.9600
    0.0957     -5.9400
    0.1061     -5.9200
    0.1223     -5.9000
    0.1443     -5.8800
    0.1664     -5.8600
    0.1825     -5.8400
    0.1933     -5.8200
    0.2035     -5.8000
    0.2128     -5.7800
    0.2163     -5.7600
    0.2134     -5.7400
    0.2094     -5.7200
    0.2083     -5.7000
    0.2125     -5.6800
    0.2257     -5.6600
    0.2506     -5.6400
    0.2821     -5.6200
    0.3093     -5.6000
    0.3238     -5.5800
    0.3256     -5.5600
    0.3186     -5.5400
    0.3099     -5.5200
    0.3149     -5.5000
    0.3499     -5.4800
    0.4159     -5.4600
    0.4952     -5.4400
    0.5606     -5.4200
    0.5878     -5.4000
    0.5720     -5.3800
    0.5313     -5.3600
    0.4906     -5.3400
    0.4627     -5.3200
    0.4463     -5.3000
    0.4413     -5.2800
    0.4560     -5.2600
    0.4930     -5.2400
    0.5389     -5.2200
    0.5742     -5.2000
    0.5868     -5.1800
    0.5791     -5.1600
    0.5651     -5.1400
    0.5573     -5.1200
    0.5555     -5.1000
    0.5540     -5.0800
    0.5552     -5.0600
    0.5656     -5.0400
    0.5789     -5.0200
    0.5736     -5.0000
    0.5366     -4.9800
    0.4815     -4.9600
    0.4364     -4.9400
    0.4170     -4.9200
    0.4142     -4.9000
    0.4092     -4.8800
    0.3928     -4.8600
    0.3684     -4.8400
    0.3476     -4.8200
    0.3402     -4.8000
    0.3436     -4.7800
    0.3458     -4.7600
    0.3395     -4.7400
    0.3277     -4.7200
    0.3202     -4.7000
    0.3233     -4.6800
    0.3295     -4.6600
    0.3257     -4.6400
    0.3129     -4.6200
    0.3087     -4.6000
    0.3268     -4.5800
    0.3618     -4.5600
    0.3944     -4.5400
    0.4115     -4.5200
    0.4235     -4.5000
    0.4577     -4.4800
    0.5312     -4.4600
    0.6323     -4.4400
    0.7264     -4.4200
    0.7782     -4.4000
    0.7719     -4.3800
    0.7170     -4.3600
    0.6374     -4.3400
    0.5590     -4.3200
    0.5030     -4.3000
    0.4793     -4.2800
    0.4823     -4.2600
    0.4985     -4.2400
    0.5205     -4.2200
    0.5495     -4.2000
    0.5843     -4.1800
    0.6116     -4.1600
    0.6162     -4.1400
    0.6040     -4.1200
    0.6014     -4.1000
    0.6248     -4.0800
    0.6594     -4.0600
    0.6854     -4.0400
    0.7095     -4.0200
    0.7471     -4.0000
    0.7881     -3.9800
    0.8073     -3.9600
    0.7980     -3.9400
    0.7799     -3.9200
    0.7747     -3.9000
    0.7836     -3.8800
    0.7898     -3.8600
    0.7793     -3.8400
    0.7498     -3.8200
    0.7102     -3.8000
    0.6829     -3.7800
    0.6914     -3.7600
    0.7309     -3.7400
    0.7620     -3.7200
    0.7496     -3.7000
    0.7022     -3.6800
    0.6640     -3.6600
    0.6659     -3.6400
    0.6945     -3.6200
    0.7128     -3.6000
    0.7014     -3.5800
    0.6709     -3.5600
    0.6447     -3.5400
    0.6380     -3.5200
    0.6484     -3.5000
    0.6635     -3.4800
    0.6822     -3.4600
    0.7176     -3.4400
    0.7681     -3.4200
    0.8030     -3.4000
    0.7950     -3.3800
    0.7480     -3.3600
    0.6821     -3.3400
    0.6160     -3.3200
    0.5687     -3.3000
    0.5571     -3.2800
    0.5868     -3.2600
    0.6527     -3.2400
    0.7402     -3.2200
    0.8230     -3.2000
    0.8643     -3.1800
    0.8305     -3.1600
    0.7236     -3.1400
    0.5964     -3.1200
    0.5097     -3.1000
    0.4769     -3.0800
    0.4704     -3.0600
    0.4661     -3.0400
    0.4652     -3.0200
    0.4780     -3.0000
    0.5062     -2.9800
    0.5385     -2.9600
    0.5551     -2.9400
    0.5366     -2.9200
    0.4826     -2.9000
    0.4204     -2.8800
    0.3874     -2.8600
    0.4066     -2.8400
    0.5082     -2.8200
    0.8129     -2.8000
    1.5342     -2.7800
    2.7341     -2.7600
    4.0769     -2.7400
    5.1131     -2.7200
    5.8055     -2.7000
    6.3255     -2.6800
    6.3952     -2.6600
    5.5091     -2.6400
    3.8195     -2.6200
    2.1618     -2.6000
    1.1936     -2.5800
    0.9501     -2.5600
    1.1070     -2.5400
    1.3136     -2.5200
    1.3480     -2.5000
    1.1779     -2.4800
    0.9114     -2.4600
    0.6964     -2.4400
    0.6645     -2.4200
    0.8708     -2.4000
    1.2138     -2.3800
    1.4798     -2.3600
    1.5773     -2.3400
    1.7204     -2.3200
    2.2438     -2.3000
    3.1877     -2.2800
    4.1808     -2.2600
    4.7899     -2.2400
    4.8565     -2.2200
    4.4574     -2.2000
    3.7827     -2.1800
    3.0952     -2.1600
    2.5600     -2.1400
    2.1191     -2.1200
    1.6724     -2.1000
    1.2469     -2.0800
    0.9014     -2.0600
    0.6312     -2.0400
    0.4200     -2.0200
    0.2831     -2.0000
    0.2396     -1.9800
    0.2820     -1.9600
    0.3793     -1.9400
    0.5053     -1.9200
    0.6439     -1.9000
    0.7578     -1.8800
    0.7947     -1.8600
    0.7642     -1.8400
    0.7664     -1.8200
    0.8854     -1.8000
    1.0766     -1.7800
    1.2087     -1.7600
    1.1965     -1.7400
    1.0469     -1.7200
    0.8103     -1.7000
    0.5534     -1.6800
    0.3526     -1.6600
    0.2549     -1.6400
    0.2471     -1.6200
    0.2774     -1.6000
    0.3009     -1.5800
    0.3021     -1.5600
    0.2853     -1.5400
    0.2645     -1.5200
    0.2511     -1.5000
    0.2356     -1.4800
    0.1994     -1.4600
    0.1537     -1.4400
    0.1326     -1.4200
    0.1514     -1.4000
    0.2000     -1.3800
    0.2648     -1.3600
    0.3230     -1.3400
    0.3332     -1.3200
    0.2747     -1.3000
    0.1823     -1.2800
    0.1129     -1.2600
    0.0981     -1.2400
    0.1352     -1.2200
    0.2025     -1.2000
    0.2755     -1.1800
    0.3416     -1.1600
    0.4006     -1.1400
    0.4426     -1.1200
    0.4369     -1.1000
    0.3687     -1.0800
    0.2723     -1.0600
    0.1998     -1.0400
    0.1696     -1.0200
    0.1636     -1.0000
    0.1638     -0.9800
    0.1794     -0.9600
    0.2439     -0.9400
    0.3897     -0.9200
    0.6016     -0.9000
    0.7899     -0.8800
    0.8464     -0.8600
    0.7402     -0.8400
    0.5352     -0.8200
    0.3288     -0.8000
    0.1901     -0.7800
    0.1297     -0.7600
    0.1119     -0.7400
    0.0984     -0.7200
    0.0767     -0.7000
    0.0543     -0.6800
    0.0416     -0.6600
    0.0450     -0.6400
    0.0619     -0.6200
    0.0794     -0.6000
    0.0859     -0.5800
    0.0848     -0.5600
    0.0862     -0.5400
    0.0876     -0.5200
    0.0785     -0.5000
    0.0608     -0.4800
    0.0526     -0.4600
    0.0703     -0.4400
    0.1207     -0.4200
    0.2012     -0.4000
    0.2939     -0.3800
    0.3591     -0.3600
    0.3634     -0.3400
    0.3160     -0.3200
    0.2600     -0.3000
    0.2266     -0.2800
    0.2142     -0.2600
    0.2046     -0.2400
    0.1821     -0.2200
    0.1444     -0.2000
    0.1024     -0.1800
    0.0723     -0.1600
    0.0658     -0.1400
    0.0866     -0.1200
    0.1264     -0.1000
    0.1708     -0.0800
    0.2111     -0.0600
    0.2471     -0.0400
    0.2788     -0.0200
    0.3029      0.0000
    0.3113      0.0200
    0.2919      0.0400
    0.2418      0.0600
    0.1782      0.0800
    0.1285      0.1000
    0.1097      0.1200
    0.1148      0.1400
    0.1187      0.1600
    0.1021      0.1800
    0.0696      0.2000
    0.0407      0.2200
    0.0292      0.2400
    0.0359      0.2600
    0.0558      0.2800
    0.0832      0.3000
    0.1119      0.3200
    0.1397      0.3400
    0.1732      0.3600
    0.2168      0.3800
    0.2594      0.4000
    0.2889      0.4200
    0.3118      0.4400
    0.3339      0.4600
    0.3389      0.4800
    0.3107      0.5000
    0.2639      0.5200
    0.2314      0.5400
    0.2334      0.5600
    0.2659      0.5800
    0.2995      0.6000
    0.2939      0.6200
    0.2356      0.6400
    0.1545      0.6600
    0.0927      0.6800
    0.0711      0.7000
    0.0836      0.7200
    0.1062      0.7400
    0.1149      0.7600
    0.1088      0.7800
    0.1114      0.8000
    0.1419      0.8200
    0.1837      0.8400
    0.1957      0.8600
    0.1598      0.8800
    0.1029      0.9000
    0.0662      0.9200
    0.0682      0.9400
    0.0963      0.9600
    0.1227      0.9800
    0.1318      1.0000
    0.1364      1.0200
    0.1602      1.0400
    0.2016      1.0600
    0.2282      1.0800
    0.2193      1.1000
    0.1982      1.1200
    0.2027      1.1400
    0.2321      1.1600
    0.2459      1.1800
    0.2178      1.2000
    0.1680      1.2200
    0.1401      1.2400
    0.1593      1.2600
    0.2150      1.2800
    0.2686      1.3000
    0.2836      1.3200
    0.2615      1.3400
    0.2404      1.3600
    0.2459      1.3800
    0.2601      1.4000
    0.2469      1.4200
    0.1988      1.4400
    0.1427      1.4600
    0.1051      1.4800
    0.0936      1.5000
    0.1090      1.5200
    0.1557      1.5400
    0.2279      1.5600
    0.2962      1.5800
    0.3200      1.6000
    0.2838      1.6200
    0.2172      1.6400
    0.1639      1.6600
    0.1352      1.6800
    0.1116      1.7000
    0.0830      1.7200
    0.0620      1.7400
    0.0623      1.7600
    0.0822      1.7800
    0.1123      1.8000
    0.1460      1.8200
    0.1781      1.8400
    0.2001      1.8600
    0.2075      1.8800
    0.2090      1.9000
    0.2173      1.9200
    0.2344      1.9400
    0.2504      1.9600
    0.2504      1.9800
    0.2228      2.0000
