    0.0000     -7.9875
    0.0000     -7.9700
    0.0000     -7.9525
    0.0000     -7.9350
    0.0000     -7.9175
    0.0000     -7.9000
    0.0000     -7.8825
    0.0000     -7.8650
    0.0000     -7.8475
    0.0000     -7.8300
    0.0000     -7.8125
    0.0001     -7.7950
    0.0008     -7.7775
    0.0052     -7.7600
    0.0278     -7.7425
    0.1188     -7.7250
    0.4052     -7.7075
    1.1060     -7.6900
    2.4136     -7.6725
    4.2074     -7.6550
    5.8505     -7.6375
    6.4782     -7.6200
    5.7014     -7.6025
    3.9807     -7.5850
    2.2010     -7.5675
    0.9622     -7.5500
    0.3321     -7.5325
    0.0904     -7.5150
    0.0194     -7.4975
    0.0033     -7.4800
    0.0004     -7.4625
    0.0000     -7.4450
    0.0000     -7.4275
    0.0000     -7.4100
    0.0000     -7.3925
    0.0000     -7.3750
    0.0000     -7.3575
    0.0000     -7.3400
    0.0000     -7.3225
    0.0000     -7.3050
    0.0000     -7.2875
    0.0000     -7.2700
    0.0000     -7.2525
    0.0002     -7.2350
    0.0007     -7.2175
    0.0020     -7.2000
    0.0052     -7.1825
    0.0114     -7.1650
    0.0210     -7.1475
    0.0327     -7.1300
    0.0427     -7.1125
    0.0466     -7.0950
    0.0442     -7.0775
    0.0406     -7.0600
    0.0412     -7.0425
    0.0465     -7.0250
    0.0518     -7.0075
    0.0517     -6.9900
    0.0448     -6.9725
    0.0335     -6.9550
    0.0232     -6.9375
    0.0196     -6.9200
    0.0250     -6.9025
    0.0369     -6.8850
    0.0478     -6.8675
    0.0513     -6.8500
    0.0471     -6.8325
    0.0401     -6.8150
    0.0340     -6.7975
    0.0287     -6.7800
    0.0232     -6.7625
    0.0198     -6.7450
    0.0235     -6.7275
    0.0373     -6.7100
    0.0584     -6.6925
    0.0784     -6.6750
    0.0874     -6.6575
    0.0814     -6.6400
    0.0651     -6.6225
    0.0488     -6.6050
    0.0405     -6.5875
    0.0417     -6.5700
    0.0465     -6.5525
    0.0463     -6.5350
    0.0379     -6.5175
    0.0247     -6.5000
    0.0130     -6.4825
    0.0061     -6.4650
    0.0039     -6.4475
    0.0056     -6.4300
    0.0123     -6.4125
    0.0276     -6.3950
    0.0559     -6.3775
    0.0983     -6.3600
    0.1530     -6.3425
    0.2171     -6.3250
    0.2858     -6.3075
    0.3434     -6.2900
    0.3631     -6.2725
    0.3262     -6.2550
    0.2439     -6.2375
    0.1530     -6.2200
    0.0911     -6.2025
    0.0757     -6.1850
    0.1027     -6.1675
    0.1531     -6.1500
    0.2015     -6.1325
    0.2302     -6.1150
    0.2400     -6.0975
    0.2445     -6.0800
    0.2523     -6.0625
    0.2584     -6.0450
    0.2548     -6.0275
    0.2442     -6.0100
    0.2402     -5.9925
    0.2557     -5.9750
    0.2926     -5.9575
    0.3393     -5.9400
    0.3786     -5.9225
    0.3992     -5.9050
    0.3999     -5.8875
    0.3850     -5.8700
    0.3597     -5.8525
    0.3296     -5.8350
    0.3019     -5.8175
    0.2829     -5.8000
    0.2746     -5.7825
    0.2737     -5.7650
    0.2741     -5.7475
    0.2702     -5.7300
    0.2604     -5.7125
    0.2491     -5.6950
    0.2468     -5.6775
    0.2644     -5.6600
    0.3072     -5.6425
    0.3717     -5.6250
    0.4473     -5.6075
    0.5232     -5.5900
    0.5944     -5.5725
    0.6623     -5.5550
    0.7306     -5.5375
    0.8009     -5.5200
    0.8690     -5.5025
    0.9279     -5.4850
    0.9741     -5.4675
    1.0162     -5.4500
    1.0728     -5.4325
    1.1563     -5.4150
    1.2566     -5.3975
    1.3430     -5.3800
    1.3866     -5.3625
    1.3801     -5.3450
    1.3353     -5.3275
    1.2670     -5.3100
    1.1836     -5.2925
    1.0903     -5.2750
    0.9927     -5.2575
    0.8969     -5.2400
    0.8074     -5.2225
    0.7266     -5.2050
    0.6570     -5.1875
    0.6050     -5.1700
    0.5773     -5.1525
    0.5742     -5.1350
    0.5892     -5.1175
    0.6161     -5.1000
    0.6543     -5.0825
    0.7064     -5.0650
    0.7730     -5.0475
    0.8496     -5.0300
    0.9259     -5.0125
    0.9928     -4.9950
    1.0491     -4.9775
    1.1002     -4.9600
    1.1465     -4.9425
    1.1781     -4.9250
    1.1804     -4.9075
    1.1440     -4.8900
    1.0726     -4.8725
    0.9825     -4.8550
    0.8982     -4.8375
    0.8476     -4.8200
    0.8553     -4.8025
    0.9378     -4.7850
    1.0981     -4.7675
    1.3140     -4.7500
    1.5286     -4.7325
    1.6713     -4.7150
    1.7032     -4.6975
    1.6421     -4.6800
    1.5367     -4.6625
    1.4256     -4.6450
    1.3234     -4.6275
    1.2289     -4.6100
    1.1365     -4.5925
    1.0422     -4.5750
    0.9504     -4.5575
    0.8741     -4.5400
    0.8262     -4.5225
    0.8083     -4.5050
    0.8084     -4.4875
    0.8087     -4.4700
    0.7963     -4.4525
    0.7697     -4.4350
    0.7359     -4.4175
    0.7045     -4.4000
    0.6813     -4.3825
    0.6686     -4.3650
    0.6674     -4.3475
    0.6792     -4.3300
    0.7034     -4.3125
    0.7322     -4.2950
    0.7519     -4.2775
    0.7517     -4.2600
    0.7328     -4.2425
    0.7062     -4.2250
    0.6812     -4.2075
    0.6605     -4.1900
    0.6447     -4.1725
    0.6354     -4.1550
    0.6317     -4.1375
    0.6291     -4.1200
    0.6250     -4.1025
    0.6229     -4.0850
    0.6255     -4.0675
    0.6281     -4.0500
    0.6224     -4.0325
    0.6066     -4.0150
    0.5882     -3.9975
    0.5768     -3.9800
    0.5758     -3.9625
    0.5808     -3.9450
    0.5843     -3.9275
    0.5823     -3.9100
    0.5766     -3.8925
    0.5709     -3.8750
    0.5675     -3.8575
    0.5657     -3.8400
    0.5627     -3.8225
    0.5548     -3.8050
    0.5387     -3.7875
    0.5142     -3.7700
    0.4866     -3.7525
    0.4669     -3.7350
    0.4674     -3.7175
    0.4926     -3.7000
    0.5335     -3.6825
    0.5748     -3.6650
    0.6048     -3.6475
    0.6194     -3.6300
    0.6180     -3.6125
    0.6012     -3.5950
    0.5734     -3.5775
    0.5437     -3.5600
    0.5217     -3.5425
    0.5139     -3.5250
    0.5206     -3.5075
    0.5344     -3.4900
    0.5432     -3.4725
    0.5389     -3.4550
    0.5230     -3.4375
    0.5019     -3.4200
    0.4813     -3.4025
    0.4652     -3.3850
    0.4588     -3.3675
    0.4654     -3.3500
    0.4805     -3.3325
    0.4906     -3.3150
    0.4813     -3.2975
    0.4491     -3.2800
    0.4035     -3.2625
    0.3591     -3.2450
    0.3257     -3.2275
    0.3056     -3.2100
    0.2970     -3.1925
    0.2972     -3.1750
    0.3027     -3.1575
    0.3105     -3.1400
    0.3179     -3.1225
    0.3223     -3.1050
    0.3213     -3.0875
    0.3136     -3.0700
    0.2987     -3.0525
    0.2774     -3.0350
    0.2521     -3.0175
    0.2270     -3.0000
    0.2069     -2.9825
    0.1940     -2.9650
    0.1876     -2.9475
    0.1849     -2.9300
    0.1827     -2.9125
    0.1779     -2.8950
    0.1685     -2.8775
    0.1546     -2.8600
    0.1383     -2.8425
    0.1213     -2.8250
    0.1050     -2.8075
    0.0919     -2.7900
    0.0864     -2.7725
    0.0950     -2.7550
    0.1229     -2.7375
    0.1677     -2.7200
    0.2152     -2.7025
    0.2446     -2.6850
    0.2425     -2.6675
    0.2118     -2.6500
    0.1687     -2.6325
    0.1295     -2.6150
    0.1028     -2.5975
    0.0904     -2.5800
    0.0938     -2.5625
    0.1133     -2.5450
    0.1451     -2.5275
    0.1802     -2.5100
    0.2087     -2.4925
    0.2222     -2.4750
    0.2164     -2.4575
    0.1968     -2.4400
    0.1794     -2.4225
    0.1792     -2.4050
    0.1962     -2.3875
    0.2191     -2.3700
    0.2430     -2.3525
    0.2781     -2.3350
    0.3373     -2.3175
    0.4161     -2.3000
    0.4892     -2.2825
    0.5321     -2.2650
    0.5460     -2.2475
    0.5685     -2.2300
    0.6589     -2.2125
    0.8543     -2.1950
    1.1149     -2.1775
    1.3208     -2.1600
    1.3627     -2.1425
    1.2438     -2.1250
    1.0799     -2.1075
    1.0050     -2.0900
    1.0814     -2.0725
    1.2706     -2.0550
    1.4661     -2.0375
    1.5666     -2.0200
    1.5349     -2.0025
    1.3932     -1.9850
    1.1857     -1.9675
    0.9609     -1.9500
    0.7660     -1.9325
    0.6269     -1.9150
    0.5321     -1.8975
    0.4500     -1.8800
    0.3703     -1.8625
    0.3225     -1.8450
    0.3518     -1.8275
    0.4733     -1.8100
    0.6462     -1.7925
    0.7901     -1.7750
    0.8349     -1.7575
    0.7677     -1.7400
    0.6340     -1.7225
    0.4962     -1.7050
    0.3952     -1.6875
    0.3448     -1.6700
    0.3445     -1.6525
    0.3834     -1.6350
    0.4388     -1.6175
    0.4830     -1.6000
    0.4952     -1.5825
    0.4685     -1.5650
    0.4079     -1.5475
    0.3256     -1.5300
    0.2367     -1.5125
    0.1590     -1.4950
    0.1116     -1.4775
    0.1063     -1.4600
    0.1383     -1.4425
    0.1832     -1.4250
    0.2095     -1.4075
    0.1991     -1.3900
    0.1601     -1.3725
    0.1162     -1.3550
    0.0869     -1.3375
    0.0794     -1.3200
    0.0931     -1.3025
    0.1254     -1.2850
    0.1695     -1.2675
    0.2108     -1.2500
    0.2318     -1.2325
    0.2260     -1.2150
    0.2048     -1.1975
    0.1871     -1.1800
    0.1838     -1.1625
    0.1931     -1.1450
    0.2048     -1.1275
    0.2073     -1.1100
    0.1930     -1.0925
    0.1642     -1.0750
    0.1317     -1.0575
    0.1068     -1.0400
    0.0946     -1.0225
    0.0933     -1.0050
    0.0969     -0.9875
    0.0997     -0.9700
    0.1007     -0.9525
    0.1041     -0.9350
    0.1139     -0.9175
    0.1264     -0.9000
    0.1314     -0.8825
    0.1239     -0.8650
    0.1111     -0.8475
    0.1043     -0.8300
    0.1053     -0.8125
    0.1060     -0.7950
    0.1010     -0.7775
    0.0921     -0.7600
    0.0827     -0.7425
    0.0729     -0.7250
    0.0627     -0.7075
    0.0554     -0.6900
    0.0549     -0.6725
    0.0616     -0.6550
    0.0723     -0.6375
    0.0834     -0.6200
    0.0931     -0.6025
    0.1013     -0.5850
    0.1081     -0.5675
    0.1120     -0.5500
    0.1103     -0.5325
    0.1011     -0.5150
    0.0861     -0.4975
    0.0704     -0.4800
    0.0602     -0.4625
    0.0595     -0.4450
    0.0679     -0.4275
    0.0817     -0.4100
    0.0947     -0.3925
    0.1019     -0.3750
    0.1026     -0.3575
    0.1000     -0.3400
    0.0973     -0.3225
    0.0958     -0.3050
    0.0947     -0.2875
    0.0924     -0.2700
    0.0877     -0.2525
    0.0815     -0.2350
    0.0776     -0.2175
    0.0804     -0.2000
    0.0904     -0.1825
    0.1045     -0.1650
    0.1185     -0.1475
    0.1312     -0.1300
    0.1429     -0.1125
    0.1521     -0.0950
    0.1541     -0.0775
    0.1460     -0.0600
    0.1304     -0.0425
    0.1142     -0.0250
    0.1040     -0.0075
    0.1038      0.0100
    0.1155      0.0275
    0.1343      0.0450
    0.1473      0.0625
    0.1434      0.0800
    0.1228      0.0975
    0.0969      0.1150
    0.0768      0.1325
    0.0666      0.1500
    0.0646      0.1675
    0.0672      0.1850
    0.0712      0.2025
    0.0770      0.2200
    0.0881      0.2375
    0.1065      0.2550
    0.1272      0.2725
    0.1391      0.2900
    0.1335      0.3075
    0.1115      0.3250
    0.0830      0.3425
    0.0610      0.3600
    0.0550      0.3775
    0.0682      0.3950
    0.0956      0.4125
    0.1260      0.4300
    0.1478      0.4475
    0.1563      0.4650
    0.1535      0.4825
    0.1430      0.5000
    0.1281      0.5175
    0.1133      0.5350
    0.1035      0.5525
    0.1008      0.5700
    0.1034      0.5875
    0.1079      0.6050
    0.1111      0.6225
    0.1115      0.6400
    0.1119      0.6575
    0.1183      0.6750
    0.1335      0.6925
    0.1538      0.7100
    0.1708      0.7275
    0.1766      0.7450
    0.1686      0.7625
    0.1498      0.7800
    0.1271      0.7975
    0.1088      0.8150
    0.1007      0.8325
    0.1024      0.8500
    0.1091      0.8675
    0.1181      0.8850
    0.1308      0.9025
    0.1487      0.9200
    0.1691      0.9375
    0.1845      0.9550
    0.1885      0.9725
    0.1830      0.9900
    0.1821      1.0075
    0.2040      1.0250
    0.2550      1.0425
    0.3179      1.0600
    0.3616      1.0775
    0.3683      1.0950
    0.3457      1.1125
    0.3125      1.1300
    0.2789      1.1475
    0.2466      1.1650
    0.2199      1.1825
    0.2072      1.2000
    0.2099      1.2175
    0.2185      1.2350
    0.2227      1.2525
    0.2239      1.2700
    0.2347      1.2875
    0.2636      1.3050
    0.3019      1.3225
    0.3286      1.3400
    0.3297      1.3575
    0.3097      1.3750
    0.2867      1.3925
    0.2781      1.4100
    0.2922      1.4275
    0.3234      1.4450
    0.3523      1.4625
    0.3566      1.4800
    0.3286      1.4975
    0.2821      1.5150
    0.2396      1.5325
    0.2146      1.5500
    0.2079      1.5675
    0.2155      1.5850
    0.2332      1.6025
    0.2544      1.6200
    0.2703      1.6375
    0.2773      1.6550
    0.2832      1.6725
    0.2967      1.6900
    0.3142      1.7075
    0.3206      1.7250
    0.3044      1.7425
    0.2695      1.7600
    0.2303      1.7775
    0.2016      1.7950
    0.1921      1.8125
    0.2011      1.8300
    0.2192      1.8475
    0.2359      1.8650
    0.2455      1.8825
    0.2476      1.9000
    0.2442      1.9175
    0.2414      1.9350
    0.2463      1.9525
    0.2584      1.9700
    0.2656      1.9875
