    0.0363     -7.9930
    0.0366     -7.9740
    0.0281     -7.9550
    0.0174     -7.9360
    0.0115     -7.9170
    0.0133     -7.8980
    0.0211     -7.8790
    0.0300     -7.8600
    0.0336     -7.8410
    0.0287     -7.8220
    0.0189     -7.8030
    0.0105     -7.7840
    0.0080     -7.7650
    0.0129     -7.7460
    0.0253     -7.7270
    0.0428     -7.7080
    0.0590     -7.6890
    0.0664     -7.6700
    0.0647     -7.6510
    0.0641     -7.6320
    0.0741     -7.6130
    0.0925     -7.5940
    0.1077     -7.5750
    0.1127     -7.5560
    0.1119     -7.5370
    0.1125     -7.5180
    0.1146     -7.4990
    0.1093     -7.4800
    0.0894     -7.4610
    0.0598     -7.4420
    0.0349     -7.4230
    0.0251     -7.4040
    0.0300     -7.3850
    0.0407     -7.3660
    0.0489     -7.3470
    0.0534     -7.3280
    0.0581     -7.3090
    0.0641     -7.2900
    0.0691     -7.2710
    0.0741     -7.2520
    0.0811     -7.2330
    0.0861     -7.2140
    0.0840     -7.1950
    0.0796     -7.1760
    0.0818     -7.1570
    0.0935     -7.1380
    0.1097     -7.1190
    0.1221     -7.1000
    0.1210     -7.0810
    0.1019     -7.0620
    0.0713     -7.0430
    0.0426     -7.0240
    0.0267     -7.0050
    0.0288     -6.9860
    0.0486     -6.9670
    0.0769     -6.9480
    0.0957     -6.9290
    0.0910     -6.9100
    0.0686     -6.8910
    0.0495     -6.8720
    0.0529     -6.8530
    0.0835     -6.8340
    0.1297     -6.8150
    0.1686     -6.7960
    0.1795     -6.7770
    0.1602     -6.7580
    0.1273     -6.7390
    0.1005     -6.7200
    0.0894     -6.7010
    0.0959     -6.6820
    0.1187     -6.6630
    0.1534     -6.6440
    0.1945     -6.6250
    0.2378     -6.6060
    0.2730     -6.5870
    0.2831     -6.5680
    0.2598     -6.5490
    0.2200     -6.5300
    0.1934     -6.5110
    0.1937     -6.4920
    0.2076     -6.4730
    0.2138     -6.4540
    0.2050     -6.4350
    0.1910     -6.4160
    0.1839     -6.3970
    0.1855     -6.3780
    0.1903     -6.3590
    0.1988     -6.3400
    0.2217     -6.3210
    0.2650     -6.3020
    0.3201     -6.2830
    0.3731     -6.2640
    0.4100     -6.2450
    0.4139     -6.2260
    0.3764     -6.2070
    0.3142     -6.1880
    0.2587     -6.1690
    0.2299     -6.1500
    0.2277     -6.1310
    0.2417     -6.1120
    0.2586     -6.0930
    0.2635     -6.0740
    0.2477     -6.0550
    0.2192     -6.0360
    0.1976     -6.0170
    0.1957     -5.9980
    0.2091     -5.9790
    0.2229     -5.9600
    0.2290     -5.9410
    0.2339     -5.9220
    0.2517     -5.9030
    0.2935     -5.8840
    0.3609     -5.8650
    0.4416     -5.8460
    0.5129     -5.8270
    0.5568     -5.8080
    0.5705     -5.7890
    0.5600     -5.7700
    0.5330     -5.7510
    0.4999     -5.7320
    0.4718     -5.7130
    0.4513     -5.6940
    0.4299     -5.6750
    0.3991     -5.6560
    0.3642     -5.6370
    0.3473     -5.6180
    0.3693     -5.5990
    0.4248     -5.5800
    0.4775     -5.5610
    0.4878     -5.5420
    0.4462     -5.5230
    0.3785     -5.5040
    0.3241     -5.4850
    0.3079     -5.4660
    0.3234     -5.4470
    0.3416     -5.4280
    0.3389     -5.4090
    0.3123     -5.3900
    0.2746     -5.3710
    0.2408     -5.3520
    0.2188     -5.3330
    0.2078     -5.3140
    0.2037     -5.2950
    0.2058     -5.2760
    0.2134     -5.2570
    0.2191     -5.2380
    0.2132     -5.2190
    0.1954     -5.2000
    0.1793     -5.1810
    0.1827     -5.1620
    0.2137     -5.1430
    0.2650     -5.1240
    0.3200     -5.1050
    0.3640     -5.0860
    0.3932     -5.0670
    0.4121     -5.0480
    0.4229     -5.0290
    0.4183     -5.0100
    0.3876     -4.9910
    0.3317     -4.9720
    0.2692     -4.9530
    0.2245     -4.9340
    0.2069     -4.9150
    0.2062     -4.8960
    0.2098     -4.8770
    0.2175     -4.8580
    0.2347     -4.8390
    0.2608     -4.8200
    0.2874     -4.8010
    0.3039     -4.7820
    0.3024     -4.7630
    0.2801     -4.7440
    0.2424     -4.7250
    0.2015     -4.7060
    0.1703     -4.6870
    0.1546     -4.6680
    0.1522     -4.6490
    0.1562     -4.6300
    0.1612     -4.6110
    0.1657     -4.5920
    0.1703     -4.5730
    0.1772     -4.5540
    0.1899     -4.5350
    0.2098     -4.5160
    0.2335     -4.4970
    0.2547     -4.4780
    0.2683     -4.4590
    0.2740     -4.4400
    0.2778     -4.4210
    0.2851     -4.4020
    0.2959     -4.3830
    0.3067     -4.3640
    0.3138     -4.3450
    0.3127     -4.3260
    0.2992     -4.3070
    0.2758     -4.2880
    0.2538     -4.2690
    0.2456     -4.2500
    0.2519     -4.2310
    0.2610     -4.2120
    0.2621     -4.1930
    0.2572     -4.1740
    0.2579     -4.1550
    0.2713     -4.1360
    0.2927     -4.1170
    0.3125     -4.0980
    0.3271     -4.0790
    0.3421     -4.0600
    0.3646     -4.0410
    0.3946     -4.0220
    0.4226     -4.0030
    0.4360     -3.9840
    0.4260     -3.9650
    0.3939     -3.9460
    0.3531     -3.9270
    0.3229     -3.9080
    0.3161     -3.8890
    0.3286     -3.8700
    0.3434     -3.8510
    0.3454     -3.8320
    0.3334     -3.8130
    0.3170     -3.7940
    0.3057     -3.7750
    0.3010     -3.7560
    0.3000     -3.7370
    0.3015     -3.7180
    0.3059     -3.6990
    0.3116     -3.6800
    0.3122     -3.6610
    0.3007     -3.6420
    0.2785     -3.6230
    0.2569     -3.6040
    0.2480     -3.5850
    0.2551     -3.5660
    0.2717     -3.5470
    0.2865     -3.5280
    0.2901     -3.5090
    0.2800     -3.4900
    0.2631     -3.4710
    0.2513     -3.4520
    0.2505     -3.4330
    0.2569     -3.4140
    0.2654     -3.3950
    0.2779     -3.3760
    0.2988     -3.3570
    0.3277     -3.3380
    0.3571     -3.3190
    0.3760     -3.3000
    0.3761     -3.2810
    0.3585     -3.2620
    0.3328     -3.2430
    0.3074     -3.2240
    0.2825     -3.2050
    0.2542     -3.1860
    0.2223     -3.1670
    0.1941     -3.1480
    0.1798     -3.1290
    0.1850     -3.1100
    0.2059     -3.0910
    0.2317     -3.0720
    0.2532     -3.0530
    0.2660     -3.0340
    0.2677     -3.0150
    0.2577     -2.9960
    0.2420     -2.9770
    0.2312     -2.9580
    0.2295     -2.9390
    0.2299     -2.9200
    0.2221     -2.9010
    0.2024     -2.8820
    0.1764     -2.8630
    0.1532     -2.8440
    0.1410     -2.8250
    0.1417     -2.8060
    0.1498     -2.7870
    0.1572     -2.7680
    0.1601     -2.7490
    0.1614     -2.7300
    0.1653     -2.7110
    0.1707     -2.6920
    0.1719     -2.6730
    0.1652     -2.6540
    0.1534     -2.6350
    0.1412     -2.6160
    0.1303     -2.5970
    0.1211     -2.5780
    0.1166     -2.5590
    0.1216     -2.5400
    0.1372     -2.5210
    0.1580     -2.5020
    0.1745     -2.4830
    0.1799     -2.4640
    0.1752     -2.4450
    0.1658     -2.4260
    0.1562     -2.4070
    0.1473     -2.3880
    0.1387     -2.3690
    0.1293     -2.3500
    0.1189     -2.3310
    0.1091     -2.3120
    0.1033     -2.2930
    0.1044     -2.2740
    0.1134     -2.2550
    0.1281     -2.2360
    0.1438     -2.2170
    0.1548     -2.1980
    0.1589     -2.1790
    0.1570     -2.1600
    0.1500     -2.1410
    0.1383     -2.1220
    0.1246     -2.1030
    0.1135     -2.0840
    0.1072     -2.0650
    0.1045     -2.0460
    0.1034     -2.0270
    0.1026     -2.0080
    0.1007     -1.9890
    0.0962     -1.9700
    0.0889     -1.9510
    0.0809     -1.9320
    0.0765     -1.9130
    0.0789     -1.8940
    0.0870     -1.8750
    0.0950     -1.8560
    0.0970     -1.8370
    0.0923     -1.8180
    0.0856     -1.7990
    0.0802     -1.7800
    0.0754     -1.7610
    0.0691     -1.7420
    0.0623     -1.7230
    0.0583     -1.7040
    0.0582     -1.6850
    0.0591     -1.6660
    0.0576     -1.6470
    0.0542     -1.6280
    0.0523     -1.6090
    0.0537     -1.5900
    0.0581     -1.5710
    0.0668     -1.5520
    0.0826     -1.5330
    0.1052     -1.5140
    0.1289     -1.4950
    0.1462     -1.4760
    0.1518     -1.4570
    0.1455     -1.4380
    0.1299     -1.4190
    0.1087     -1.4000
    0.0870     -1.3810
    0.0698     -1.3620
    0.0603     -1.3430
    0.0623     -1.3240
    0.0793     -1.3050
    0.1052     -1.2860
    0.1225     -1.2670
    0.1177     -1.2480
    0.0968     -1.2290
    0.0814     -1.2100
    0.0908     -1.1910
    0.1332     -1.1720
    0.2049     -1.1530
    0.2863     -1.1340
    0.3459     -1.1150
    0.3636     -1.0960
    0.3472     -1.0770
    0.3233     -1.0580
    0.3215     -1.0390
    0.3640     -1.0200
    0.4453     -1.0010
    0.5182     -0.9820
    0.5260     -0.9630
    0.4604     -0.9440
    0.3697     -0.9250
    0.3058     -0.9060
    0.2837     -0.8870
    0.2896     -0.8680
    0.3102     -0.8490
    0.3504     -0.8300
    0.4277     -0.8110
    0.5413     -0.7920
    0.6469     -0.7730
    0.6847     -0.7540
    0.6494     -0.7350
    0.6174     -0.7160
    0.6761     -0.6970
    0.8279     -0.6780
    0.9898     -0.6590
    1.0876     -0.6400
    1.1094     -0.6210
    1.0761     -0.6020
    1.0166     -0.5830
    0.9648     -0.5640
    0.9306     -0.5450
    0.8798     -0.5260
    0.7731     -0.5070
    0.6206     -0.4880
    0.4846     -0.4690
    0.4362     -0.4500
    0.4952     -0.4310
    0.6050     -0.4120
    0.6905     -0.3930
    0.7458     -0.3740
    0.8294     -0.3550
    0.9724     -0.3360
    1.1263     -0.3170
    1.2062     -0.2980
    1.1748     -0.2790
    1.0851     -0.2600
    1.0395     -0.2410
    1.1044     -0.2220
    1.2585     -0.2030
    1.4238     -0.1840
    1.5362     -0.1650
    1.5746     -0.1460
    1.5579     -0.1270
    1.5418     -0.1080
    1.5867     -0.0890
    1.6932     -0.0700
    1.8000     -0.0510
    1.8751     -0.0320
    1.9522     -0.0130
    2.0540      0.0060
    2.1589      0.0250
    2.2383      0.0440
    2.2515      0.0630
    2.1607      0.0820
    2.0169      0.1010
    1.9196      0.1200
    1.8457      0.1390
    1.6702      0.1580
    1.3820      0.1770
    1.1241      0.1960
    1.0223      0.2150
    1.1080      0.2340
    1.3621      0.2530
    1.7000      0.2720
    1.9583      0.2910
    2.0202      0.3100
    1.9368      0.3290
    1.8637      0.3480
    1.8866      0.3670
    1.9271      0.3860
    1.8470      0.4050
    1.6455      0.4240
    1.4790      0.4430
    1.4605      0.4620
    1.5482      0.4810
    1.6640      0.5000
    1.7981      0.5190
    1.9203      0.5380
    1.8982      0.5570
    1.6221      0.5760
    1.1688      0.5950
    0.7527      0.6140
    0.5288      0.6330
    0.4977      0.6520
    0.5800      0.6710
    0.7143      0.6900
    0.8592      0.7090
    0.9555      0.7280
    0.9600      0.7470
    0.9132      0.7660
    0.9095      0.7850
    0.9709      0.8040
    0.9943      0.8230
    0.8692      0.8420
    0.6148      0.8610
    0.3626      0.8800
    0.2361      0.8990
    0.2773      0.9180
    0.4412      0.9370
    0.6168      0.9560
    0.6895      0.9750
    0.6304      0.9940
    0.5166      1.0130
    0.4526      1.0320
    0.4781      1.0510
    0.5435      1.0700
    0.5714      1.0890
    0.5399      1.1080
    0.4958      1.1270
    0.4943      1.1460
    0.5501      1.1650
    0.6396      1.1840
    0.7319      1.2030
    0.8110      1.2220
    0.8566      1.2410
    0.8281      1.2600
    0.7108      1.2790
    0.5557      1.2980
    0.4270      1.3170
    0.3366      1.3360
    0.2614      1.3550
    0.1959      1.3740
    0.1613      1.3930
    0.1762      1.4120
    0.2354      1.4310
    0.3204      1.4500
    0.4219      1.4690
    0.5401      1.4880
    0.6605      1.5070
    0.7495      1.5260
    0.7767      1.5450
    0.7297      1.5640
    0.6158      1.5830
    0.4748      1.6020
    0.3682      1.6210
    0.3310      1.6400
    0.3550      1.6590
    0.4318      1.6780
    0.5664      1.6970
    0.7281      1.7160
    0.8370      1.7350
    0.8361      1.7540
    0.7554      1.7730
    0.6784      1.7920
    0.6635      1.8110
    0.7058      1.8300
    0.7515      1.8490
    0.7418      1.8680
    0.6591      1.8870
    0.5346      1.9060
    0.4148      1.9250
    0.3317      1.9440
    0.3008      1.9630
    0.3317      1.9820
